	0
AAAAAAAA	4.01106612888465
AAAAAAAC	1.13165534797486
AAAAAAAG	2.17980107491929
AAAAAAAT	0.796426589893215
AAAAAACA	0.416019793387531
AAAAAACC	0.879186338328865
AAAAAACG	1.10490275045092
AAAAAAGA	1.08763901693573
AAAAAAGC	0.311013824640325
AAAAAAGG	0.622610883521028
AAAAAAGT	0.978261171933614
AAAAAATC	1.646278626479
AAAAAATG	0.706166925235891
AAAAAATT	0.0214796838813419
AAAAACAA	1.19284971280405
AAAAACAG	2.83750361532771
AAAAACCA	0.0848701041666509
AAAAACCC	0.425578883559925
AAAAACCG	1.42897864152778
AAAAACCT	2.29836188352246
AAAAACGA	1.09225847017432
AAAAACGC	0.155283140815692
AAAAACGG	0.93349615857368
AAAAACGT	0.486907749346593
AAAAACTA	1.46741258769472
AAAAACTC	3.01803008628612
AAAAACTG	0.332793457559576
AAAAACTT	0.551075418527753
AAAAAGAA	1.13586415669726
AAAAAGAC	1.45279721374044
AAAAAGAG	2.31829183070795
AAAAAGAT	1.69432403487257
AAAAAGCC	1.10304830362131
AAAAAGCT	0.292363421961794
AAAAAGGG	0.622610883521028
AAAAAGGT	0.697193449851791
AAAAAGTA	0.79075850529591
AAAAAGTT	1.19909388999797
AAAAATAA	4.29615578667716
AAAAATAG	0.0128454365758327
AAAAATCA	1.23598286056489
AAAAATCC	0.112304728669648
AAAAATCG	0.469565457750052
AAAAATCT	1.89912019187446
AAAAATGA	2.3330417056197
AAAAATGC	0.77552180833453
AAAAATTA	0.192479202064276
AAAAATTT	0.188684608679941
AAAACAAA	0.941375772188578
AAAACAAC	1.3188628266705
AAAACAAG	0.734578764660007
AAAACAAT	2.62338761321938
AAAACACG	0.0583246143117414
AAAACAGA	3.83042896244797
AAAACAGG	0.757061849489593
AAAACAGT	0.473192222506036
AAAACATA	1.03135810301323
AAAACATG	0.542464976701437
AAAACCAA	0.673316554215101
AAAACCAC	0.0190991359614347
AAAACCAT	0.734496635756771
AAAACCCC	1.04524621957799
AAAACCGA	0.475295436593276
AAAACCGC	0.0888372872751801
AAAACCGG	1.11824572154201
AAAACCGT	0.257244388773332
AAAACCTG	0.339636342555357
AAAACCTT	2.34597165164669
AAAACGAA	1.81490830920766
AAAACGAC	1.24589427182943
AAAACGCT	1.08858885555578
AAAACGGA	1.35612792380876
AAAACGGC	0.223544162145133
AAAACGGT	0.14432547874035
AAAACGTT	0.410467165364339
AAAACTAA	2.0660680174977
AAAACTAC	0.198447235699491
AAAACTAG	0.421417685795924
AAAACTAT	0.179714704117722
AAAACTGA	0.412046658909201
AAAACTGG	0.623803538028903
AAAACTTA	1.36765453683696
AAAACTTG	0.627955213601225
AAAACTTT	1.14738838917754
AAAAGAAA	4.73216266040025
AAAAGAAG	1.58444508453331
AAAAGAAT	1.0565050209652
AAAAGACG	1.06648665839338
AAAAGACT	1.81496901317962
AAAAGAGA	2.30357290291914
AAAAGAGG	1.32109697089333
AAAAGATA	0.53691353895221
AAAAGATC	1.85940789147453
AAAAGATG	1.29810325853493
AAAAGATT	0.242430239067736
AAAAGCAA	1.15382301020505
AAAAGCAC	1.03293878683206
AAAAGCAT	0.13907399002903
AAAAGCCA	0.46970471980337
AAAAGCCG	0.475295436593276
AAAAGCCT	0.731873271949029
AAAAGCGT	0.218322430282813
AAAAGCTC	1.62457279054526
AAAAGCTG	0.8367792576836
AAAAGCTT	0.303988827728674
AAAAGGAA	3.17471536982664
AAAAGGAC	0.623796396385143
AAAAGGAT	1.49290349482111
AAAAGGCT	0.148265285547799
AAAAGGGC	0.622610883521028
AAAAGGGG	0.648325562151892
AAAAGGGT	0.863196197950834
AAAAGGTC	1.04215388783003
AAAAGTAA	1.79959900553472
AAAAGTAG	1.42968090316416
AAAAGTAT	0.7994260802723
AAAAGTCA	1.69062466340503
AAAAGTCG	2.3725826065694
AAAAGTCT	0.733296839605138
AAAAGTGA	1.2650874394337
AAAAGTGG	0.179384998230816
AAAAGTGT	0.0457684143081809
AAAAGTTA	1.43660115596733
AAAAGTTC	1.15433125718596
AAAAGTTG	1.90674270631401
AAAAGTTT	0.439588408068594
AAAATAAA	3.17223721944201
AAAATAAC	2.37875536732572
AAAATAAG	1.9520826219966
AAAATAAT	6.37277677310382
AAAATACA	2.26880023945303
AAAATACG	0.390101577909517
AAAATACT	1.54073941499773
AAAATAGA	2.02025199223113
AAAATAGC	0.0408216357306059
AAAATAGG	1.13740318092748
AAAATAGT	0.406657098418526
AAAATATA	0.832632343207117
AAAATATC	0.241720835787602
AAAATATT	0.414089169024485
AAAATCAA	1.02005050039367
AAAATCAG	1.62739135928243
AAAATCAT	1.2888810158932
AAAATCCA	0.0338823385440717
AAAATCCC	0.342025222392987
AAAATCCT	0.238352360480931
AAAATCGA	0.573658486369972
AAAATCGG	0.545498985025366
AAAATCGT	0.820960516755802
AAAATCTA	2.24310698575345
AAAATCTC	1.47661340540517
AAAATCTG	0.918662964484724
AAAATCTT	0.628956234001548
AAAATGAA	1.83811627087886
AAAATGAC	2.66453300346709
AAAATGAG	0.253191505939686
AAAATGAT	2.36568615924542
AAAATGCA	0.0331574617024572
AAAATGCC	1.20596772211671
AAAATGCT	0.548235424859299
AAAATGGA	0.81683978830644
AAAATTAA	3.64329170991597
AAAATTAC	0.0623977318027043
AAAATTAT	2.95365649970989
AAAATTCG	2.52523048083775
AAAATTCT	0.585226758986772
AAAATTGA	0.334978800550054
AAAATTTA	0.1913460612544
AAAATTTT	0.355889533478539
AAACAAAA	1.13073050510797
AAACAAAC	1.03984237579979
AAACAAAG	1.78070935779024
AAACAACA	0.167040666992126
AAACAACC	0.55265015097677
AAACAACG	0.651134608697383
AAACAAGA	0.651076285273347
AAACAAGC	0.134824711991989
AAACAAGG	1.16127650574229
AAACAAGT	0.540348669600638
AAACAATA	2.4288635204919
AAACAATG	1.07398657461505
AAACAATT	1.52935206402285
AAACACAA	0.877791337247799
AAACACAC	2.36395073981181
AAACACAT	0.0690715978961703
AAACACCA	1.12527666982346
AAACACGA	0.402273319424011
AAACACGG	0.12721648083996
AAACACTA	1.61618492994946
AAACACTC	0.770941634136624
AAACACTT	1.27330390057927
AAACAGAA	2.40574125854582
AAACAGAC	0.44039779436136
AAACAGAG	1.8463660596953
AAACAGAT	0.933393795013123
AAACAGCA	1.35790024173513
AAACAGCG	0.606596937663798
AAACAGCT	0.344965199074073
AAACAGGA	0.829998266933738
AAACAGGC	0.487802835364479
AAACAGGT	1.04363220808829
AAACAGTC	1.57757482323645
AAACAGTT	1.18031850855365
AAACATAA	1.18211344168526
AAACATAT	1.2650874394337
AAACATCA	1.57177461822959
AAACATCC	0.0563487595382173
AAACATCG	0.168442809716952
AAACATCT	0.700638102691901
AAACATGA	0.592473146854976
AAACATGC	0.817284950767462
AAACATGG	0.575968808126243
AAACATGT	0.145118201197678
AAACATTA	1.60251582379334
AAACATTC	1.82419958773907
AAACCAAA	2.39413013606646
AAACCAAC	3.12105424889
AAACCAAG	0.106211716268638
AAACCAAT	1.4342182274995
AAACCACC	0.0190991359614347
AAACCACG	0.455615446939383
AAACCACT	0.130853958061581
AAACCAGC	0.158587341328525
AAACCAGG	0.344403389764975
AAACCAGT	1.04274426371416
AAACCATA	0.921203009115269
AAACCATC	0.298205286557253
AAACCATG	0.535856575675771
AAACCCAA	0.966228692472435
AAACCCAG	1.36430867673553
AAACCCCA	0.245877272455765
AAACCCCC	0.949348227172356
AAACCCCT	1.3492041001837
AAACCCGT	0.230891723299935
AAACCCTA	1.26831070131726
AAACCCTT	0.513994813853282
AAACCGAC	0.70508734675421
AAACCGAG	0.245379737940504
AAACCGAT	0.664784670470144
AAACCGGA	0.597455633651348
AAACCGGC	0.255566102489795
AAACCGGG	1.48281949383238
AAACCGGT	0.537089699498283
AAACCTAA	0.182823699701123
AAACCTAC	0.0928985020265464
AAACCTCA	0.676370797196341
AAACCTCT	0.610312972966778
AAACCTGA	0.955249605465811
AAACCTGC	0.559695382545743
AAACCTGT	0.636701346658975
AAACCTTG	0.562744864431148
AAACCTTT	1.362451849358
AAACGAAA	3.2822816178617
AAACGAAC	0.0282951925760422
AAACGAAG	0.106350978321953
AAACGACA	0.250157497615762
AAACGACT	0.532514286396218
AAACGAGC	0.881647824878053
AAACGAGG	0.688799637886192
AAACGAGT	0.570651854347126
AAACGCAA	1.21970586416251
AAACGCAC	0.398410880423962
AAACGCAG	0.338068751750097
AAACGCAT	0.327905002406043
AAACGCCT	0.706395457836202
AAACGCGA	0.345461543315377
AAACGCGC	0.0661685197078415
AAACGCGT	1.97653322968199
AAACGCTA	1.29502521007448
AAACGGAA	1.97308381574604
AAACGGAC	0.578181527417798
AAACGGAT	0.31304443201601
AAACGGCA	0.0389076752030002
AAACGGGC	0.555946019571888
AAACGGGG	1.64711538907284
AAACGTAA	2.40225137529523
AAACGTAG	1.14271537361076
AAACGTAT	0.295036777275853
AAACGTTA	0.598894674868932
AAACGTTG	0.968204547245959
AAACTAAA	2.1376177657785
AAACTAAC	1.86935144013599
AAACTAAG	3.95899759450644
AAACTAAT	1.52755713089123
AAACTACA	0.5239931151169
AAACTACC	0.271922847247495
AAACTACG	0.598060292823002
AAACTAGA	2.9812006294172
AAACTAGG	1.23443074332111
AAACTATA	0.678454966900224
AAACTATC	0.54430514024353
AAACTATG	1.67841364284985
AAACTATT	0.173957348973421
AAACTCAC	1.95241589870539
AAACTCAG	0.96529313713991
AAACTCAT	1.0107877884373
AAACTCCA	0.447600142093049
AAACTCGA	0.555447294782665
AAACTCGC	0.541302079042563
AAACTCTA	1.54034900513887
AAACTCTG	0.0804827543502577
AAACTGAA	1.02594235649544
AAACTGAC	0.976857838934828
AAACTGCC	0.0134703304048064
AAACTGCT	1.50166867226222
AAACTGGA	0.079546008743773
AAACTGGG	0.176728306752196
AAACTGGT	0.504095305328339
AAACTGTA	0.562521092926678
AAACTGTC	0.377069268321972
AAACTTAA	1.29154484901557
AAACTTAC	1.52973533223795
AAACTTAG	0.148683071707743
AAACTTAT	1.02372249556013
AAACTTCC	0.433428740325829
AAACTTGA	0.684452757384435
AAACTTGG	0.505894999555791
AAACTTTA	1.26167849481239
AAACTTTC	0.67036348452045
AAACTTTG	1.14738838917754
AAAGAAAA	1.87608839074933
AAAGAAAC	1.43130205629762
AAAGAAAG	1.70098599822643
AAAGAAAT	2.61272275853818
AAAGAACA	1.71846279078045
AAAGAACC	1.10384340662656
AAAGAACT	1.02967267508594
AAAGAAGA	1.08722361132371
AAAGAAGC	1.45825342957287
AAAGAAGG	1.74323953353087
AAAGAAGT	2.38255948290174
AAAGAATC	0.640212654840839
AAAGAATT	0.489650140550328
AAAGACAA	0.961502114577453
AAAGACAC	0.54875200375792
AAAGACAT	0.529607637386007
AAAGACCT	0.665759504843348
AAAGACGA	1.27002469581959
AAAGACGC	0.530364651624538
AAAGACGG	0.390893110092886
AAAGACGT	0.0968383088339953
AAAGACTA	1.12193795136579
AAAGACTC	1.24420289253234
AAAGACTG	1.14357237086192
AAAGACTT	2.10963799580185
AAAGAGAA	0.319279087018252
AAAGAGAG	1.0812734317979
AAAGAGAT	0.82257095742362
AAAGAGCA	0.809849309339624
AAAGAGCC	0.595932082982604
AAAGAGCG	0.943778935313727
AAAGAGGA	0.137638519633322
AAAGAGGC	0.954335475064568
AAAGAGGG	1.45721193985791
AAAGAGTC	0.107493641323509
AAAGATAC	0.145550270645141
AAAGATAG	1.36318505811733
AAAGATAT	0.843582863638701
AAAGATCA	0.307621543854453
AAAGATCG	1.05145468855311
AAAGATCT	1.49103000360814
AAAGATGA	1.29545846979591
AAAGATGC	0.872104208267134
AAAGATGG	0.659568889977622
AAAGATGT	1.19363053252178
AAAGATTA	1.43784618252945
AAAGATTC	0.296377025754764
AAAGATTG	2.33044928893492
AAAGATTT	0.795301781001056
AAAGCAAA	0.590430636739694
AAAGCAAG	1.1000702381735
AAAGCAAT	0.0167054950279658
AAAGCACA	1.00373660549853
AAAGCAGC	0.0351356970239033
AAAGCATC	0.0998842198975207
AAAGCATG	1.8796116016708
AAAGCCAA	0.127399783029793
AAAGCCAG	0.449461730566419
AAAGCCCG	0.10803878679717
AAAGCCGA	0.0811005065354734
AAAGCCGT	0.286879829828282
AAAGCCTC	0.974820089915386
AAAGCCTG	0.631114200690945
AAAGCCTT	2.56282171304104
AAAGCGAA	0.818729943354847
AAAGCGAC	0.345536530574851
AAAGCGAG	1.17820934309661
AAAGCGAT	2.45547090459273
AAAGCGGA	0.23498626572218
AAAGCGTT	0.620118449848883
AAAGCTCA	0.2097119884565
AAAGCTCG	0.515701666711859
AAAGCTCT	1.61359608408656
AAAGCTGA	0.526024912766545
AAAGCTGG	0.296316321782805
AAAGCTTA	0.0911535604012524
AAAGCTTG	0.53115261298603
AAAGGAAA	1.56246548558879
AAAGGAAC	1.60560101389755
AAAGGAAG	1.44300840069377
AAAGGAAT	1.47782391402245
AAAGGACA	2.43300329332462
AAAGGACC	0.378278586665286
AAAGGACG	0.687852179814067
AAAGGAGC	0.657560897807182
AAAGGATA	1.56733608663292
AAAGGATC	0.447626328120167
AAAGGATG	0.0258932197248557
AAAGGATT	1.03682860213319
AAAGGCAA	0.555912691901007
AAAGGCAG	0.192520861652875
AAAGGCCT	0.201088453616627
AAAGGCGA	0.124247937583832
AAAGGCGG	0.045556545543308
AAAGGCTT	0.862973616720324
AAAGGGAA	2.21730184630163
AAAGGGAC	1.8716010579203
AAAGGGGA	1.03163186602403
AAAGGGGG	1.84588875983736
AAAGGGGT	0.626878015667469
AAAGGGTA	0.764291573522359
AAAGGGTG	0.191791223715422
AAAGGTAA	1.99798910808413
AAAGGTCG	1.38537533555276
AAAGGTCT	2.43067868828083
AAAGGTGA	0.00369461037170028
AAAGGTGG	0.497170291429323
AAAGGTGT	1.19039536789863
AAAGGTTA	0.407985444157837
AAAGGTTG	0.697193449851791
AAAGTAAA	2.24570535380803
AAAGTAAC	0.411103961932918
AAAGTAAG	2.6574437317616
AAAGTAAT	0.83676854521796
AAAGTACT	0.422509167017204
AAAGTAGG	0.794778060458677
AAAGTAGT	1.19474939004414
AAAGTATA	0.688928187473867
AAAGTATC	1.83820673169981
AAAGTATG	1.01848886095821
AAAGTATT	1.26085958632794
AAAGTCAA	1.45274841250808
AAAGTCAC	1.17573119271198
AAAGTCAG	0.881647824878053
AAAGTCCT	0.157120923809863
AAAGTCGA	0.103970430402045
AAAGTCGC	1.00042050224609
AAAGTCGG	1.47986642413773
AAAGTCTA	0.139469160983733
AAAGTCTC	0.552850117002044
AAAGTCTG	2.47683870272183
AAAGTCTT	1.53341803987005
AAAGTGAA	0.299356281476529
AAAGTGAC	0.441058396409137
AAAGTGAG	1.69492155240047
AAAGTGAT	2.16279444057946
AAAGTGGG	1.02944652303355
AAAGTGGT	0.653660370040407
AAAGTGTG	0.979074129048265
AAAGTTAA	1.15314455404788
AAAGTTAG	0.950071913740008
AAAGTTCA	0.514245961658831
AAAGTTCC	0.90088741316676
AAAGTTCT	0.751234268181653
AAAGTTGA	0.829231730503527
AAAGTTTC	0.810337321663207
AAAGTTTG	0.705521796749595
AAATAAAA	3.14552152041083
AAATAAAC	0.0289903125686571
AAATAAAG	1.72099569376723
AAATAAAT	1.56901556319042
AAATAACA	0.00936745606484396
AAATAACC	0.957008830378623
AAATAACT	0.768114733481732
AAATAAGA	0.544303949969568
AAATAAGC	1.36325171345909
AAATAAGG	1.59130701391245
AAATAAGT	0.359953128777822
AAATAATA	3.87049715476192
AAATAATC	2.34250914469718
AAATAATG	3.41741580108328
AAATAATT	9.43753701505776
AAATACAA	0.570341192843577
AAATACAC	0.822019860580161
AAATACAG	1.13526901971728
AAATACAT	1.71596321546455
AAATACCC	0.719991957280764
AAATACCG	0.850855437534025
AAATACCT	0.449461730566419
AAATACGG	0.53847993948351
AAATACGT	1.61880115211344
AAATACTA	0.0245315463146683
AAATACTC	0.0143856510800145
AAATACTT	2.70051617555048
AAATAGAA	1.38278291886798
AAATAGAC	0.58187970861138
AAATAGAG	3.34445319761202
AAATAGCA	1.28060504104963
AAATAGCC	0.465901794501314
AAATAGCG	0.35871048276363
AAATAGCT	0.319155298526415
AAATAGGC	0.799661754516371
AAATAGGT	0.683243439041121
AAATAGTA	0.911942677706818
AAATAGTC	0.415446081338833
AAATAGTT	0.0128454365758327
AAATATAA	1.8376306391032
AAATATAG	0.410346947694387
AAATATAT	0.934569785685558
AAATATCA	1.33237838748578
AAATATCT	1.33690857017737
AAATATGA	1.38987338084743
AAATATGT	0.367087630893792
AAATATTA	2.16374904029535
AAATCAAC	0.592838560960682
AAATCAAG	1.43717010692019
AAATCAAT	2.38199053194888
AAATCACC	0.652587933202489
AAATCAGA	1.59775591822748
AAATCAGG	1.36863175175808
AAATCAGT	1.45551937028685
AAATCATA	0.851863599578108
AAATCATC	0.877300944376297
AAATCATG	2.34875332189111
AAATCATT	5.26844297360577
AAATCCAA	0.895707340893038
AAATCCCA	0.267725941264692
AAATCCCG	2.09727223963188
AAATCCGA	0.880129035305151
AAATCCGC	1.19399475635353
AAATCCGT	0.436309203308919
AAATCCTA	0.209542969554188
AAATCCTC	1.10286024033563
AAATCCTG	0.841597486673497
AAATCCTT	0.875122743029579
AAATCGAA	0.414660500525263
AAATCGAT	2.97749887740174
AAATCGGT	1.047950522015
AAATCGTC	0.820960516755802
AAATCGTG	0.5455751625588
AAATCTAA	0.340073173098659
AAATCTAG	1.18006617047414
AAATCTCT	0.380978128006465
AAATCTGA	0.401948374632947
AAATCTGC	1.09884068517287
AAATCTTA	0.331017568811326
AAATCTTG	0.266107168679154
AAATGAAA	3.32460180850789
AAATGAAC	0.787009142322054
AAATGAAG	0.745912553306697
AAATGAAT	0.828233090651124
AAATGACA	0.649872918299832
AAATGACG	1.09858001517564
AAATGACT	2.01050126795118
AAATGAGA	3.09865210268969
AAATGATA	2.09533447362507
AAATGATC	2.03427580002731
AAATGATG	1.42069909586234
AAATGATT	4.28104168793366
AAATGCAA	0.674761546802486
AAATGCAG	0.0675456666795098
AAATGCCG	0.666591506341356
AAATGCCT	1.20801856414971
AAATGCGA	0.648158923797497
AAATGCGT	0.148605703900347
AAATGCTA	1.7864976600575
AAATGCTT	0.403829007489674
AAATGGAA	1.41448467551742
AAATGGAG	0.410849243305486
AAATGGAT	0.649401569811689
AAATGGTA	0.311011444092406
AAATGTAA	2.44088528748744
AAATGTAC	0.387629378894692
AAATGTAT	0.498919994150456
AAATGTCT	1.66798684296065
AAATGTGA	0.0300377536534169
AAATGTGC	0.121216309807827
AAATGTTA	0.311455416279471
AAATGTTC	1.09813247216669
AAATTAAC	0.970827911053698
AAATTAAG	1.36630833698825
AAATTAAT	3.17471536982664
AAATTACC	0.0121931664457762
AAATTACG	1.83931487675653
AAATTACT	0.207208842318715
AAATTAGA	0.169569999157028
AAATTAGC	1.14332717442618
AAATTAGG	1.54706572109489
AAATTAGT	2.05505322227228
AAATTATA	1.97302668259596
AAATTATC	2.127586136844
AAATTATG	1.71713087421926
AAATTATT	7.82749389874167
AAATTCAG	1.067092507839
AAATTCAT	0.560048893911848
AAATTCCC	1.52833080896521
AAATTCGA	0.584857774059183
AAATTCGC	0.606061314381818
AAATTCGG	2.4855991190671
AAATTCGT	0.601685867305026
AAATTCTA	0.149141327182325
AAATTCTC	0.651764263622201
AAATTCTG	0.571940921045758
AAATTCTT	2.44896486712761
AAATTGAA	0.183830671471246
AAATTGAG	0.263244559805465
AAATTGCG	0.0273048846413594
AAATTGCT	0.175357111150328
AAATTGGA	1.02778371031149
AAATTGGC	1.18793864244528
AAATTGGT	1.90156739513612
AAATTGTC	0.546572612137243
AAATTTAA	2.60247926083881
AAATTTAG	0.868753587069864
AAATTTAT	1.53995978555396
AAATTTCT	1.72160273348681
AAATTTGC	0.657931073008724
AACAAAAA	1.52473261078426
AACAAAAC	1.10671910851381
AACAAAAG	3.03631150403706
AACAAAAT	0.628809830304475
AACAAACA	1.27573324973154
AACAAACC	0.883143999245714
AACAAACG	1.09161572223594
AACAAACT	0.237451323093247
AACAAAGA	3.13491855997555
AACAAAGC	0.392599962951463
AACAAATC	2.91535110313063
AACAAATT	2.48116534856627
AACAACAA	2.97041912788793
AACAACAC	1.48922554828485
AACAACCA	0.994192988887609
AACAACCC	0.219507943146928
AACAACCG	0.413602346974863
AACAACCT	0.432631256772659
AACAACTA	0.584372142283525
AACAACTC	1.8128086659423
AACAAGAA	0.692146688261583
AACAAGAC	1.48545952147556
AACAAGAG	0.327668137888012
AACAAGCA	1.03632511624813
AACAAGGA	0.558042092015364
AACAAGGG	1.09720643902585
AACAAGTA	1.13437869479524
AACAAGTT	1.36265419593119
AACAATAA	3.42269823691756
AACAATAC	0.0508842117880648
AACAATAG	0.308645179460017
AACAATCA	0.871156750195013
AACAATCG	0.217297604403292
AACAATCT	0.247115157374119
AACAATGA	1.89987363529111
AACAATGG	1.71167108756495
AACAATGT	0.0152997814812576
AACAATTA	2.27836528099522
AACAATTC	0.338887660234546
AACAATTG	0.492587736683495
AACACAAA	1.05702636095966
AACACAAC	0.719725335913734
AACACAAG	0.692146688261583
AACACAAT	1.26168563645615
AACACACA	0.344297455382541
AACACACC	0.988082122377201
AACACACG	0.401621049293957
AACACACT	3.037948130732
AACACATA	0.570653044621085
AACACATC	0.292945465928212
AACACATT	0.386752146986206
AACACCAC	0.0281975901113287
AACACCAG	0.00672266732582544
AACACCCA	0.787789962039783
AACACCGG	0.329910614028567
AACACCTC	1.05121187266528
AACACCTT	1.39090415809675
AACACGAA	1.38777135703415
AACACGAC	0.592894503836799
AACACGAT	2.03891548792322
AACACGCA	0.171042368045493
AACACGCC	0.560100075692126
AACACGTT	0.0158377853111574
AACACTAA	2.5916632413647
AACACTAG	0.423218570297335
AACACTAT	0.418442000896037
AACACTCC	0.500455447558796
AACACTCG	1.10735471480843
AACACTCT	0.000249957531592697
AACACTGA	0.225642615136535
AACACTGT	0.0160829817469088
AACACTTA	0.699051467503282
AACACTTC	1.17636322818472
AACAGAAA	2.72983619400604
AACAGAAC	1.27993253626226
AACAGAAG	3.08976551730467
AACAGAAT	2.61242519004819
AACAGACA	2.2600981465318
AACAGACC	1.43849131101574
AACAGAGA	1.39771966679145
AACAGAGG	0.0616157218110155
AACAGATA	0.881306216251545
AACAGATT	1.52271747697006
AACAGCAA	1.41217197321323
AACAGCAC	0.946684394049978
AACAGCAT	0.514607804942659
AACAGCCA	0.0713235962284077
AACAGCCC	0.735110817120108
AACAGCGA	0.498966414834893
AACAGCGG	0.0862734371654371
AACAGCTA	0.552846546180165
AACAGCTC	0.440568003537637
AACAGCTT	0.384347793587095
AACAGGAA	0.29433570591344
AACAGGAC	0.4609800116769
AACAGGAG	1.15911496823101
AACAGGAT	0.0309399813150634
AACAGGCA	0.924871433459848
AACAGGGC	0.566227606037972
AACAGGGG	2.32727720883164
AACAGGTC	0.222776435440963
AACAGGTT	0.804571634601183
AACAGTAA	1.24796891934163
AACAGTAG	1.02184305297736
AACAGTCA	0.136061406636385
AACAGTCT	0.568855730941556
AACAGTGA	0.916710915190399
AACAGTGC	0.194318175332405
AACAGTGT	0.471255646773188
AACAGTTA	0.773144831236502
AACAGTTC	0.949307757857717
AACAGTTG	0.898430687713413
AACATAAA	0.621715797503142
AACATAAG	0.872931448669304
AACATAAT	0.640444758263032
AACATACA	1.62217676906387
AACATACC	0.0532219098454137
AACATACG	0.228149332096201
AACATAGA	1.09300596222117
AACATAGC	1.32999307847003
AACATAGT	0.975331907718168
AACATATA	0.902363352877104
AACATATC	0.697869525461043
AACATATT	1.75360562944811
AACATCAC	0.32562800832065
AACATCAG	0.485297308678776
AACATCAT	1.37414033964475
AACATCCC	1.12558495077909
AACATCTA	0.520619878714391
AACATCTC	0.378357144746645
AACATCTG	0.314403724878278
AACATCTT	1.08760092816902
AACATGAA	0.563480453738399
AACATGAC	1.04354412781525
AACATGAT	1.3276518095908
AACATGCA	0.300594166394883
AACATGCG	1.25147784697558
AACATGGA	2.09941949385563
AACATGTG	0.11695512903119
AACATGTT	0.145243179963474
AACATTAA	1.21119183452695
AACATTAT	1.88751740131282
AACATTCA	2.56570693711997
AACATTCC	2.13308758308691
AACATTCG	0.08723517852508
AACATTGC	0.652596265120209
AACATTGG	1.66171290891773
AACATTTA	1.65533304049237
AACATTTC	0.0325087623942823
AACCAAAA	0.976857838934828
AACCAAAC	1.24444213759829
AACCAAAG	0.980202508762303
AACCAAAT	1.1326408948137
AACCAACA	0.814965106819508
AACCAACC	0.296806714654308
AACCAACG	0.228274310861994
AACCAACT	0.0872232757854807
AACCAAGA	0.748441885471602
AACCAAGG	1.23578289453962
AACCAAGT	1.03045111425575
AACCAATA	0.576971018800528
AACCAATC	1.86666142098649
AACCAATT	1.51036838463553
AACCACAA	1.10538362113074
AACCACAC	1.15537274690092
AACCACCA	1.59114870747577
AACCACCC	1.10177113966228
AACCACCG	0.478542503956032
AACCACGT	0.238623742943801
AACCACTC	0.482030006658698
AACCACTG	0.492835313667168
AACCACTT	0.430662543642893
AACCAGAA	3.01333921660994
AACCAGAT	0.98102617834259
AACCAGCC	1.81547249906468
AACCAGGA	0.607038529302941
AACCAGGG	0.253128421419808
AACCAGTA	0.31198746873957
AACCAGTC	1.28781214987716
AACCATAC	0.724917310927057
AACCATAG	0.255230445233088
AACCATAT	0.331628179352781
AACCATCA	2.03542441439867
AACCATCG	0.585230329808651
AACCATCT	0.319279087018252
AACCATTA	1.96444242679677
AACCCAAA	0.885023441828485
AACCCAAG	0.0790389520368324
AACCCAAT	0.612195986371424
AACCCACA	0.652426055943935
AACCCACC	0.455682102281142
AACCCAGA	1.36322076633613
AACCCAGC	0.961824678820601
AACCCATA	0.219507943146928
AACCCATG	0.285421744227338
AACCCCAA	0.436291349199519
AACCCCAC	0.282048507824829
AACCCCAG	0.268909073580888
AACCCCCA	1.31718811120884
AACCCCCC	0.206493487668781
AACCCCCG	0.0588757111552001
AACCCCCT	0.584519736254557
AACCCCGG	0.363228762715618
AACCCCTA	1.08328023369438
AACCCCTG	0.860896588660202
AACCCCTT	0.912909180162302
AACCCGAA	1.10516937181795
AACCCGAT	0.784611930566704
AACCCGCA	0.468479927898573
AACCCGCT	0.610005882285108
AACCCGTA	0.591137659471906
AACCCTAA	0.626955383474863
AACCCTAC	0.427776129290002
AACCCTAT	1.36233996360576
AACCCTCA	0.35186878804181
AACCCTCC	1.86315963499631
AACCCTGA	0.612022206373271
AACCCTGC	0.644157222744129
AACCCTGT	0.185035228718718
AACCCTTA	1.79427133928997
AACCGAAC	0.354046989388529
AACCGAAG	0.920176992961785
AACCGACA	3.6317996148326
AACCGACG	1.84514840943427
AACCGACT	0.0929770601079026
AACCGATA	0.264528865408255
AACCGATG	0.290681564856378
AACCGATT	0.390208702565913
AACCGCAC	1.17997570965318
AACCGCCC	0.289988825411685
AACCGCGA	0.972415736516277
AACCGCGC	1.95748527550084
AACCGCTC	0.0439639589848878
AACCGCTG	0.733746763162001
AACCGCTT	0.42704411080463
AACCGGAA	0.622412107769719
AACCGGAC	0.242505226327213
AACCGGAT	0.717763764427728
AACCGGCA	1.56282018722885
AACCGGGA	0.679138184153237
AACCGGGG	0.435616463864223
AACCGGTC	0.934979239927782
AACCGGTT	0.375765918335822
AACCGTAA	1.05166179622214
AACCGTAC	0.354139830757404
AACCGTCA	0.355925241697337
AACCGTCC	1.08629876845682
AACCGTGA	2.07766128586766
AACCGTTG	0.647782797226151
AACCTAAA	2.11767234503154
AACCTAAC	1.08256606931841
AACCTAAT	0.691327779777134
AACCTACA	0.584147180505093
AACCTACG	1.02685648689669
AACCTACT	0.649796740766395
AACCTAGA	1.33127262297698
AACCTAGC	0.549240016081501
AACCTATT	0.308645179460017
AACCTCAA	0.473610008665978
AACCTCAC	1.54116434280144
AACCTCTA	2.1222894177222
AACCTCTG	0.610312972966778
AACCTGAA	0.402557794900442
AACCTGAC	0.558046853111206
AACCTGAT	2.63535700816068
AACCTGCA	0.703794709233699
AACCTGCC	0.852631326282276
AACCTGGA	0.524584681274998
AACCTGTA	1.44865625063376
AACCTTAG	0.432631256772659
AACCTTCC	0.19583815517927
AACCTTGA	0.0408216357306059
AACCTTGT	1.21557204269959
AACCTTTA	0.878986372303594
AACCTTTC	1.51344405254805
AACGAAAA	2.65949219324668
AACGAAAC	1.63651004808965
AACGAAAG	0.917932136273311
AACGAAAT	0.436309203308919
AACGAACA	0.445738553619679
AACGAACT	1.2609559985187
AACGAAGA	0.0686466700924676
AACGAAGC	1.02003383655823
AACGAAGG	0.123724217041453
AACGAATA	1.14621715960095
AACGAATT	0.107198453381441
AACGACAA	0.46803714598547
AACGACAT	0.587250224718695
AACGACCA	0.665832111554904
AACGACCT	1.98483181973079
AACGACGA	0.104682214230098
AACGACGG	0.663875301164739
AACGACTA	0.0171875559817455
AACGACTC	0.532514286396218
AACGACTT	0.817382553232178
AACGAGAA	0.770384585923367
AACGAGAC	0.332793457559576
AACGAGAT	1.14367949551832
AACGAGCA	0.895785898974395
AACGAGCC	0.363677495998519
AACGAGCT	0.0779034306790365
AACGAGGA	0.520998385833654
AACGAGGG	0.369178942241432
AACGAGTA	0.609530962975086
AACGAGTC	0.639905564159172
AACGATAA	2.11467880602225
AACGATAG	0.330008216493283
AACGATCC	0.961429507865895
AACGATGA	2.3325751182274
AACGATGG	0.377754866122907
AACGATTA	1.88294674930659
AACGATTG	0.725775498452183
AACGCAAC	1.80878553995765
AACGCAAT	1.12483150736244
AACGCACA	0.598494742818388
AACGCACG	0.425583644655767
AACGCAGA	1.1569367668843
AACGCAGC	0.543919491480504
AACGCAGG	0.0588281001968031
AACGCATA	0.290207835820319
AACGCATC	0.258783413003554
AACGCCAA	0.562160439916808
AACGCCAC	0.074496866605646
AACGCCTT	0.5487317691006
AACGCGAA	1.52977580155259
AACGCGAT	0.657812045612731
AACGCGCC	1.20246712640048
AACGCGTC	0.375058895603607
AACGCGTG	0.792705793494397
AACGCTAA	1.07439126776144
AACGCTAC	0.820358238132065
AACGCTAG	0.106129587365402
AACGCTAT	2.82110640125537
AACGCTCG	0.80890899291126
AACGCTCT	0.906006781468523
AACGCTGA	0.360883923014509
AACGCTGC	1.48931600910581
AACGCTGG	0.169292665324358
AACGCTTA	0.658165556978838
AACGGAAA	1.69680694635303
AACGGAAG	1.44686845914591
AACGGACC	0.260156989153343
AACGGACT	0.662496963919111
AACGGATA	0.280553523731125
AACGGATT	0.813537968341523
AACGGCAA	0.898430687713413
AACGGCAC	0.569669878330163
AACGGCAG	1.41164825267084
AACGGCAT	0.0389076752030002
AACGGCCG	0.544522960378199
AACGGCCT	1.3717907388478
AACGGCTC	1.68233321499999
AACGGGAA	1.8018557649628
AACGGGAT	0.22630916855411
AACGGGCA	0.423880362619072
AACGGGCG	0.202972657295236
AACGGGCT	0.593509875474096
AACGGGGA	0.264366988149702
AACGGGGC	1.84269882562468
AACGGGGG	1.68533508592699
AACGGGGT	0.710653067790957
AACGGGTC	0.0131441953397794
AACGGGTG	0.33561440684467
AACGGTAA	0.208318177649393
AACGGTGC	0.0345036615511663
AACGGTGG	0.410889712620126
AACGGTTG	0.407126066358749
AACGTAAA	0.83595320755539
AACGTAAT	1.64063553763485
AACGTACA	0.214448088543161
AACGTAGT	0.337297454224048
AACGTATA	0.135613863627441
AACGTATC	0.618312804251633
AACGTCAA	0.333884938780857
AACGTCGA	0.178910078920792
AACGTCTC	1.01894116506299
AACGTCTG	0.0408263968264472
AACGTCTT	0.190656892631586
AACGTGAA	0.420307160191286
AACGTGAC	0.415986465716652
AACGTGAT	1.01886022643371
AACGTGCG	0.374807747798058
AACGTGCT	0.780397170474504
AACGTGGA	0.151227877434126
AACGTGTA	0.0697857622721452
AACGTTAA	0.280319039761013
AACGTTAC	0.752548330633444
AACGTTAG	0.0251588206915639
AACGTTCA	0.0164281611952956
AACGTTGA	0.387550820813333
AACGTTTA	0.107093709272965
AACTAAAA	2.93794845426037
AACTAAAG	0.274334342290361
AACTAAAT	0.251053773907605
AACTAACA	1.00325335427079
AACTAACG	0.653493731686014
AACTAACT	0.443119950907778
AACTAAGA	0.432447954582826
AACTAAGG	0.586619379519918
AACTAAGT	0.0752288850910157
AACTAATA	0.719165907152555
AACTAATG	0.587726334302677
AACTAATT	0.477875950538456
AACTACAA	1.37917757904328
AACTACAT	2.24643975284132
AACTACCA	0.337804510930986
AACTACCC	0.845120697594963
AACTACCG	0.751918675708629
AACTACCT	0.538270451266559
AACTACGC	0.180376496439456
AACTACGG	0.119498744483614
AACTACTA	1.20836612414602
AACTACTG	0.186493314319662
AACTACTT	1.59399108169215
AACTAGAA	0.481606269128954
AACTAGAC	1.46032569653715
AACTAGAT	1.31092488963156
AACTAGCA	1.4417562324879
AACTAGGA	1.07487213844126
AACTAGGG	0.992938440133817
AACTAGTA	0.0620573134501588
AACTAGTT	0.750108269015537
AACTATAT	0.610622444196367
AACTATCA	1.19311514389712
AACTATCC	0.216041865375539
AACTATCG	0.972415736516277
AACTATGA	1.03716068856802
AACTATTA	1.25041850315122
AACTATTC	1.36721532574574
AACTATTG	0.528241202879981
AACTCAAA	0.423644688375
AACTCAAC	0.58079655930782
AACTCAAG	0.331260384699155
AACTCAAT	0.350952277092647
AACTCACA	0.231647547264506
AACTCACC	1.02988216330289
AACTCACG	0.507263814609739
AACTCAGA	0.116479019447209
AACTCAGG	1.26338296712305
AACTCATA	0.67622796432115
AACTCATC	0.500559001393314
AACTCATG	0.00962693578811391
AACTCATT	0.539108404134365
AACTCCAA	3.2650095524288
AACTCCAG	0.426323995058859
AACTCCAT	0.878096047381547
AACTCCCA	0.114028245363663
AACTCCCC	0.17923145288998
AACTCCGC	0.993745445878667
AACTCCGG	0.325858921468881
AACTCCTC	0.588790439222877
AACTCCTG	0.511970157847398
AACTCCTT	0.480144612706129
AACTCGAA	0.673620074074889
AACTCGAG	0.244991708629559
AACTCGAT	0.428649790376612
AACTCGCA	1.11899916495866
AACTCGCG	0.038250643977105
AACTCGTC	0.375105316288047
AACTCGTG	0.539870179468737
AACTCTAA	3.03790290032152
AACTCTAG	1.59904260437819
AACTCTAT	1.19102740337136
AACTCTCA	0.0142606723142182
AACTCTCT	0.532753531462168
AACTCTGA	0.673878363524199
AACTCTTA	0.716200934718307
AACTCTTG	0.920912582269037
AACTGAAA	0.0792829581986241
AACTGAAC	0.347069603435275
AACTGAAG	0.623015576667414
AACTGAAT	0.840531001205377
AACTGACA	1.86893246370208
AACTGACG	1.26052154852332
AACTGAGA	2.0741023667274
AACTGAGG	0.471843642109407
AACTGATT	2.16994560653087
AACTGCAT	0.0804994181856983
AACTGCCG	0.835993676870029
AACTGCCT	0.249111246804959
AACTGCGC	1.77809670644814
AACTGCTA	0.33140083702643
AACTGCTC	0.614088521967753
AACTGCTG	0.545100243248781
AACTGCTT	1.53827911872251
AACTGGAA	0.661363823109235
AACTGGAC	0.3479396937
AACTGGCT	0.590878179748636
AACTGGGC	0.422285395512732
AACTGGGG	0.888958487540095
AACTGGTC	0.504095305328339
AACTGGTG	0.541603218354432
AACTGTAA	0.523153971975135
AACTGTAG	0.233381776424161
AACTGTAT	0.467580080784848
AACTGTCA	0.0845820578683411
AACTGTCT	0.0260515261615305
AACTGTGA	0.551139693321588
AACTGTTA	1.0539399805815
AACTTAAA	1.19496244908297
AACTTAAC	1.19687164851474
AACTTAAG	0.43499990195297
AACTTAAT	1.63654575630845
AACTTACC	2.0909733098358
AACTTACG	1.43681540528013
AACTTACT	1.45406128468591
AACTTAGA	1.50530376893592
AACTTAGC	0.769440698673121
AACTTAGT	1.78828188072347
AACTTATA	1.69683908374995
AACTTATC	1.36221022374413
AACTTATG	1.36458005919839
AACTTATT	1.97788300035258
AACTTCAG	1.83031759589323
AACTTCCA	1.15588932579954
AACTTCCC	0.76635431829496
AACTTCTA	1.65843727497993
AACTTCTC	0.00733684868915945
AACTTCTG	0.126599918928704
AACTTCTT	2.20658223901828
AACTTGAA	2.23995514030749
AACTTGAC	1.60371919076686
AACTTGAT	0.818553782808774
AACTTGGC	0.125019235109883
AACTTGGG	0.414232001899678
AACTTGTA	0.548411585405372
AACTTGTC	0.874791846868714
AACTTGTG	1.42888341961099
AACTTTAG	1.02455925815397
AACTTTCA	1.08861028048706
AACTTTGC	0.590017611675588
AACTTTGG	1.4407992522241
AACTTTGT	0.838433738487936
AACTTTTA	0.462799940561671
AACTTTTC	1.35219406837111
AACTTTTG	1.42902387193826
AAGAAAAA	0.440646561618993
AAGAAAAG	1.66700367666973
AAGAAAAT	1.948949820934
AAGAAACA	0.383939529618833
AAGAAACC	0.881671630357249
AAGAAACT	0.883930770333245
AAGAAAGA	1.4258720264923
AAGAAAGC	1.46117198132268
AAGAAAGG	1.62779129133298
AAGAAAGT	1.95461552498338
AAGAAATA	2.75491526634229
AAGAAATC	0.848942667280376
AAGAAATG	1.24282693583463
AAGAAATT	0.983768569546325
AAGAACAC	1.02937748714387
AAGAACAG	0.409717292769572
AAGAACAT	0.061269352088669
AAGAACCA	0.836834010285757
AAGAACCC	0.492581785313697
AAGAACCG	0.59947671883535
AAGAACCT	0.445335050747253
AAGAACGG	0.461769163312349
AAGAACTA	0.505096325728661
AAGAACTC	0.415555586543149
AAGAACTG	0.913495985224562
AAGAACTT	2.62655374195286
AAGAAGAA	0.912212869895728
AAGAAGAC	1.27035083088462
AAGAAGAT	1.11995138412663
AAGAAGCG	1.27439538180055
AAGAAGCT	1.28070383378831
AAGAAGGG	1.48612607489313
AAGAAGGT	0.787392410537158
AAGAAGTA	0.789359933392965
AAGAAGTC	0.846113386077565
AAGAAGTG	1.61569810789984
AAGAATAA	2.44313490527175
AAGAATAG	1.44876813638599
AAGAATCA	0.947060520621324
AAGAATCG	1.40253670550739
AAGAATGA	0.859417078127979
AAGAATGC	0.827391566961436
AAGAATGT	1.21973324046359
AAGAATTA	0.400656927386395
AAGAATTG	0.111131118545132
AAGACAAA	1.49726941970623
AAGACAAG	0.569627028467605
AAGACACA	0.319548088933202
AAGACACC	0.528761352600481
AAGACACG	0.85748526349097
AAGACAGA	0.233200854782247
AAGACAGC	0.872494618126002
AAGACAGG	0.90038749810358
AAGACAGT	0.641819524686778
AAGACATG	0.768031414304534
AAGACCAA	0.462976101107743
AAGACCAG	0.565965745766783
AAGACCCC	2.141288570671
AAGACCCT	1.13630693861036
AAGACCGT	0.832327633073369
AAGACCTT	0.340877798295589
AAGACGAC	1.02220608653514
AAGACGAT	0.0471419904579675
AAGACGCA	0.915828922186072
AAGACGGC	0.578727863165418
AAGACGGG	0.623015576667414
AAGACGGT	0.0242601638517964
AAGACGTG	1.41484532852728
AAGACTAA	0.176643797301038
AAGACTAC	0.890327302594043
AAGACTAG	0.942383934232661
AAGACTAT	0.873227826885334
AAGACTCA	0.608251418468137
AAGACTCC	0.454139507229039
AAGACTCT	0.248163788732838
AAGACTGG	1.01503111510454
AAGACTGT	1.37827654165559
AAGACTTC	0.711552914904685
AAGACTTG	1.07943564880373
AAGAGAAA	0.808062708125731
AAGAGAAG	1.62342655672183
AAGAGAAT	0.989141466201562
AAGAGACG	0.582166564635728
AAGAGAGA	1.4376664511615
AAGAGAGT	0.305550467164135
AAGAGATG	2.00100883312054
AAGAGCAA	1.16334996298053
AAGAGCAG	1.03851879115632
AAGAGCAT	0.899899485779999
AAGAGCCA	0.461614427697556
AAGAGCCC	1.06079833913875
AAGAGCCG	1.14903096724228
AAGAGCCT	0.967523710540865
AAGAGCGA	1.18691619711368
AAGAGCGG	0.654406671813298
AAGAGCGT	2.02003774291833
AAGAGCTG	0.566789415347073
AAGAGCTT	1.07801684224346
AAGAGGAA	0.628445606472728
AAGAGGCC	0.131199137509968
AAGAGGGA	1.13309915028828
AAGAGGGC	0.530023042998033
AAGAGGGG	0.712462284210089
AAGAGGTG	0.183116507095274
AAGAGTAA	1.09813247216669
AAGAGTCA	0.209982180645412
AAGAGTGG	0.747239708772047
AAGAGTGT	1.0642596558143
AAGAGTTC	0.869282068708081
AAGATAAA	2.5743495163432
AAGATAAG	1.55335631897325
AAGATAAT	1.36009986801313
AAGATACA	0.619911342179852
AAGATACC	0.831512295410802
AAGATAGA	0.959834540759558
AAGATAGC	1.83127338588308
AAGATAGG	2.85665036224754
AAGATATA	0.878998275043193
AAGATATC	0.924194167576634
AAGATATG	0.360962481095865
AAGATATT	0.58001812013801
AAGATCAA	2.37879107554452
AAGATCCC	0.257996641916024
AAGATCCT	0.154130955622455
AAGATCGG	1.05145468855311
AAGATCTC	0.624831934730303
AAGATCTG	1.74163623450681
AAGATCTT	3.67879639186746
AAGATGAA	0.0687240378998642
AAGATGAG	1.29545846979591
AAGATGAT	0.0998306575693227
AAGATGCA	1.30074804727394
AAGATGCC	0.373113987953042
AAGATGCT	0.406674952527926
AAGATGGG	2.3946550468828
AAGATGGT	1.39600091119328
AAGATGTC	1.72096712719219
AAGATGTG	0.20083016416732
AAGATTAA	1.10128193706473
AAGATTAC	0.0575187988408514
AAGATTAG	0.403361229823413
AAGATTCA	0.162979452240759
AAGATTGA	0.399146469731213
AAGATTGC	0.426039519582429
AAGATTGG	1.59025838255373
AAGATTTG	0.402091207508141
AAGCAAAA	0.569669878330163
AAGCAAAC	0.438596909859952
AAGCAAAT	0.0588935652646004
AAGCAAGA	0.882429834869742
AAGCAAGT	1.83009620493668
AAGCAATG	0.772267599328013
AAGCAATT	0.599537422807309
AAGCACAA	0.151762310442145
AAGCACAC	0.0752895890629744
AAGCACGA	1.15395632088857
AAGCACGT	0.0362486031764603
AAGCACTG	0.277921828005665
AAGCACTT	0.509365838423019
AAGCAGGT	1.26971522459001
AAGCATAC	0.257156308500296
AAGCATCA	0.585930210897104
AAGCATGG	0.276844630071906
AAGCATGT	0.654069824282631
AAGCATTA	0.619575684923142
AAGCATTG	1.06519283059891
AAGCCAAA	1.36403253317682
AAGCCAAG	0.101187569883671
AAGCCAAT	0.757687933592529
AAGCCAGG	1.43352072695897
AAGCCAGT	1.77461158429339
AAGCCATC	0.215142018261814
AAGCCCGT	1.21647665090915
AAGCCCTA	0.158582580232686
AAGCCCTT	0.23360435765467
AAGCCGAA	0.127464057823631
AAGCCGAT	1.16954890976398
AAGCCGGT	0.274334342290361
AAGCCGTA	0.181782209986164
AAGCCTAA	0.487950429335512
AAGCCTAC	1.06004370544814
AAGCCTCC	0.659159435735397
AAGCCTGG	1.59015839954109
AAGCCTGT	0.828756811193505
AAGCCTTC	0.307347780843665
AAGCCTTG	1.23797537917385
AAGCGAAA	1.50348503032511
AAGCGAAC	0.679616674285138
AAGCGAAG	1.06032699065061
AAGCGAAT	0.392599962951463
AAGCGACC	0.549968463744994
AAGCGACT	0.231255947131682
AAGCGAGA	0.933298573096326
AAGCGAGC	0.52688310029167
AAGCGAGG	1.43592984145392
AAGCGAGT	1.93993944705714
AAGCGATG	2.97986038093829
AAGCGATT	0.505314145863332
AAGCGCAT	0.614751504563447
AAGCGCGG	0.269482785629586
AAGCGCGT	0.550073207853468
AAGCGCTT	3.95358779935844
AAGCGGAC	0.81097530850574
AAGCGGAT	1.14913571135075
AAGCGGGA	1.10187350322283
AAGCGGGG	0.752219815020498
AAGCGGGT	1.67646635465137
AAGCGTAA	0.171691067353668
AAGCGTGT	1.68947961985555
AAGCGTTA	0.0688061668031021
AAGCGTTC	0.660823438731416
AAGCTAAA	0.74900607532862
AAGCTAAC	0.0264193208151562
AAGCTAAG	0.245811807387965
AAGCTACC	0.398465633026119
AAGCTACG	1.64231382391839
AAGCTAGA	1.16347970284217
AAGCTAGG	0.16580040152585
AAGCTATC	1.43459435407085
AAGCTATG	0.906839973240493
AAGCTATT	0.187077738834002
AAGCTCAC	0.225536680754098
AAGCTCGC	0.0095531388025963
AAGCTCTC	0.521463782951998
AAGCTCTG	0.830037545974417
AAGCTGAT	0.225484308699862
AAGCTGGT	1.15636781593144
AAGCTGTA	0.323991381625712
AAGCTTAT	1.02944652303355
AAGCTTCG	0.591234071662665
AAGCTTGG	0.635901482557886
AAGCTTTA	0.393330791162873
AAGCTTTG	0.147263074873517
AAGGAAAA	2.28207655520236
AAGGAAAG	2.14105170615297
AAGGAACA	0.652947395938397
AAGGAACC	0.484649799644558
AAGGAAGA	0.762829917099533
AAGGAAGC	0.212523415549913
AAGGAAGG	1.7771468678281
AAGGAAGT	0.0583424684211417
AAGGAATC	1.5794935448599
AAGGAATG	0.125556048665821
AAGGACAA	0.246684278200615
AAGGACAC	0.116336186572015
AAGGACAG	1.4142978025057
AAGGACAT	0.680049934006563
AAGGACGA	0.606679066567036
AAGGACGC	0.15928246132114
AAGGACGT	0.504807089156392
AAGGAGAA	2.61723389684641
AAGGAGGT	0.116249296572938
AAGGATAG	0.996391424891645
AAGGATAT	0.375414787517634
AAGGATCA	0.120002230368675
AAGGATGA	0.246283155876108
AAGGATGT	0.783011012090566
AAGGATTA	0.690544579511486
AAGGATTC	1.48281949383238
AAGGATTG	0.591234071662665
AAGGCAAA	0.730811547576751
AAGGCAAC	0.792518920482682
AAGGCAAT	1.68764183686138
AAGGCAGA	1.18126596662577
AAGGCATT	0.432855028277129
AAGGCCTG	0.729437971426965
AAGGCCTT	0.012171741514497
AAGGCGAA	0.0604492533302604
AAGGCGAC	1.05145468855311
AAGGCTAA	1.14157509115712
AAGGCTGG	1.97170547850041
AAGGCTTA	1.21501499448633
AAGGCTTC	0.285001577519477
AAGGGAAA	0.925940299475887
AAGGGAAC	0.235576641606315
AAGGGAAT	0.34323692128422
AAGGGACG	0.943512313946699
AAGGGACT	0.470481968699217
AAGGGAGG	0.00205203230696373
AAGGGAGT	1.40851545160824
AAGGGATT	1.58121825182787
AAGGGCAG	0.104684594778017
AAGGGCCC	0.670057584112743
AAGGGCGG	0.430015034608678
AAGGGCTC	0.836374564537214
AAGGGGAA	1.87222714202324
AAGGGGAC	2.92585289027931
AAGGGGAG	1.87221881010552
AAGGGGAT	1.09200494182085
AAGGGGCA	0.519954515570776
AAGGGGGA	2.36395073981181
AAGGGGGC	1.41049725775157
AAGGGGGT	2.01465413379746
AAGGGGTA	3.02186276843717
AAGGGGTC	0.0283975561365996
AAGGGTAA	0.785151124670566
AAGGGTAG	0.901642046857371
AAGGGTAT	1.18206345017894
AAGGGTCT	0.969331736686035
AAGGGTGG	0.604452063987959
AAGGGTGT	0.0179921811786759
AAGGTAAA	2.20837003050613
AAGGTAAC	1.29254467914194
AAGGTAAG	0.792470119250328
AAGGTACA	0.744390192911916
AAGGTACT	0.616426220025105
AAGGTAGA	0.424016053850505
AAGGTAGC	0.398465633026119
AAGGTAGG	1.21008368947023
AAGGTAGT	0.726700341319068
AAGGTATT	0.52455849524788
AAGGTCCG	0.111681025114629
AAGGTCGA	0.00348869297662838
AAGGTCGC	0.987213222386435
AAGGTCGT	1.52821892321297
AAGGTCTC	0.507856571041796
AAGGTCTG	0.264361036779903
AAGGTGAG	1.06131253748946
AAGGTGCC	1.19169990815873
AAGGTGGA	0.150649404289588
AAGGTGGT	1.03506580639849
AAGGTGTA	0.890327302594043
AAGGTGTC	1.05002635980117
AAGGTTAG	0.19583815517927
AAGGTTAT	1.09977266968351
AAGGTTGG	0.259788004225755
AAGGTTGT	0.432631256772659
AAGGTTTC	0.0933793727063665
AAGGTTTG	0.843518588844863
AAGTAAAA	1.68764183686138
AAGTAAAC	1.22492283492899
AAGTAAAG	1.04483914588368
AAGTAACC	1.02887995262861
AAGTAACT	0.56796064492367
AAGTAAGA	2.14584493938971
AAGTAAGC	1.56827521278733
AAGTAAGG	2.28245506232163
AAGTAAGT	1.02005050039367
AAGTAATA	1.24382438541307
AAGTAATC	0.687183245848573
AAGTAATG	1.27218861387879
AAGTAATT	1.42848586810836
AAGTACAA	0.331228247302239
AAGTACCC	0.0389076752030002
AAGTACTG	0.427157186830827
AAGTACTT	0.977757686048555
AAGTAGAC	0.545767986940313
AAGTAGCC	0.707397668510484
AAGTAGGC	1.19924148396901
AAGTAGGT	0.900251806872144
AAGTAGTC	0.605056723159616
AAGTAGTG	0.448040543458232
AAGTATAA	2.01154156739218
AAGTATAT	0.337441477373202
AAGTATCT	1.10030591241757
AAGTATGC	0.662166067758243
AAGTATGG	0.125531052912663
AAGTATTA	0.580052638082848
AAGTATTC	0.512165362776831
AAGTCAAA	1.83009620493668
AAGTCAAC	1.65878126415436
AAGTCAAG	0.449828334946085
AAGTCACT	0.045804122526976
AAGTCAGA	0.984523203236936
AAGTCAGC	0.792546296783762
AAGTCATA	0.640129335663642
AAGTCATT	0.884314038548351
AAGTCCAA	0.132027568186097
AAGTCCCT	1.32999307847003
AAGTCCGA	0.319180294279576
AAGTCCGT	1.23420340099476
AAGTCCTG	0.447600142093049
AAGTCGAA	1.25355844585758
AAGTCGGA	0.635177795990231
AAGTCGGC	0.175974863335544
AAGTCGGG	0.972603799801951
AAGTCGGT	0.120048651053113
AAGTCGTC	0.69381426207948
AAGTCTAA	2.08050366008403
AAGTCTAG	0.0161829647595442
AAGTCTCA	0.419288285681566
AAGTCTCT	0.540467696996636
AAGTCTGA	0.823064921117002
AAGTCTGG	1.36210428936169
AAGTCTGT	1.54035257596075
AAGTCTTC	0.379839035826787
AAGTCTTG	0.0408263968264472
AAGTGAAA	1.01926015848425
AAGTGAAC	0.24281112673492
AAGTGAAT	0.717666161963012
AAGTGACA	0.394803160051338
AAGTGACC	0.689311455688971
AAGTGACT	0.250875232813613
AAGTGAGA	0.343946324564353
AAGTGAGC	1.38735476114817
AAGTGAGG	1.05360789414667
AAGTGAGT	1.03229603889368
AAGTGATA	1.16806344786195
AAGTGATG	0.941444808078257
AAGTGATT	1.77802886083242
AAGTGCAA	0.479475678740635
AAGTGCAT	1.15079257270301
AAGTGCCC	0.539717824401863
AAGTGCGA	0.164148301269434
AAGTGCGG	0.243183682484387
AAGTGCGT	0.947365230755072
AAGTGCTC	1.11479868815398
AAGTGGAA	0.0809017307841621
AAGTGGAC	0.0156235359983652
AAGTGGGA	1.56828711552692
AAGTGGGG	0.244863159041884
AAGTGGTA	0.212916205956697
AAGTGGTG	0.645195141637209
AAGTGTAG	0.583650836263792
AAGTGTAT	0.0668981576452946
AAGTGTGA	1.52252465258855
AAGTGTGG	0.924917854144286
AAGTGTGT	0.869701045141988
AAGTTAAA	2.63000315588881
AAGTTAAG	1.67347043509416
AAGTTAAT	0.942335133000304
AAGTTACT	0.640355487716033
AAGTTAGA	1.08478712052768
AAGTTAGC	0.839850164500283
AAGTTAGG	1.56333438557955
AAGTTATA	1.23841459026508
AAGTTATC	0.712240893253539
AAGTTATG	0.691539648542007
AAGTTATT	0.718858816470888
AAGTTCAA	0.737509219149416
AAGTTCAG	1.15588932579954
AAGTTCAT	1.15736883633176
AAGTTCCA	1.59566817770172
AAGTTCCC	1.66936875102816
AAGTTCCT	1.228845977901
AAGTTCGA	0.210726101870381
AAGTTCGC	0.459833777853464
AAGTTCGG	0.604086649882253
AAGTTCGT	1.14440080153806
AAGTTCTA	1.17195207288913
AAGTTCTC	0.709840110676309
AAGTTGAT	0.351780707768773
AAGTTGCA	0.893326792973128
AAGTTGGA	0.0649984804052074
AAGTTGGG	0.913935196315783
AAGTTGTC	0.125013283740082
AAGTTGTG	0.513198520574072
AAGTTTAA	0.553213150559831
AAGTTTAC	0.107440078995311
AAGTTTAT	1.31963769501843
AAGTTTCA	2.34161881977514
AAGTTTCG	0.68065340290426
AAGTTTCT	0.068195556261647
AAGTTTGA	0.509161111301907
AAGTTTGC	0.353982714594689
AAGTTTGT	0.360455424388924
AAGTTTTA	0.762627570526341
AAGTTTTC	0.377228765032607
AAGTTTTG	0.390600302698737
AATAAAAA	2.31610410716955
AATAAAAC	1.0622266678907
AATAAAAG	1.10204014157723
AATAAAAT	1.92328751435737
AATAAACA	0.200199318968542
AATAAACG	1.45660251959042
AATAAAGA	0.695027151244673
AATAAAGC	0.271025380681687
AATAAAGG	0.959841682403316
AATAAATA	1.75884878624171
AATAAATC	2.96473199890727
AATAAATG	1.84106100865579
AATAAATT	3.8651921037224
AATAACAG	0.533983084462801
AATAACCA	0.666785520996829
AATAACCC	0.580758470541103
AATAACGA	0.828023602434173
AATAACGC	1.04405356507011
AATAACGG	0.501536216314437
AATAACGT	0.768248044165249
AATAACTA	1.45506706618207
AATAACTC	1.34774244376088
AATAACTG	1.0849799449092
AATAAGAA	2.16747697833793
AATAAGAG	2.73804432323389
AATAAGCG	1.17620254120012
AATAAGCT	1.12161419684868
AATAAGGC	0.16588491097701
AATAAGGG	0.779248556103149
AATAAGGT	0.588495251280807
AATAAGTA	1.28420323923057
AATAAGTC	1.11443208377432
AATAAGTG	1.62827692310864
AATAATAA	8.06549393813045
AATAATAC	5.82721946465442
AATAATAG	3.06956061683444
AATAATAT	2.62220924199902
AATAATCA	4.60161579302034
AATAATCC	2.71631706236888
AATAATCG	2.22317822884192
AATAATCT	2.34250914469718
AATAATGA	4.31450266949591
AATAATGC	2.77803871856233
AATAATGG	3.36648635888474
AATAATGT	6.25028329933697
AATAATTA	14.2140028625215
AATAATTC	3.57920616963805
AATAATTG	27.8948510712563
AATACAAA	2.46277442561101
AATACAAC	0.721427427676469
AATACAAG	0.398465633026119
AATACAAT	1.77111693994697
AATACACC	2.17502212497008
AATACACG	0.653299717030542
AATACAGA	1.22257085358412
AATACAGC	1.10908061205036
AATACAGG	1.72725653479659
AATACAGT	1.46165166172854
AATACATC	0.91165701195643
AATACATG	0.286157333534592
AATACATT	1.95112683200676
AATACCAG	0.719532511532221
AATACCCA	0.508635010211606
AATACCCC	0.884759201009373
AATACCCG	0.347644505757932
AATACCGA	0.951159824139407
AATACCGG	0.450547260417896
AATACCGT	0.441460709007601
AATACCTA	0.559559691314307
AATACCTC	0.191828122208182
AATACCTG	0.443917434460948
AATACGAC	0.32718488666027
AATACGCT	0.295744990282027
AATACGGA	0.31717230210913
AATACGGC	0.670587256024925
AATACGGG	0.452756408887572
AATACGGT	0.300866739131712
AATACGTA	0.508770701443042
AATACGTC	0.451856561773845
AATACGTG	1.16176213751795
AATACTAC	1.46293120623549
AATACTAT	0.361792102045954
AATACTCA	0.52455849524788
AATACTCC	1.80891885064117
AATACTGA	0.511177435390067
AATACTGC	0.496806067597577
AATACTTC	1.2565626973325
AATACTTG	0.292926421544855
AATAGAAA	2.12605663480546
AATAGAAC	0.892315060107166
AATAGAAG	0.918161859147582
AATAGACA	0.716111664171312
AATAGACT	1.83292072504365
AATAGAGA	2.0319190575866
AATAGAGC	2.17073594844028
AATAGAGG	1.87664067786675
AATAGAGT	1.21513402188232
AATAGATT	0.580415671640635
AATAGCAA	0.175736808543553
AATAGCAG	0.975462837853762
AATAGCAT	1.04066961620196
AATAGCCC	1.53809343598475
AATAGCCG	0.37374364287786
AATAGCGA	0.261469861331171
AATAGCGC	0.601657300729986
AATAGCGT	0.400991394369142
AATAGCTC	0.387569865196693
AATAGGAA	0.23837616596013
AATAGGAG	0.170106812712968
AATAGGGG	2.53111519529577
AATAGGGT	0.894425415838167
AATAGGTC	0.672471459703532
AATAGGTG	0.191672196319427
AATAGTAA	1.64656786305127
AATAGTAG	2.01702396925173
AATAGTAT	0.136964824571989
AATAGTCT	0.955249605465811
AATAGTGC	0.203151198389231
AATAGTTA	2.17818944397752
AATAGTTG	1.22990532172536
AATATAAA	3.87025790969597
AATATAAC	1.98033496471009
AATATAAG	1.63985709846504
AATATAAT	0.832632343207117
AATATACC	0.107493641323509
AATATACT	0.279676291822637
AATATAGA	1.76811625929392
AATATAGG	1.45649063383818
AATATAGT	1.38105345080417
AATATATA	1.88403346943203
AATATATC	0.934569785685558
AATATATG	1.95952659534216
AATATCAA	1.3249022767433
AATATCAG	1.93788027310642
AATATCAT	0.731404304008809
AATATCCC	1.0306844079519
AATATCCT	0.18292606326168
AATATCGA	0.954430696981362
AATATCGC	0.942327991356544
AATATCGG	0.178945787139592
AATATCTA	1.53136362701517
AATATCTC	2.35789462590356
AATATGAA	2.35115529474229
AATATGAC	0.669161307820898
AATATGAG	1.00277248359096
AATATGAT	1.96641828157029
AATATGCC	0.284714721495127
AATATGCG	0.0457136617060205
AATATGCT	0.431113657473717
AATATGGA	0.24680330559661
AATATGGC	0.289481768704745
AATATGGG	1.59981152135633
AATATGGT	1.4333683718921
AATATGTA	0.822738786051972
AATATTAA	0.980403665061536
AATATTAT	1.30035287631924
AATATTCA	0.435616463864223
AATATTCC	0.468598955294571
AATATTCG	0.304433990189696
AATATTGG	0.177438900306289
AATATTTA	0.239189123074778
AATATTTC	0.184954290089443
AATCAAAA	2.32073665342169
AATCAAAC	1.08812702925932
AATCAAAG	2.08944499807121
AATCAAAT	1.02761588168314
AATCAACA	2.46782356774914
AATCAACC	0.194171771635332
AATCAACG	0.908155225966243
AATCAACT	0.957934863519468
AATCAAGA	1.95477502169402
AATCAAGC	0.582589111891511
AATCAAGG	1.56222266970095
AATCAAGT	2.61407729030461
AATCAATA	3.60669673701716
AATCAATC	2.3299862723645
AATCAATT	0.888684724529306
AATCACAA	0.453001605323321
AATCACAG	0.674218781876745
AATCACCA	1.26622653161338
AATCACCT	0.0608848935996027
AATCACGA	1.09270839373118
AATCACGC	0.302217700076259
AATCACGT	0.662496963919111
AATCACTC	1.89620044985069
AATCACTG	1.31909493009269
AATCAGAA	1.54230462525507
AATCAGAC	0.798747624115126
AATCAGAG	0.679463128944307
AATCAGAT	1.02912514906436
AATCAGCA	0.359826959738069
AATCAGCC	0.55264181905905
AATCAGCG	1.46601877688762
AATCAGGA	1.38402913570405
AATCAGGC	0.0740124251039443
AATCAGGG	2.42364059835562
AATCAGGT	2.43276047743679
AATCAGTA	2.41432075324917
AATCAGTC	0.700286971873713
AATCAGTG	1.75775968556835
AATCATAA	2.52847754820051
AATCATAC	1.67593430219127
AATCATAG	2.26071827926494
AATCATAT	1.75418767341453
AATCATCA	1.39358941615041
AATCATCC	1.25720901609276
AATCATCG	0.887199262627282
AATCATCT	0.613583845808732
AATCATGA	5.57887475427968
AATCATGC	3.79972346510301
AATCATGG	1.77009806543725
AATCATGT	3.24172065212833
AATCATTA	9.87943098378679
AATCATTC	8.31737019134439
AATCATTG	10.9320676143821
AATCCAAG	1.0370035724053
AATCCAAT	1.65292868709326
AATCCACA	1.46059707900002
AATCCACC	0.589833119211796
AATCCAGA	0.260865202159514
AATCCAGC	0.241355421681898
AATCCATG	1.18462015864492
AATCCCCA	0.542015053144576
AATCCCCC	0.563320957027765
AATCCCCG	0.89266976174723
AATCCCCT	0.305081499223912
AATCCCGG	1.2031860518723
AATCCCGT	1.45721193985791
AATCCCTA	2.02172793194147
AATCCCTC	0.543761185043829
AATCCCTG	0.155111741365458
AATCCGAC	1.60820533332193
AATCCGCA	0.31717230210913
AATCCGCC	0.71509040911367
AATCCGCT	0.193636148353352
AATCCGGC	0.227062611970761
AATCCGTA	0.412619180683939
AATCCGTC	0.692025280317668
AATCCTCA	1.20188627270803
AATCCTCC	0.749650013540956
AATCCTGA	0.620324367243958
AATCCTGG	0.067952740373815
AATCCTTA	0.867114579827006
AATCCTTC	0.601493042923513
AATCCTTG	0.659457004225387
AATCGAAA	0.548659162389042
AATCGAAC	1.35119780906662
AATCGAAG	1.06434178471754
AATCGAAT	1.40540407547692
AATCGACA	1.03682860213319
AATCGAGA	1.62394075507253
AATCGAGG	0.721652389454901
AATCGATA	0.304781550186002
AATCGATC	0.84442081650651
AATCGATG	0.53376407405417
AATCGATT	3.2785691533806
AATCGCGT	0.915832493007951
AATCGCTA	1.45490756947144
AATCGCTC	2.04849481275293
AATCGCTG	0.213858902932983
AATCGGAA	0.858711245669727
AATCGGAG	0.148487866778311
AATCGGAT	0.842987726658721
AATCGGCG	0.0310006852870194
AATCGGCT	1.51210023324726
AATCGGGG	0.0307828651523509
AATCGTAG	0.0820003536492006
AATCGTAT	0.563480453738399
AATCGTCT	0.250795484458298
AATCGTGA	1.78859730332286
AATCGTGT	1.7349040449893
AATCGTTC	0.480599297358834
AATCTAAA	0.547795023494116
AATCTAAC	0.545616822147401
AATCTAAG	0.0915844395747534
AATCTAAT	0.902525230135658
AATCTACG	0.549149555260545
AATCTAGA	2.09786023496809
AATCTAGC	0.782690828395337
AATCTAGG	1.40562070533763
AATCTAGT	0.0589947385511955
AATCTATA	1.06900527809264
AATCTATC	0.608251418468137
AATCTATG	1.60756020483563
AATCTCAC	1.10249958732577
AATCTCAT	1.60726501689356
AATCTCCC	0.963895755510922
AATCTCGA	0.165223118655274
AATCTCGG	0.158868245983077
AATCTCTA	0.605392380416323
AATCTCTC	1.76485728919157
AATCTGAA	1.62926127967352
AATCTGAC	0.693686902765765
AATCTGCC	0.00160686984593875
AATCTGCT	1.20026035847873
AATCTGGA	1.63030634021036
AATCTGGG	0.694365358922939
AATCTGTA	0.690354135677892
AATCTTAA	0.388243560258026
AATCTTAC	1.38891759085759
AATCTTCA	0.48700535181131
AATCTTCG	0.166103921385641
AATCTTCT	0.162212915810549
AATCTTGA	0.863141445348676
AATCTTGT	0.610005882285108
AATCTTTA	1.68866428219298
AATCTTTC	1.3050235113381
AATCTTTG	0.965676405355014
AATGAAAA	3.32460180850789
AATGAAAC	1.85976497366251
AATGAAAG	1.22287080262203
AATGAAAT	0.33822348736489
AATGAACA	0.926517582346467
AATGAACC	0.0424689748911865
AATGAACG	0.0502152778225704
AATGAAGA	1.11218246599
AATGAAGG	2.92488638782382
AATGAATA	1.74016386561834
AATGAATC	0.653660370040407
AATGAATT	0.870354505546002
AATGACAG	0.0228865877020097
AATGACCC	0.0289903125686571
AATGACGA	1.98729806737582
AATGACGG	0.510523974986054
AATGACTA	1.92864374717717
AATGACTC	1.99981022724286
AATGACTG	2.53608935017442
AATGAGAA	0.182233323816987
AATGAGAC	0.89908057729555
AATGAGAG	0.533492691591299
AATGAGCT	0.848479650709954
AATGAGGA	0.171087598455971
AATGAGGC	0.460267037574887
AATGAGGG	0.136214951977216
AATGAGGT	0.0504569034364401
AATGAGTA	2.45224288161333
AATGAGTG	1.4920833960627
AATGATAA	0.692146688261583
AATGATAC	1.53238607234677
AATGATAG	2.53096522077681
AATGATAT	0.88510438045776
AATGATCA	2.02314435795382
AATGATCC	2.93447166402334
AATGATCG	0.517393046008955
AATGATCT	1.61198326287082
AATGATGA	3.1325153968504
AATGATGC	0.42520870835838
AATGATGG	2.91706866845484
AATGATGT	1.80391970000936
AATGATTA	11.0629394265531
AATGATTC	3.29285244090006
AATGATTG	15.4664460216786
AATGCAAA	2.9553800164039
AATGCAAT	0.725374376127679
AATGCACC	0.935136356090498
AATGCACT	0.832829928684471
AATGCAGG	0.357989176743898
AATGCATC	0.610005882285108
AATGCATG	0.696786376157486
AATGCCCC	0.848479650709954
AATGCCCG	0.592001798366833
AATGCCGC	0.094464902557846
AATGCCGG	0.624831934730303
AATGCCTA	0.537117075799363
AATGCCTC	1.51007676751534
AATGCGAA	0.459274349092285
AATGCGAG	1.22536442656813
AATGCGAT	0.0300210898179763
AATGCGCT	0.0793579454581014
AATGCGGT	0.246041530262238
AATGCGTA	0.148605703900347
AATGCGTC	1.61662533131464
AATGCTAA	1.69870543331916
AATGCTCG	0.139523913585891
AATGCTGA	0.820539159773976
AATGCTGG	0.0983547178589786
AATGCTTA	1.19677047522814
AATGCTTC	0.612195986371424
AATGGAAA	1.6720575799037
AATGGAAG	0.50458331765192
AATGGACC	0.280469014279968
AATGGAGC	0.379143915834175
AATGGAGG	0.021592759907539
AATGGAGT	0.176596186342641
AATGGATA	1.11048751587102
AATGGATC	1.30190499356302
AATGGATG	0.236701450498474
AATGGCAG	0.473169607300797
AATGGCAT	0.32221192205558
AATGGCCC	0.153611996175915
AATGGCCT	0.227137599230239
AATGGCTC	0.718575531268417
AATGGGCA	0.0645652206837844
AATGGGCC	1.06591413661864
AATGGGCT	0.872104208267134
AATGGGGA	3.69557449360698
AATGGGGC	1.55173635611375
AATGGGGT	0.342733435399158
AATGGGTC	0.470465304863777
AATGGTAA	1.07977130606043
AATGGTAG	1.58359284837798
AATGGTCA	1.25975501209311
AATGGTCC	0.126276164411597
AATGGTCT	0.425197995892741
AATGGTGA	1.07406513269641
AATGGTGC	0.873061188530939
AATGGTTA	0.950708710308584
AATGGTTC	0.489447793977135
AATGGTTG	0.252133352389286
AATGTAAA	0.665517879229476
AATGTAAC	0.395088825801726
AATGTAAG	2.82963947527429
AATGTAAT	0.737567542573455
AATGTACA	0.465689925736441
AATGTACC	0.14825100226028
AATGTACT	2.30695804206126
AATGTAGA	1.60761138661591
AATGTAGG	0.985425430898583
AATGTAGT	0.815924467631234
AATGTATA	0.205855500826248
AATGTATC	0.8209783708652
AATGTATG	0.391902462410928
AATGTCAG	0.204533106456738
AATGTCGG	0.309284356576512
AATGTCGT	1.18231340771053
AATGTCTA	0.0181969082997881
AATGTCTC	1.81647590001292
AATGTGAA	2.07172777017729
AATGTGAC	0.5818701864197
AATGTGAG	0.97735894427197
AATGTGCA	0.879236329835184
AATGTGCT	1.07200595874569
AATGTGGA	1.72221215375431
AATGTGGC	0.055028745716626
AATGTGGG	2.98266228584002
AATGTGTC	0.987415568959628
AATGTTAA	1.02077894805716
AATGTTAC	1.36046885294071
AATGTTGA	0.858308933071261
AATGTTGC	0.409049549078035
AATGTTTA	1.626245125459
AATTAAAA	2.52823830313456
AATTAAAG	2.65468705727034
AATTAAAT	1.08755569775854
AATTAACA	1.39198016575655
AATTAACC	0.475504924810226
AATTAACG	1.53207422056926
AATTAACT	1.30447241449464
AATTAAGA	2.67089263723513
AATTAAGC	0.567732112323356
AATTAAGG	1.11948360646036
AATTAAGT	0.753124423230063
AATTAATA	2.53827350289094
AATTAATC	1.27381571838205
AATTAATG	2.98103161051489
AATTAATT	2.55164504055707
AATTACAA	1.53175403687403
AATTACAG	1.16531748583634
AATTACAT	0.0824348036445833
AATTACCA	0.246994939704161
AATTACCC	1.04049702647777
AATTACCG	0.191581735498471
AATTACCT	0.0139083512220707
AATTACGA	0.556360234909951
AATTACGG	1.23832055862224
AATTACTA	1.21909168279917
AATTACTC	0.571567175022331
AATTACTG	0.175901066350026
AATTAGAA	1.63939884299046
AATTAGAG	1.56788004183262
AATTAGAT	0.751952003379507
AATTAGCA	0.424304100148815
AATTAGCC	1.66437436149219
AATTAGCG	0.594840601761327
AATTAGCT	0.444493527057567
AATTAGGA	1.29441698008094
AATTAGGC	2.04533344511529
AATTAGGG	2.00892296468028
AATTAGGT	0.403238631605536
AATTAGTA	2.94451162487556
AATTAGTC	1.01100203775009
AATTAGTG	1.13379546055486
AATTATAA	2.79635584453207
AATTATAC	2.67754864921919
AATTATAG	1.48361459683763
AATTATAT	5.0810700468297
AATTATCA	2.57114172802112
AATTATCC	4.2075589347419
AATTATCG	0.654229320993266
AATTATCT	1.86521166730327
AATTATGA	2.52847754820051
AATTATGC	2.61015176678468
AATTATGG	1.20877795893616
AATTATGT	1.60560101389755
AATTATTA	14.3898217999683
AATTATTC	2.49286217077074
AATTATTG	15.2500923045256
AATTCAAA	0.33822348736489
AATTCAAC	0.423524470705045
AATTCAAG	0.0101851742753333
AATTCAAT	0.881009838035515
AATTCACC	0.331355606615952
AATTCACG	0.410066043039838
AATTCAGA	1.74630805979963
AATTCAGC	1.04695545298448
AATTCAGG	0.793339019241093
AATTCAGT	0.138069398806826
AATTCATA	2.4709158994971
AATTCATC	0.647166235314895
AATTCCAA	0.0721841643014527
AATTCCAT	0.614620574427852
AATTCCCA	0.29095413759321
AATTCCCC	1.99812479931557
AATTCCCT	0.2013003223815
AATTCCGA	0.480520739277478
AATTCCGC	1.15965535260883
AATTCCTC	1.28165129186043
AATTCGAA	0.724926833118735
AATTCGAG	0.132272764621845
AATTCGAT	0.595918989969045
AATTCGCA	0.287004808594078
AATTCGCG	0.347995636576118
AATTCGGC	1.60499397417797
AATTCGGG	0.504807089156392
AATTCGGT	0.920074629401231
AATTCTAG	1.42505073745993
AATTCTCA	0.282930500829156
AATTCTCC	0.00649651527343398
AATTCTCT	1.02750875702674
AATTCTGA	0.440497777373998
AATTCTGC	1.2462727789487
AATTCTGG	0.133416617897364
AATTCTTA	1.8410336323547
AATTCTTC	1.20433585651761
AATTGAAA	1.06347407500073
AATTGAAG	0.773078175894742
AATTGACA	1.02594235649544
AATTGACC	0.573869164860885
AATTGACG	2.05016476711875
AATTGAGA	2.03093351074776
AATTGAGG	1.12341508135009
AATTGAGT	0.0690596951565738
AATTGATA	1.54726687739412
AATTGATG	0.171042368045493
AATTGCAA	1.14298794634759
AATTGCGA	2.05894065702549
AATTGCGC	2.18525014910797
AATTGCGG	3.00128888303936
AATTGCGT	0.163006828541837
AATTGCTA	0.601969152507495
AATTGCTG	0.995478484764359
AATTGGAA	1.75819056474186
AATTGGAC	0.063703462336777
AATTGGAG	1.2188143489665
AATTGGAT	0.456358177890395
AATTGGGC	0.535924421291487
AATTGGGG	0.820560584705258
AATTGGGT	0.681922234945573
AATTGGTC	0.43054708706878
AATTGTAA	0.217409490155527
AATTGTAC	0.0745194818108849
AATTGTAG	0.00327087284195722
AATTGTAT	1.67063758306947
AATTGTCC	1.98454377343248
AATTGTGA	1.29364449228093
AATTGTGC	0.52455849524788
AATTGTGG	0.266911793876085
AATTGTGT	0.651794020471198
AATTGTTA	0.555534184781742
AATTGTTC	0.0598564968982029
AATTTAAA	0.472589943882298
AATTTAAC	0.871156750195013
AATTTAAG	2.77966582306559
AATTTAAT	0.364047671200067
AATTTACA	0.564093444827776
AATTTACC	0.361761154922997
AATTTACG	1.70115739767667
AATTTAGA	1.26233433576432
AATTTAGC	1.34340151462892
AATTTAGT	0.30957835424462
AATTTATA	3.11901769014452
AATTTATC	1.60403937446208
AATTTCAA	1.8258124089548
AATTTCAC	0.0305638547437174
AATTTCAT	0.232227210683005
AATTTCCA	0.364047671200067
AATTTCGA	0.902693058764013
AATTTCGT	0.857894717733198
AATTTCTA	0.583350887225886
AATTTCTC	2.04901972356927
AATTTCTG	0.26575246703909
AATTTGAC	0.0770678583591469
AATTTGAT	0.299282484491012
AATTTGCC	0.082985900488042
AATTTGGC	1.67260391565131
AATTTGGG	1.38151527710063
AATTTGGT	0.825707329308101
AATTTGTC	0.27305122696153
AATTTTAG	2.03093351074776
AATTTTAT	0.643593032887109
AATTTTCA	1.06131253748946
AATTTTCC	0.582001116555295
AATTTTCT	0.585362450218208
AATTTTGA	1.79420349367425
AATTTTGG	2.42470113245393
AATTTTGT	0.664558518417755
AATTTTTC	0.221957526956517
ACAAAAAA	0.435359364688873
ACAAAAAC	1.26158208262163
ACAAAAAG	0.846998949903771
ACAAAAAT	0.740859840346689
ACAAAACA	1.64315653788204
ACAAAACC	1.6515277346424
ACAAAACT	1.04049940702569
ACAAAAGA	1.18310732044182
ACAAAAGC	0.984377989813823
ACAAAAGG	1.42951902590561
ACAAAATA	1.0002479125219
ACAAAATC	0.594737047926809
ACAAACAA	1.07398657461505
ACAAACAC	0.94821508636248
ACAAACAG	1.25997164195382
ACAAACCA	2.55161052261223
ACAAACCT	1.41075078610504
ACAAACGA	0.808828054281985
ACAAACGG	1.24017024435601
ACAAACGT	1.10629537098406
ACAAACTA	1.05728941150481
ACAAACTC	2.22604559881146
ACAAACTG	0.511056027446155
ACAAAGAA	1.47969859550938
ACAAAGAC	2.24802519775598
ACAAAGAT	2.3462716006846
ACAAAGCC	0.0287570188725077
ACAAAGGA	0.736855758745402
ACAAATAA	2.10004319741065
ACAAATAG	1.27233620784983
ACAAATCA	2.51728540215505
ACAAATCC	0.703609026495949
ACAAATCT	0.164914837699644
ACAAATGA	0.716992466901676
ACAAATGC	0.0675456666795098
ACAAATGG	0.383482464418209
ACAAATTA	3.59151360238398
ACAAATTG	0.27305122696153
ACAACAAA	0.900233952762746
ACAACAAG	0.823064921117002
ACAACAAT	1.61957602046137
ACAACACA	0.770140579761575
ACAACACC	0.373308002608515
ACAACAGA	0.504286939435892
ACAACAGG	1.13189340276685
ACAACAGT	0.315198827883528
ACAACATC	0.649872918299832
ACAACCAA	1.48997542087962
ACAACCAG	1.62331943206543
ACAACCAT	1.18078271539803
ACAACCCA	1.57071527440523
ACAACCCT	0.543245796419168
ACAACCGT	1.05166179622214
ACAACCTA	0.530157543955509
ACAACCTC	0.519190359688484
ACAACGAA	1.22555368012776
ACAACGAC	0.670475370272688
ACAACGAG	0.35505396115865
ACAACGGA	0.227599425526699
ACAACGGG	1.0292013265978
ACAACGTC	0.0338954315576306
ACAACGTG	0.0541812706571399
ACAACTAA	1.02621611950623
ACAACTCA	0.575909294428247
ACAACTCC	0.194145585608214
ACAACTCG	1.04230386234898
ACAACTGG	0.513574647145418
ACAACTTC	0.516888369849931
ACAACTTG	1.85554426220052
ACAAGAAC	0.692146688261583
ACAAGAAT	0.256066017552977
ACAAGACA	1.12569683653132
ACAAGACC	0.846452614156154
ACAAGACG	1.04297041576655
ACAAGACT	0.43996334436598
ACAAGAGA	0.54663807720504
ACAAGAGC	0.627433873606766
ACAAGAGT	0.76238951573435
ACAAGATA	2.70761020835181
ACAAGATC	0.676543386920537
ACAAGCAA	0.530162305051348
ACAAGCAC	0.306471739209139
ACAAGCAG	0.783026485652047
ACAAGCCT	0.259773720938237
ACAAGCGT	0.213195920337289
ACAAGCTA	0.950071913740008
ACAAGGAA	2.26942394300804
ACAAGGAC	0.278978791282105
ACAAGGCT	0.712471806401769
ACAAGGGG	1.35205123549591
ACAAGTAA	0.858507708822575
ACAAGTAC	0.766522146923312
ACAAGTCA	0.408615099082652
ACAAGTCC	1.314002938092
ACAAGTCT	1.40224032729136
ACAAGTGA	0.249878973509132
ACAAGTTA	2.44568209154606
ACAAGTTC	0.929299252590878
ACAAGTTG	0.916187194648017
ACAATAAA	3.13926544047731
ACAATAAC	1.14760501903825
ACAATAAG	0.991443456040113
ACAATAAT	6.96937064840816
ACAATACA	3.53679194734902
ACAATACC	1.60560101389755
ACAATACG	0.389671889009973
ACAATAGA	2.0319190575866
ACAATAGG	0.362624103543961
ACAATATA	1.69015331491689
ACAATCAA	2.17231544198514
ACAATCAC	0.871156750195013
ACAATCAG	1.87998772824214
ACAATCAT	3.10864326230955
ACAATCCA	1.46510583676033
ACAATCCT	0.264664556639689
ACAATCGA	0.152259844957408
ACAATCGT	0.116351660133493
ACAATCTA	0.575623628677856
ACAATGAA	0.801681649426414
ACAATGAC	1.31829030489576
ACAATGAG	1.16005052356354
ACAATGAT	3.55635290960691
ACAATGCC	1.27689019602061
ACAATGCT	0.685359746141923
ACAATGGA	1.62167685400069
ACAATGGG	1.38758805484432
ACAATGGT	1.769183935036
ACAATGTA	0.96185681621752
ACAATGTC	0.173222949940129
ACAATTAA	0.612279305548622
ACAATTAC	1.01544175962072
ACAATTAG	2.80379743732971
ACAATTAT	6.20280565162229
ACAATTCA	0.861775010842648
ACAATTCC	0.424030337138026
ACAATTCT	2.06277333917655
ACAATTTC	0.228180279219157
ACAATTTG	0.621284918329638
ACACAAAA	3.13450672518541
ACACAAAG	0.733094493031945
ACACAAAT	0.937096737302541
ACACAACA	0.686873774618984
ACACAACC	1.3976946710383
ACACAACT	1.80778570983129
ACACAAGA	1.19485294387865
ACACAAGC	0.636632310769296
ACACAAGT	1.26745370406609
ACACAATC	1.50342670690107
ACACAATG	1.41544165578122
ACACACAA	0.471410382387982
ACACACAC	1.06248614761397
ACACACAG	1.26987472130064
ACACACAT	0.286515605996538
ACACACCA	0.912240246196808
ACACACCC	0.674037860234831
ACACACGC	0.259886796964431
ACACACGG	1.50869723999575
ACACACTA	2.52143588745342
ACACACTC	2.60363382657997
ACACAGAA	0.296535332191436
ACACAGAC	0.709098569999257
ACACAGAG	1.02559122567725
ACACAGCA	1.02241914557397
ACACAGCC	0.0790389520368324
ACACAGCT	0.598888723499131
ACACAGGG	0.796098074280268
ACACAGTA	0.615907260578565
ACACATAA	1.31275910180385
ACACATAC	1.44280486384662
ACACATAT	0.612998231020435
ACACATCA	0.941781655608924
ACACATCC	0.881490708715338
ACACATCG	0.526593863719404
ACACATGA	0.527083066316944
ACACATTA	0.743165401007121
ACACATTG	0.115178050008977
ACACCAAT	2.25709151450895
ACACCACA	0.246918762170727
ACACCACC	2.20661437641519
ACACCACG	0.212949533627578
ACACCAGA	0.887941993578292
ACACCAGT	0.208186057239839
ACACCATA	0.103934722183245
ACACCATC	0.270089825349164
ACACCATG	0.663861017877218
ACACCCAA	1.52489329776886
ACACCCAC	0.268711488103537
ACACCCAG	2.03250943347074
ACACCCAT	0.508961145276633
ACACCCCC	1.3864620556782
ACACCCCG	0.120041509409352
ACACCCCT	0.31282304105946
ACACCCGC	0.495665785143939
ACACCCTA	1.47494345103935
ACACCCTC	1.37203712555751
ACACCGAA	0.282365120698179
ACACCGCA	1.22552511355273
ACACCGCC	0.579687223977142
ACACCTAA	0.472988685658883
ACACCTAC	1.1205881806952
ACACCTAG	0.0310256810401803
ACACCTCA	1.74793040320705
ACACCTCC	2.21249075895549
ACACCTCG	0.416250706535761
ACACCTCT	0.821622309077536
ACACCTGC	0.294086938655809
ACACCTTA	1.02639942169607
ACACCTTC	0.46803714598547
ACACGAAA	2.22319489267736
ACACGAAG	0.602905898113979
ACACGAAT	2.24921547171593
ACACGACA	0.114028245363663
ACACGACC	2.97553016427198
ACACGATA	0.891291424501605
ACACGATC	0.547333197197653
ACACGATG	0.226936442931005
ACACGCAA	1.57340291300681
ACACGCAC	0.486120978259063
ACACGCAT	0.142052055476836
ACACGCCA	0.403050568319864
ACACGCCC	0.0752895890629744
ACACGCGA	0.721233413020997
ACACGCGC	0.360883923014509
ACACGCTA	0.1913460612544
ACACGCTC	0.3821541186789
ACACGGAA	0.0189515419903994
ACACGGAG	0.0879588650927348
ACACGGCC	1.51096828271135
ACACGGGG	1.49197746168027
ACACGGTA	0.481503905568397
ACACGGTG	0.690449357594689
ACACGTAA	1.22629045970898
ACACGTAT	0.993770441631825
ACACGTCC	0.270526655892466
ACACGTCT	0.412265669317834
ACACGTGG	0.558956222416613
ACACGTTC	1.65371426790683
ACACTAAA	2.09755314428643
ACACTAAC	0.882131076105793
ACACTAAT	1.05579680795902
ACACTACC	0.707813074122507
ACACTACG	0.269482785629586
ACACTACT	2.36316515899824
ACACTAGA	0.309417667260026
ACACTAGG	0.579596763156184
ACACTAGT	0.964507556326339
ACACTATA	2.51244693850784
ACACTATC	1.61912371635659
ACACTATG	0.06388676452661
ACACTCAA	0.389483825724301
ACACTCAT	1.8796116016708
ACACTCCA	0.135130612399696
ACACTCCC	2.94952981989072
ACACTCCT	1.9563628471566
ACACTCGC	1.17505987819857
ACACTCGG	0.146789345837454
ACACTCTA	2.16274801989502
ACACTCTC	0.0988843897711581
ACACTCTG	0.231327363569278
ACACTGAG	0.0881266937210869
ACACTGAT	0.0731387640173376
ACACTGCA	0.177347249211371
ACACTGGA	0.233826938885183
ACACTGGG	0.623216732966647
ACACTGTA	1.21558394543919
ACACTGTC	0.63915331101648
ACACTTAC	0.0861853568924009
ACACTTAT	1.00894881516917
ACACTTCA	1.30825034404354
ACACTTCC	1.66243183438954
ACACTTCG	0.110933533067778
ACACTTCT	0.37528980875184
ACACTTTC	0.0177041348803661
ACAGAAAA	4.00879865699094
ACAGAAAC	0.0113742579613272
ACAGAAAT	0.555744863272655
ACAGAACC	0.707554784673196
ACAGAAGA	0.497539276356909
ACAGAAGG	2.00498791896867
ACAGAATA	2.35751849933221
ACAGACAA	0.592604076990573
ACAGACAC	0.609067946404664
ACAGACAG	3.25559567567952
ACAGACCA	0.421775958257872
ACAGACCG	0.444519713084685
ACAGACCT	0.560100075692126
ACAGACGA	0.842398541048548
ACAGACTA	1.52489329776886
ACAGAGAA	1.87361500146055
ACAGAGAG	0.255830343308906
ACAGAGCC	1.033356572992
ACAGAGGA	0.726905068440181
ACAGAGGC	0.41812657829665
ACAGAGGG	0.609772588588958
ACAGAGGT	0.283006678362593
ACAGAGTA	0.213770822659947
ACAGAGTG	0.0356606078402442
ACAGATAA	0.997525755975482
ACAGATAG	0.315615423769511
ACAGATAT	1.3020811541091
ACAGATCA	0.673878363524199
ACAGATCC	0.641920697973373
ACAGATCT	0.801348372717629
ACAGATGA	0.604040229197816
ACAGATTA	0.680605791945863
ACAGATTG	0.690354135677892
ACAGCAAA	2.21891109669549
ACAGCAAC	1.86893246370208
ACAGCAAT	0.675342400494941
ACAGCACA	0.62808614373682
ACAGCACT	0.41233708575543
ACAGCAGA	0.294709451936866
ACAGCATA	1.59328643950785
ACAGCATG	0.708864086029148
ACAGCCAA	1.45019884568586
ACAGCCAC	0.969032977922088
ACAGCCTG	0.148803289377698
ACAGCGAA	0.728352441575485
ACAGCGAT	0.362912149842271
ACAGCGCC	1.15844127316968
ACAGCGGT	0.280746348112638
ACAGCTAC	0.0184242506261392
ACAGCTAG	1.60900281687509
ACAGCTAT	0.0409739907974825
ACAGCTCA	1.16753496622373
ACAGCTCC	0.28880331254757
ACAGCTCG	0.37345559657955
ACAGCTCT	0.820733174429451
ACAGCTGG	0.573031211993076
ACAGCTTA	1.17351728314647
ACAGGAAA	1.93186700906073
ACAGGACG	1.29616073143228
ACAGGAGA	0.678233575943671
ACAGGAGC	1.41592252646104
ACAGGAGT	1.42888341961099
ACAGGATA	0.114117515910659
ACAGGATC	0.268316317148831
ACAGGCAA	0.272603683952588
ACAGGCAG	1.23662679877722
ACAGGCAT	0.746561252614872
ACAGGCCA	0.201918074566716
ACAGGCCC	0.307861979194366
ACAGGCCG	0.847206057572803
ACAGGCGC	0.0350273820935475
ACAGGCTC	0.510009776635355
ACAGGCTG	0.11850129490517
ACAGGGAC	0.177548405510604
ACAGGGCT	0.0370722727567506
ACAGGGGA	3.66756020568548
ACAGGGGG	2.73309992520424
ACAGGGGT	0.0555262802318867
ACAGGTAA	0.902477619177258
ACAGGTCG	0.260227215316979
ACAGGTGG	0.593344427393663
ACAGGTTG	0.486036468807906
ACAGTAAA	0.149598392382949
ACAGTAAC	0.217603504810999
ACAGTAAG	0.786352111096159
ACAGTAAT	0.514756589187654
ACAGTACC	0.12092945378348
ACAGTAGA	0.103255075752111
ACAGTAGG	1.44833487666457
ACAGTAGT	0.90435230066419
ACAGTATC	0.0813254683139052
ACAGTCAA	0.983002033116115
ACAGTCCC	0.505280818192454
ACAGTCCT	0.911814128119146
ACAGTCTA	0.430218571455828
ACAGTCTC	0.454965557357248
ACAGTGAG	0.713050279546308
ACAGTGAT	0.691456329364809
ACAGTGCA	0.381547078959321
ACAGTGGG	0.626743514709992
ACAGTGGT	1.01721288727313
ACAGTGTG	0.926430692347387
ACAGTTAA	0.964043349481957
ACAGTTAG	1.4648392153933
ACAGTTAT	0.519209404071844
ACAGTTCC	0.145608594069181
ACAGTTCG	2.18668561950367
ACAGTTGA	0.360556597675522
ACAGTTGC	0.355058722254488
ACAGTTTA	0.0486786341402676
ACAGTTTG	0.477702170540303
ACATAAAA	1.48045203892603
ACATAAAG	2.69988175952983
ACATAAAT	0.0590233051262327
ACATAACC	0.73511557821595
ACATAACT	0.396608805648588
ACATAAGA	0.355855015533701
ACATAAGC	0.96290306702832
ACATAAGG	0.0299663372158213
ACATAATA	0.187077738834002
ACATAATC	0.444743484589157
ACATAATG	0.945235830640714
ACATACAA	0.945441748035786
ACATACAC	1.59876050944968
ACATACAT	0.0369580064565939
ACATACCA	1.43647260637966
ACATACCG	0.234348278879642
ACATACGC	0.514797058502293
ACATACGG	0.153802440009509
ACATACTC	0.560566663084431
ACATAGAA	0.481361072693203
ACATAGAC	0.861813099609367
ACATAGAG	0.798064406862113
ACATAGAT	1.53875522830649
ACATAGCT	1.29317790488863
ACATAGGG	0.252363075263557
ACATAGTA	0.198924535557432
ACATATAA	0.621061146825169
ACATATAC	0.76003753438948
ACATATAG	0.523312278411809
ACATATAT	0.332529216740468
ACATATCC	1.38394343597894
ACATATCG	1.34340032435496
ACATATCT	1.01489185305122
ACATATGG	0.660383037366232
ACATATTA	1.8905347458013
ACATATTC	1.13018416936036
ACATCAAA	1.65990488277256
ACATCAAC	0.979891847258754
ACATCAAG	0.261473432153053
ACATCAAT	1.55617488771042
ACATCACG	0.583362789965482
ACATCAGG	0.229486009753227
ACATCAGT	0.262582767483728
ACATCATA	1.17529555244264
ACATCATG	0.521906564865101
ACATCCAA	1.23927991943396
ACATCCAC	0.274786646395147
ACATCCAT	0.290354239517392
ACATCCCA	0.00308042900836356
ACATCCCC	0.292124176895847
ACATCCCG	1.14868459751993
ACATCCCT	0.633182896833347
ACATCCGA	0.89304350777066
ACATCCGC	0.836562627822888
ACATCCTA	0.333701636591021
ACATCCTC	0.784338167555915
ACATCGAG	0.215576468257197
ACATCGCT	0.243194394950027
ACATCGGG	1.48018660783296
ACATCTAA	1.36863175175808
ACATCTAC	0.680177293320279
ACATCTAG	0.0338228248460753
ACATCTAT	0.481893125153305
ACATCTCC	0.930860892026339
ACATCTCT	1.65357976694936
ACATCTGA	0.411294405766509
ACATCTTC	1.56160372724178
ACATGAAA	2.97297821690183
ACATGAAG	0.217055978789422
ACATGAAT	0.908175460623563
ACATGACG	0.719339687150708
ACATGACT	1.44755643749476
ACATGAGA	0.203015507157795
ACATGAGG	0.122219710756069
ACATGATA	0.868641701317629
ACATGATG	1.21058717535529
ACATGCAA	0.0977286337560426
ACATGCAG	0.510539448547535
ACATGCCG	0.727126459396731
ACATGCCT	0.0156663858609236
ACATGCGG	0.392391665008469
ACATGCTC	0.444460199386689
ACATGGAC	0.31566422500187
ACATGGAT	0.794279335669457
ACATGGGA	0.366163978300866
ACATGGGG	1.61555408475069
ACATGGGT	0.508961145276633
ACATGGTC	0.205522224117461
ACATGTAG	0.187896647318451
ACATGTAT	0.0455160762286689
ACATGTGA	0.871899481146022
ACATGTGG	0.362712183816998
ACATGTTG	0.280476155923728
ACATTAAA	0.858247038825342
ACATTAAT	0.605011492749139
ACATTACC	1.10846166959118
ACATTACG	0.806962894986733
ACATTACT	0.377539426536153
ACATTAGA	0.735497656157094
ACATTAGT	0.366028287069433
ACATTATA	1.38840696332877
ACATTATC	1.26285924658066
ACATTATG	1.8195408554598
ACATTCAA	0.202967896199398
ACATTCAC	0.778962890352759
ACATTCAG	0.153802440009509
ACATTCAT	0.625279477739248
ACATTCCC	0.391557282962542
ACATTCCG	0.542172169307291
ACATTCCT	1.21367712655534
ACATTCGA	0.455955865291931
ACATTCGT	1.0033866649543
ACATTCTA	3.20637189606559
ACATTCTC	1.94322698373454
ACATTGAT	2.59864419813984
ACATTGCC	1.06308128459395
ACATTGCG	0.316627156635473
ACATTGCT	0.12118893350675
ACATTGGA	1.09985122776487
ACATTGGG	0.818804930614324
ACATTGGT	0.354325513495159
ACATTTAA	0.055028745716626
ACATTTAC	0.662496963919111
ACATTTAG	0.666972394008541
ACATTTCA	0.21544196729972
ACATTTCC	1.2839378081375
ACATTTCG	0.0337561695043157
ACATTTCT	2.31235712474361
ACATTTGA	0.785885523703855
ACATTTGC	0.465509004094527
ACATTTTA	0.905023615177603
ACATTTTG	0.627821902917711
ACCAAAAA	2.61421298153604
ACCAAAAC	0.409279271952305
ACCAAAAG	1.02946794796483
ACCAAACA	1.07031338917463
ACCAAACC	0.596518888044864
ACCAAACG	0.124790702509573
ACCAAAGA	0.0268859082074577
ACCAAAGC	0.147263074873517
ACCAAAGG	0.146537007757945
ACCAAATC	0.308922513292685
ACCAAATG	0.995284470108889
ACCAACAC	1.47080962957643
ACCAACAT	1.27306941660916
ACCAACCA	1.9058452397482
ACCAACTA	0.950071913740008
ACCAACTC	0.368304090880866
ACCAACTG	0.431909950752927
ACCAAGAA	1.30953464964633
ACCAAGAC	1.20413589049234
ACCAAGAT	0.136607742384003
ACCAAGCA	0.608908449694032
ACCAAGGT	0.100271058934506
ACCAAGTG	0.978290928782614
ACCAATAA	2.53594056592942
ACCAATAC	0.719532511532221
ACCAATAG	0.756207232786346
ACCAATAT	0.339328061599727
ACCAATCA	3.41347004290603
ACCAATCC	1.44414749287345
ACCAATCG	1.86666142098649
ACCAATCT	0.534199714323513
ACCAATGA	1.3125377108473
ACCAATTA	2.11562388354646
ACCACAAA	1.97129840480611
ACCACAAC	1.41573565344933
ACCACAAT	0.484627184439319
ACCACACA	1.92710829376883
ACCACACC	0.149141327182325
ACCACACT	0.838933653551118
ACCACAGG	0.672686899290283
ACCACATC	0.457116382402888
ACCACATG	0.639905564159172
ACCACCAA	0.786127149317727
ACCACCAC	2.4320558352525
ACCACCAT	0.62516640171305
ACCACCCA	0.461695366326834
ACCACCCT	0.218933040824271
ACCACCGA	0.372387920837471
ACCACCGC	0.0494630246798784
ACCACCGG	1.01856979958748
ACCACCTC	1.2871479770075
ACCACGAA	0.702593722808106
ACCACGAC	0.196080971067099
ACCACGAT	0.887881289606336
ACCACGCT	0.403050568319864
ACCACGGG	0.302672384728964
ACCACGTG	0.435699783041421
ACCACTAA	2.90335909298408
ACCACTAT	1.42341649131292
ACCACTCA	1.2830820011603
ACCACTCC	0.79341400650057
ACCACTCT	1.82648967483802
ACCACTGA	0.494782601865653
ACCACTGC	0.492835313667168
ACCACTTC	0.347067222887353
ACCAGAAA	0.728957100747142
ACCAGAAC	0.68168179960566
ACCAGAAG	0.637572627197659
ACCAGAAT	0.312289798325398
ACCAGATA	0.00534671062811677
ACCAGATG	0.60367362481815
ACCAGCAA	0.0698678911753831
ACCAGCAC	0.143023319028159
ACCAGCAT	0.435036800445728
ACCAGCCA	0.513198520574072
ACCAGCCC	0.480294587225083
ACCAGCCT	1.19157492939294
ACCAGCGG	0.193217171919447
ACCAGCGT	2.11502160492272
ACCAGCTC	0.147120241998323
ACCAGGAA	0.114173458786776
ACCAGGAC	0.560566663084431
ACCAGGAG	0.00897704620597939
ACCAGGAT	1.82765614331878
ACCAGTAA	1.49503646575735
ACCAGTAC	0.191876923440539
ACCAGTAT	0.75662858976817
ACCAGTCA	1.69360748994868
ACCAGTCG	1.11773866483507
ACCAGTCT	0.276691084731073
ACCAGTTG	0.0492892446817254
ACCATAAA	0.399146469731213
ACCATAAC	1.41020087953554
ACCATAAG	0.254499617021678
ACCATAAT	0.545526361326443
ACCATACA	0.670774129036637
ACCATACC	0.0396646894415308
ACCATACT	2.13687503482749
ACCATAGG	1.58031602416623
ACCATATA	0.585375543231766
ACCATATC	0.90170156055537
ACCATATG	0.924108467851517
ACCATCAA	2.14861351662056
ACCATCAC	0.782382547439708
ACCATCAT	3.18533380382339
ACCATCCA	0.0823848121382642
ACCATCCG	0.227599425526699
ACCATCGC	0.345548433314451
ACCATCGG	0.407241522932865
ACCATCTC	0.034010888131747
ACCATCTG	0.405746538839161
ACCATGAC	0.81522577681674
ACCATGAG	0.612537594997932
ACCATGCT	0.437645880965948
ACCATGGA	0.0855223742967075
ACCATGGG	0.400134397117974
ACCATTAA	1.19748225905619
ACCATTAC	1.25482251680305
ACCATTAG	2.37772816089828
ACCATTAT	1.32171829390043
ACCATTCA	0.588285763063856
ACCATTCC	1.22258751741956
ACCATTCT	1.13291227727657
ACCATTGC	1.65505451638574
ACCATTTA	0.160093037887868
ACCATTTG	1.4742197644717
ACCCAAAA	0.673316554215101
ACCCAAAC	0.846998949903771
ACCCAAAG	0.789582514623475
ACCCAAAT	0.885023441828485
ACCCAACA	0.881171715294069
ACCCAACC	1.52489329776886
ACCCAAGA	1.28225595103209
ACCCAAGT	0.255894618102744
ACCCAATA	0.355915719505657
ACCCAATC	2.04533344511529
ACCCACAA	0.612857778693161
ACCCACAC	2.31610410716955
ACCCACAT	2.19417720380763
ACCCACCA	2.14171468874866
ACCCACCC	2.65266835263426
ACCCACCG	0.147084533779525
ACCCACCT	1.28866914712833
ACCCACGC	0.361631415061359
ACCCAGAA	1.13027463018131
ACCCAGAC	0.414753341894138
ACCCAGAG	2.08106546939313
ACCCAGCA	1.26821785994838
ACCCAGCC	0.654525699209296
ACCCAGCT	0.499277076338442
ACCCAGGA	0.07837239861926
ACCCAGTC	0.470481968699217
ACCCATAA	1.28411872977942
ACCCATAC	1.08911495664608
ACCCATAG	1.58596030328433
ACCCATAT	1.89075970757973
ACCCATCT	0.0202917904693076
ACCCATGA	0.631947392462913
ACCCATTG	0.144799207776409
ACCCCAAC	1.07056810780206
ACCCCAAT	2.29191059865951
ACCCCACA	0.292853814833297
ACCCCACC	1.59139866500736
ACCCCACG	0.368908750052523
ACCCCACT	1.37032194078122
ACCCCAGA	0.54478601092335
ACCCCAGC	1.89999147241314
ACCCCAGT	1.66062499851833
ACCCCATA	1.54852499696979
ACCCCATC	1.03386720052082
ACCCCATG	0.460447959216801
ACCCCCAA	2.37220647999805
ACCCCCAC	0.0860972766193647
ACCCCCAG	0.518752338871223
ACCCCCAT	0.949348227172356
ACCCCCCA	1.78531809856319
ACCCCCCC	1.18556999726497
ACCCCCCG	1.65891814565976
ACCCCCGA	0.401948374632947
ACCCCCGG	0.273930839417938
ACCCCCGT	0.174592955268037
ACCCCCTA	1.30271795067767
ACCCCCTG	0.326220764752708
ACCCCGAA	0.0189515419903994
ACCCCGAC	1.05933192162009
ACCCCGAG	0.174529870748159
ACCCCGCC	0.814916305587151
ACCCCGCG	1.36465028536203
ACCCCGCT	0.537393219358073
ACCCCGGA	0.319112448663857
ACCCCGGC	0.369342009773946
ACCCCGGT	0.18081570753068
ACCCCTAA	1.25371675229426
ACCCCTAC	1.07349142064771
ACCCCTAG	1.00841676270907
ACCCCTAT	2.92794420162695
ACCCCTCA	0.259815380526835
ACCCCTCC	0.359079467691218
ACCCCTCG	0.540778358500182
ACCCCTCT	1.70031111289114
ACCCCTGA	0.746915954254939
ACCCCTGC	1.39011619673526
ACCCCTTA	0.912909180162302
ACCCCTTG	0.734496635756771
ACCCGAAA	2.19515084790687
ACCCGAAC	0.304931524704957
ACCCGAAT	0.247356782987988
ACCCGACC	0.966364383703868
ACCCGAGA	0.605392380416323
ACCCGAGT	0.438480263011876
ACCCGATC	0.268052076329722
ACCCGCAT	0.582912866408619
ACCCGCCC	0.0883088056369602
ACCCGCTA	0.258563212320961
ACCCGGAA	0.037431735492656
ACCCGGGG	0.813332050946451
ACCCGTAA	0.514136456454516
ACCCGTAC	0.219816224102557
ACCCGTAG	0.0756431004290843
ACCCGTCC	0.463458162061526
ACCCGTGC	0.159056309268748
ACCCGTTA	0.094222086670014
ACCCTAAA	0.205831695347047
ACCCTAAC	1.84647675517358
ACCCTAAG	1.14236067197069
ACCCTAAT	0.411099200837076
ACCCTACA	1.5626345044911
ACCCTACC	1.09916324941602
ACCCTAGA	0.0759335272753107
ACCCTATA	1.27093168457708
ACCCTATG	1.16406650790443
ACCCTCAA	0.862657003846974
ACCCTCAG	2.20208062290173
ACCCTCAT	0.899913769067518
ACCCTCCA	1.69231009133233
ACCCTCCC	1.02422122034935
ACCCTCCG	0.0416345928452566
ACCCTCCT	0.192714876308348
ACCCTCGA	1.00726695806375
ACCCTCTA	0.536177949644959
ACCCTCTG	0.218303385899453
ACCCTGAA	0.416462575300634
ACCCTGAC	1.331926083381
ACCCTGAT	0.891273570392205
ACCCTGCA	0.0521554243772967
ACCCTGCC	1.32361321004468
ACCCTGGC	0.35688579278302
ACCCTTAA	1.77056584310351
ACCCTTAC	0.451416160408664
ACCCTTAT	0.846265741144439
ACCCTTCA	0.898306899221579
ACCCTTCC	1.23443074332111
ACCCTTCT	0.56370898633871
ACCCTTTA	0.324180635185346
ACCGAAAA	0.183947318319322
ACCGAAAC	0.173599076511475
ACCGAAAG	0.78182907004833
ACCGAACT	1.32150761540951
ACCGAAGA	0.230241833717801
ACCGAAGG	0.0434771369352668
ACCGAATA	0.912909180162302
ACCGAATG	1.23427600770631
ACCGACAA	2.21338346442546
ACCGACAC	0.0983547178589786
ACCGACAT	0.574749967591252
ACCGACCA	0.183830671471246
ACCGACGG	0.419676314992511
ACCGACTG	0.150993393464015
ACCGAGAA	1.1732101924648
ACCGAGAC	0.260922335309591
ACCGAGCC	0.00123312382251477
ACCGAGGC	0.0418893114726852
ACCGAGTG	0.12486688004301
ACCGATAA	3.52104700340674
ACCGATAG	0.264528865408255
ACCGATAT	0.955672152721597
ACCGATCA	0.564790945368308
ACCGATCC	0.725598147632151
ACCGATGA	1.01638326632304
ACCGATGG	0.328256133224228
ACCGATTC	0.203065498664114
ACCGATTG	0.818041965005992
ACCGCAAA	0.229614559340902
ACCGCAAC	0.0963193493874554
ACCGCAAT	0.878430514364294
ACCGCACG	0.124809746892933
ACCGCACT	0.212075872540972
ACCGCAGA	0.766026992955973
ACCGCAGG	1.38958533454913
ACCGCAGT	0.386185576581267
ACCGCATC	0.168273790814638
ACCGCATG	0.597753202141335
ACCGCCAG	0.0425427718767014
ACCGCCAT	0.162265287864784
ACCGCCCA	0.298925402303026
ACCGCCCG	1.99224246540547
ACCGCCCT	0.3037888617034
ACCGCGAA	1.57170915316179
ACCGCGAC	0.356589414566993
ACCGCGCC	0.520823415561541
ACCGCGCG	0.240290126487738
ACCGCTCA	0.337173665732211
ACCGCTGA	1.0023166086643
ACCGCTGC	1.05661809699139
ACCGCTGG	0.673093972984589
ACCGGAAA	0.176329564975611
ACCGGAAT	0.450704376580611
ACCGGAGT	0.915842015199631
ACCGGCAA	0.179726606857321
ACCGGCAC	0.684908632311099
ACCGGCAT	0.799424889998343
ACCGGCCT	0.188889335801053
ACCGGCGC	0.0129727958895457
ACCGGGAG	1.11174206462482
ACCGGGAT	1.60915517194197
ACCGGGCT	0.829993505837899
ACCGGGGA	0.435616463864223
ACCGGGGG	0.368708784027249
ACCGGTAA	0.53376407405417
ACCGGTAG	1.11174206462482
ACCGGTCG	0.0808505490038834
ACCGGTCT	0.490939207248958
ACCGGTGA	0.548102114175785
ACCGGTGC	1.25956099743763
ACCGGTTA	0.717763764427728
ACCGTAAA	1.33388884514096
ACCGTAAC	0.44573260224988
ACCGTAAT	0.886001847023565
ACCGTACC	0.952635763849751
ACCGTACT	0.506563933521285
ACCGTAGG	0.194171771635332
ACCGTCAC	0.185081649403158
ACCGTCAT	0.900473197828697
ACCGTCCC	0.274721181327347
ACCGTCCT	0.572462261040217
ACCGTCGT	0.378424990362359
ACCGTGAC	0.493394742428345
ACCGTGAT	0.0928985020265464
ACCGTGCG	0.438604051503712
ACCGTGGG	0.233200854782247
ACCGTGTG	1.61602424296487
ACCGTTAT	0.184392480780344
ACCGTTGC	1.15042477804938
ACCTAAAA	0.448583308383971
ACCTAAAC	0.805917834449895
ACCTAAAG	1.076455202808
ACCTAAAT	0.827735556135863
ACCTAACA	1.0539399805815
ACCTAACT	1.29921497441352
ACCTAATA	0.00867828744202997
ACCTAATG	0.991831485351059
ACCTACAC	1.21558394543919
ACCTACAG	2.1323329493963
ACCTACAT	0.63179146657416
ACCTACCA	0.685377600251323
ACCTACCC	0.0642248023312362
ACCTACCT	0.548798424442357
ACCTACGC	0.0192038800699114
ACCTACTA	0.484093941705261
ACCTACTC	0.503762028619551
ACCTAGAA	2.42602352682345
ACCTAGAT	0.177022304420306
ACCTATCA	1.58664471081131
ACCTATCG	0.414753341894138
ACCTATGA	0.871156750195013
ACCTATTA	0.287244053660031
ACCTATTG	0.695972228768878
ACCTCAAA	0.128879293562016
ACCTCAAC	0.375461208202074
ACCTCAAT	0.454935800508251
ACCTCACA	0.179755173432361
ACCTCACT	1.43050933384029
ACCTCAGA	1.17240675754183
ACCTCAGG	0.450923386989242
ACCTCATC	0.548831752113236
ACCTCCAA	1.72960970641543
ACCTCCAC	0.518402398326995
ACCTCCAT	0.687628408309595
ACCTCCCA	0.644507163288358
ACCTCCGA	0.14219488835203
ACCTCCGT	0.119132140103948
ACCTCCTA	0.567475013148008
ACCTCCTC	0.340842090076791
ACCTCCTG	1.06716630482451
ACCTCGAG	0.112304728669648
ACCTCGTA	0.869426091857237
ACCTCTAC	0.932741524883069
ACCTCTAG	0.144727791338813
ACCTCTAT	1.81370375196018
ACCTCTCG	0.133929625974103
ACCTCTCT	1.02594235649544
ACCTCTGA	1.08360874930733
ACCTCTTA	0.629759668924518
ACCTGAAG	0.136214951977216
ACCTGAAT	0.353669672543221
ACCTGACG	0.562787714293706
ACCTGAGG	1.57267922643916
ACCTGATA	1.45722027177563
ACCTGCAA	0.0344358159354524
ACCTGCAC	0.483813037050711
ACCTGCAG	0.366127079808108
ACCTGCAT	0.475504924810226
ACCTGCGC	0.415834110649779
ACCTGGAA	0.854085841061341
ACCTGGAC	0.275488908031517
ACCTGGAG	0.613993300050957
ACCTGGCA	0.268173484273637
ACCTGGCT	0.198857880215675
ACCTGGGG	0.268909073580888
ACCTGTAG	0.063466597818746
ACCTGTAT	1.38982100879319
ACCTGTGG	0.703359068964357
ACCTTAAA	0.75894129207236
ACCTTAAT	1.47426856570406
ACCTTACG	0.556215021486835
ACCTTACT	0.808705456064108
ACCTTAGT	0.592013701106435
ACCTTATA	0.88172400241149
ACCTTATC	0.108651777886544
ACCTTATG	1.47792984840488
ACCTTCAA	1.27002469581959
ACCTTCAT	0.730390190594927
ACCTTCCA	1.42218217721644
ACCTTCCT	0.0946077354330399
ACCTTCGA	0.28434930738942
ACCTTCTA	1.46597711729902
ACCTTCTC	1.61227011889517
ACCTTGAA	0.373880524383256
ACCTTGAC	0.940028382065909
ACCTTGAT	1.40734660257957
ACCTTGGG	0.222827617221242
ACCTTGTA	0.157184008329739
ACCTTTAA	2.83670613177454
ACCTTTAC	0.194588367521317
ACCTTTAT	0.164529188936621
ACCTTTCA	1.38371728392655
ACCTTTCC	1.13661402929203
ACCTTTCG	0.887630141800783
ACCTTTCT	3.13129774658937
ACCTTTGA	1.27155062703626
ACCTTTTA	0.690952843479748
ACCTTTTG	0.561473651841916
ACGAAAAA	2.95345534341065
ACGAAAAC	0.272225176833323
ACGAAAAG	1.37586385633877
ACGAAACA	0.57163740118597
ACGAAACC	1.7360693231961
ACGAAACT	0.0191241317145928
ACGAAAGA	2.20100223469401
ACGAAAGC	0.335835797801223
ACGAAAGG	1.46444880553443
ACGAAATC	0.259577325734842
ACGAAATG	1.13280277207226
ACGAACAA	0.823795749328414
ACGAACCC	1.09686840122122
ACGAACTA	0.444760148424595
ACGAACTC	0.510538258273572
ACGAACTG	3.60881542466588
ACGAAGAA	0.643175246727167
ACGAAGCC	1.04613416395211
ACGAAGCT	0.533380805839064
ACGAAGGG	0.360710143016356
ACGAAGTC	1.20600700115739
ACGAATAA	1.13343837836687
ACGAATAC	1.29576317992965
ACGAATCA	1.55719376222015
ACGAATCC	0.401174696558975
ACGAATGA	1.20630933074322
ACGAATGC	0.383206320859498
ACGAATTA	0.979957312326551
ACGAATTG	0.0181969082997881
ACGACAAA	1.5600754154772
ACGACAAC	0.291469526217868
ACGACAAT	1.47167376847136
ACGACACA	1.00781448408533
ACGACACC	1.48670097721579
ACGACAGA	0.31717230210913
ACGACAGG	0.486036468807906
ACGACATA	0.692635890859123
ACGACCAC	0.14511939147164
ACGACCAT	0.0837738618495318
ACGACCCA	0.899973282765514
ACGACCGC	0.648389836945729
ACGACCTA	1.17574309545158
ACGACCTG	1.24817840755859
ACGACGAA	0.537089699498283
ACGACGAT	0.798859509867363
ACGACGCG	0.212775753629425
ACGACGGG	2.04754378385893
ACGACTAT	0.279497750728645
ACGACTCA	1.46468924087434
ACGACTCT	0.247844795311572
ACGACTTA	0.810795577137788
ACGAGAAA	0.589498652229048
ACGAGAAG	1.3833887683136
ACGAGAAT	0.0271810961495255
ACGAGACC	0.327369379124063
ACGAGACG	0.810774152206509
ACGAGACT	0.479292376550801
ACGAGAGC	1.73708343660998
ACGAGATA	0.59079724111936
ACGAGATG	0.423644688375
ACGAGCAC	0.972206248299326
ACGAGCAT	0.612998231020435
ACGAGCCA	0.396782585646741
ACGAGCCT	0.0484548626357982
ACGAGCGT	0.286983383662802
ACGAGCTG	0.600739599506862
ACGAGGAA	0.226196092527913
ACGAGGAG	0.951138399208128
ACGAGGGA	0.744513981403753
ACGAGGGG	0.839869208883643
ACGAGTAC	1.14783117109064
ACGAGTAG	0.0899989946600965
ACGAGTCC	0.646299715872049
ACGAGTTA	0.271437215471831
ACGAGTTG	1.53428693986082
ACGATAAA	0.458826806083341
ACGATAAG	1.03304234066657
ACGATAAT	0.891781817373105
ACGATACA	0.16926647929724
ACGATAGA	1.44312385726789
ACGATAGC	0.330008216493283
ACGATAGG	3.10906461929137
ACGATAGT	0.502011135624459
ACGATATA	0.15219557016357
ACGATATC	0.110259838006445
ACGATATG	1.27002469581959
ACGATCAT	0.296406782603761
ACGATCCA	0.0684764609161962
ACGATCCT	0.547333197197653
ACGATCGC	0.388786325183767
ACGATCGG	0.686188176818049
ACGATCTG	0.764335613658874
ACGATGAA	1.88261823369364
ACGATGAT	1.75450428628788
ACGATGGC	1.01254939389803
ACGATGGG	1.28105853542838
ACGATGTA	0.633787556005003
ACGATGTG	0.430013844334718
ACGATTAA	1.78858659085722
ACGATTAC	0.972554998569595
ACGATTCA	1.28995107218319
ACGATTGA	0.171389928041799
ACGATTGG	1.16811343936827
ACGATTTG	0.480599297358834
ACGCAAAA	1.56862158250967
ACGCAACA	1.80878553995765
ACGCAACC	1.24017024435601
ACGCAACG	0.582184418745128
ACGCAAGG	0.547599818564683
ACGCAATA	0.746056576455851
ACGCACAA	0.812519093831803
ACGCACAC	0.876386813975053
ACGCACAT	0.31935169372981
ACGCACCC	0.446959774702594
ACGCACCG	0.188781020870697
ACGCACGG	1.35653856832494
ACGCACGT	0.0490749953689332
ACGCACTC	0.0768988394568352
ACGCAGAA	1.7570776585893
ACGCAGAC	0.209370379829995
ACGCAGAG	0.958763294195597
ACGCATAA	1.17595496421645
ACGCATAC	1.0306844079519
ACGCATAT	1.47684193800548
ACGCATCC	1.08701174255884
ACGCATCT	0.0456243911590246
ACGCATGC	0.0277655206638654
ACGCATTA	0.100628141122492
ACGCATTG	0.582133236964849
ACGCCAAA	1.28685755016127
ACGCCAAT	1.16259056819408
ACGCCACA	0.200085052668386
ACGCCACC	1.73630737798809
ACGCCAGA	1.70855018924195
ACGCCAGC	0.129989819166654
ACGCCAGT	0.415986465716652
ACGCCATC	0.204693793441332
ACGCCCAA	0.873989602219703
ACGCCCGT	0.0753014918025764
ACGCCGAA	1.43352072695897
ACGCCGAC	0.191936437138538
ACGCCGCC	0.560100075692126
ACGCCGGA	0.690971887863108
ACGCCGGG	0.836993506996392
ACGCCTAA	0.682674488088262
ACGCCTCA	0.311643479565143
ACGCCTGA	1.13327174001248
ACGCGAAA	0.53691353895221
ACGCGAAC	2.17859770794578
ACGCGAAT	1.61595401680123
ACGCGACC	1.70179181369732
ACGCGAGT	1.01169477719478
ACGCGATA	0.465594703819644
ACGCGATG	1.07175838176202
ACGCGCAC	0.0237911959115756
ACGCGCCT	0.94687959897941
ACGCGCGA	0.492835313667168
ACGCGCGC	0.125776249348414
ACGCGCTA	0.222557425032332
ACGCGCTG	2.21065773705716
ACGCGGAA	0.682816130689499
ACGCGGAC	0.198118720086542
ACGCGGCC	1.7566467794158
ACGCGGGG	1.12280685135656
ACGCGTAA	0.038810072738284
ACGCGTAC	0.40816874634767
ACGCGTCC	1.57274588178091
ACGCGTGA	0.933298573096326
ACGCTAAA	0.1913460612544
ACGCTAAC	0.773144831236502
ACGCTAAT	0.251638198421945
ACGCTACC	0.820358238132065
ACGCTAGA	0.376891917501938
ACGCTAGC	0.17923145288998
ACGCTATC	0.0705201613054369
ACGCTATG	0.414660500525263
ACGCTCAC	0.163626961274975
ACGCTCAG	0.0185706543232148
ACGCTCCA	0.461371611809724
ACGCTCCC	0.347995636576118
ACGCTCTC	0.58020142232784
ACGCTGAC	0.885676902232501
ACGCTGCG	0.467625311195326
ACGCTGCT	0.85280986737627
ACGCTGGA	0.658828539574532
ACGCTGGC	0.834828398663234
ACGCTGGG	0.39790858481286
ACGCTTAG	0.287876089132766
ACGCTTCA	1.67489281247631
ACGCTTCC	0.052913628889787
ACGGAAAA	1.69672243690188
ACGGAAAG	1.24341612144481
ACGGAAAT	0.842821088304329
ACGGAACA	1.33416141787779
ACGGAACC	0.464559165474484
ACGGAAGA	1.94448272276229
ACGGAAGC	0.0189515419903994
ACGGAAGT	1.12128925205761
ACGGAATA	0.955249605465811
ACGGAATG	0.241313762093297
ACGGACCC	0.545668003927675
ACGGACGG	1.27747581080891
ACGGAGAC	1.92864374717717
ACGGAGCA	0.662496963919111
ACGGAGTA	0.603964051664379
ACGGATAA	1.21423179422068
ACGGATCA	0.290339956229871
ACGGATTA	0.993769251357866
ACGGATTC	1.12049414905236
ACGGCAAA	2.45370810885803
ACGGCAAG	0.550811177708641
ACGGCACA	0.142363907254341
ACGGCACC	0.313118229001525
ACGGCACG	0.6580477198568
ACGGCAGA	1.85692497999406
ACGGCAGC	0.571576697214011
ACGGCATA	0.0848474889614121
ACGGCATG	1.3367086041521
ACGGCCGT	1.8548848504267
ACGGCCTG	0.0164888651672516
ACGGCGGC	0.080674388457811
ACGGCTAA	0.797764457824203
ACGGCTAT	0.390864543517849
ACGGCTCA	1.64210909679728
ACGGCTCC	1.50268516622402
ACGGCTCG	0.00308042900836356
ACGGCTGA	0.127941357681572
ACGGCTGG	0.81130977548849
ACGGGAAA	1.64481220896033
ACGGGAAT	0.336605905053312
ACGGGACC	1.74379658174412
ACGGGACT	0.432759806360332
ACGGGAGG	0.301323804332336
ACGGGATA	0.918979577358071
ACGGGATG	0.00324349654087701
ACGGGCAA	1.1337883189111
ACGGGCAG	0.367032878291634
ACGGGCAT	0.842516378170581
ACGGGCGG	0.446728861554361
ACGGGCTA	1.00197857085967
ACGGGGAA	0.499198518257086
ACGGGGAC	0.417038667897253
ACGGGGAG	0.512634330717054
ACGGGGAT	0.0428819999552872
ACGGGGCA	0.523539620738161
ACGGGGCG	0.0403360039549472
ACGGGGCT	1.2200450922411
ACGGGGGA	1.24017024435601
ACGGGGGC	0.137856339767996
ACGGGGTC	0.835279512494057
ACGGGGTG	1.09858001517564
ACGGGTAA	0.0121931664457762
ACGGGTCC	0.795650531271324
ACGGGTGG	1.06116613379238
ACGGGTTA	0.0758466372762341
ACGGGTTG	0.124790702509573
ACGGTAAA	0.14483253544729
ACGGTAAC	0.224205954466867
ACGGTAAG	0.352229441051677
ACGGTAGA	0.551707454000487
ACGGTATA	0.114643617000957
ACGGTCAA	0.0304472078956413
ACGGTCAC	0.266911793876085
ACGGTCAT	1.37917757904328
ACGGTCCA	0.276944613084541
ACGGTCTA	1.19763104330119
ACGGTCTC	0.57706266989544
ACGGTGCA	0.390893110092886
ACGGTGGA	0.683363656711076
ACGGTGGC	1.46584856771134
ACGGTGGG	0.751897250777349
ACGGTGTA	0.631824794245038
ACGGTGTG	0.25650165782232
ACGGTTAC	0.173869268700385
ACGGTTGG	0.183830671471246
ACGTAAAA	1.12323415970818
ACGTAAAG	0.86884047706894
ACGTAACA	0.101968389601401
ACGTAACC	1.87239854147347
ACGTAAGG	0.779610399386974
ACGTAATA	0.62628049813957
ACGTAATC	0.160660798566768
ACGTAATG	1.62464539725682
ACGTACAA	0.909500235540993
ACGTACAC	1.67593430219127
ACGTACCT	0.355901436218139
ACGTACGT	1.03605016296338
ACGTAGAA	0.24043891073273
ACGTAGGA	0.107198453381441
ACGTAGGG	1.77800743590115
ACGTATAA	0.106058170927804
ACGTATAC	0.910347710600481
ACGTATAG	0.82256976714966
ACGTATCA	0.993082463282974
ACGTATGA	0.289043747887483
ACGTATTA	0.0924295340863229
ACGTATTG	0.464262787258453
ACGTCAAA	1.60981934481162
ACGTCACC	0.464954336429189
ACGTCCAC	0.0837738618495318
ACGTCCAT	0.162483107999458
ACGTCCCA	0.91165701195643
ACGTCCCT	1.22491212246335
ACGTCCGC	1.39021141865206
ACGTCCGG	0.272660817102665
ACGTCCTG	0.0606944497660118
ACGTCGAA	1.34781505047244
ACGTCGGC	0.372753334943177
ACGTCGGG	0.361068415478301
ACGTCTCA	1.48245407972667
ACGTCTCG	0.603040399071453
ACGTCTGC	0.341275349798214
ACGTCTGG	0.0294842762620388
ACGTCTTC	0.224338074876424
ACGTCTTG	0.319402875510088
ACGTGAAA	2.50109886657363
ACGTGAAG	0.691688432786999
ACGTGACC	1.14858580478126
ACGTGATA	0.476341687404076
ACGTGATG	0.224990345006478
ACGTGCAA	1.46685792002938
ACGTGCAC	1.26020493564997
ACGTGCCC	1.02217990050802
ACGTGCCG	0.143813660937568
ACGTGCGG	0.98001801629851
ACGTGCTA	0.690068469927501
ACGTGCTC	1.02685648689669
ACGTGGAA	0.0661423336807237
ACGTGGAG	1.65945853003758
ACGTGGCC	0.616692841392136
ACGTGGCT	0.0656126617685442
ACGTGGGG	2.51144234728564
ACGTGTAG	1.26052154852332
ACGTGTCA	0.551800295369364
ACGTGTCC	0.592543373018614
ACGTTAAG	2.52734083656875
ACGTTAAT	1.19344127896215
ACGTTACA	1.64421588170639
ACGTTACG	0.752548330633444
ACGTTAGA	0.687151108451654
ACGTTAGG	0.269482785629586
ACGTTAGT	0.485265171281857
ACGTTCAA	0.730390190594927
ACGTTCCA	0.538628723728505
ACGTTCCC	0.479255478058044
ACGTTCGC	0.0467230140240631
ACGTTCTG	0.746837396173583
ACGTTGAA	0.151029101682812
ACGTTGAT	0.51766680901974
ACGTTGTA	0.160825056373241
ACGTTGTG	0.330927107990367
ACGTTTAA	1.37665419824818
ACGTTTCT	0.242430239067736
ACGTTTGA	0.568972377789632
ACTAAAAA	2.34250914469718
ACTAAAAC	0.412265669317834
ACTAAAAG	1.49609223875983
ACTAAAAT	1.5977582987754
ACTAAACA	0.155043895749741
ACTAAACG	1.27509288234108
ACTAAACT	0.0211606904600756
ACTAAAGA	1.82520774978315
ACTAAAGG	2.68763622102981
ACTAAATA	0.0573473993906176
ACTAAATG	0.471968620875201
ACTAACAG	0.361631415061359
ACTAACCC	0.289693637469618
ACTAACCG	0.00868185826390894
ACTAACGG	0.154219035895491
ACTAACTA	0.377894128176222
ACTAACTG	1.39264909972205
ACTAAGAC	0.120017703930153
ACTAAGAG	1.46763873974711
ACTAAGCC	0.108167336384845
ACTAAGCG	1.10342681074057
ACTAAGGC	1.30701126885123
ACTAAGTG	0.214413570598321
ACTAATAA	1.8223260965261
ACTAATAG	1.20838992962522
ACTAATCA	2.29901891474836
ACTAATCT	1.4648392153933
ACTAATGA	0.409361400855543
ACTAATGC	0.832829928684471
ACTAATTA	1.13379546055486
ACTAATTC	0.919177162835425
ACTAATTG	3.67090725606087
ACTACAAA	2.20291857576954
ACTACAAC	0.470739067874568
ACTACAAT	1.02838360838731
ACTACACC	0.605011492749139
ACTACACT	0.640241221415879
ACTACAGA	1.36902573243882
ACTACATA	1.07897382250726
ACTACATC	0.202591769628052
ACTACATG	0.209535827910427
ACTACCAA	0.339328061599727
ACTACCAC	1.14141202362461
ACTACCCA	2.19213588396631
ACTACCCC	0.651858295265036
ACTACCCT	0.52902202259771
ACTACCGA	0.60030276896356
ACTACCGC	0.758494939337379
ACTACCGG	0.989325958665355
ACTACGAT	0.210826084883019
ACTACGCA	0.282930500829156
ACTACGCG	0.583374692705081
ACTACGGA	0.659068974914442
ACTACTAA	1.0033271512563
ACTACTAC	1.47669553430841
ACTACTAG	0.641859994001417
ACTACTAT	1.07628618390569
ACTACTCA	0.911246367440246
ACTACTCC	0.788075627790174
ACTACTGA	0.207602822999462
ACTACTGC	0.083425111579266
ACTACTTC	0.448040543458232
ACTACTTG	0.450900771784003
ACTAGAAA	1.6913804873696
ACTAGAAG	0.229111073455841
ACTAGACA	0.237514407613122
ACTAGACG	0.0946077354330399
ACTAGAGA	0.0418857406508089
ACTAGAGG	1.01257081882931
ACTAGAGT	0.865039932314806
ACTAGATG	1.45855456888474
ACTAGCAA	0.400085595885617
ACTAGCAC	0.993083653556931
ACTAGCAG	0.268503190160545
ACTAGCAT	1.64609651456312
ACTAGCCA	0.0698369440524212
ACTAGCCC	1.07487213844126
ACTAGCGG	1.31969958926434
ACTAGCTC	1.04668764134349
ACTAGCTG	0.0584424514337771
ACTAGGAA	0.00734994170272108
ACTAGGAC	0.184055633249675
ACTAGGAG	0.605523310551921
ACTAGGCC	0.139747685090363
ACTAGGGA	1.80027270059606
ACTAGGGG	2.23300155983343
ACTAGTAA	0.616414317285506
ACTAGTAG	0.899256737841623
ACTAGTAT	0.158761121326681
ACTAGTCC	0.0768821756213946
ACTAGTCT	0.157050697646225
ACTAGTGA	0.331355606615952
ACTAGTGC	0.418881211987261
ACTAGTGG	0.202744124694926
ACTAGTTA	0.640355487716033
ACTATAAA	0.925914113448767
ACTATAAG	1.95288486664561
ACTATAAT	2.16111853484385
ACTATACG	1.4480694455715
ACTATACT	1.39948841389595
ACTATAGA	1.48164112261202
ACTATAGC	0.222412211609216
ACTATATA	0.128835253425498
ACTATATC	1.79124566288376
ACTATATG	1.08790801885068
ACTATCAA	0.555093783416558
ACTATCAC	2.24556490148075
ACTATCAG	0.969032977922088
ACTATCAT	3.37940202162421
ACTATCCC	0.0644402419179881
ACTATCCG	1.16478781392416
ACTATCCT	0.985762278429249
ACTATCGC	0.675499516657657
ACTATCGG	1.28223928719665
ACTATCTC	0.376455086958636
ACTATGAA	0.142959044234321
ACTATGAC	0.0530885991618997
ACTATGAG	0.670774129036637
ACTATGAT	0.966995228902645
ACTATGCC	0.354587373766348
ACTATGGG	1.76709500423628
ACTATTAA	0.736310613271742
ACTATTAC	0.614088521967753
ACTATTAG	1.27093168457708
ACTATTAT	1.22990532172536
ACTATTCC	1.23983220655138
ACTATTCT	1.49702541354444
ACTATTGA	2.00500696335203
ACTATTGC	0.482164507616174
ACTATTTA	0.0249386200089708
ACTATTTC	1.07762405183668
ACTATTTG	0.357595196063154
ACTCAAAA	0.72487208051658
ACTCAAAG	1.36943042558521
ACTCAACA	0.744178324147043
ACTCAAGG	0.210635641049425
ACTCAATA	1.09168118730374
ACTCAATG	0.017413708034137
ACTCACAA	0.427817788878601
ACTCACAT	0.659259418748035
ACTCACCA	1.80243780892921
ACTCACCG	1.2503566089053
ACTCACGA	0.740719388019414
ACTCACGC	0.933298573096326
ACTCACGG	0.932824844060264
ACTCACTG	0.9077612452855
ACTCAGAC	0.354819477188541
ACTCAGAG	0.65278551867984
ACTCAGAT	0.127930645215933
ACTCAGCA	0.628131374147298
ACTCAGGC	0.277386204723685
ACTCATAA	3.10596038480381
ACTCATAG	0.437866081648539
ACTCATAT	0.705763422363465
ACTCATCA	0.722374885748594
ACTCATCG	1.33416141787779
ACTCATCT	1.36143178457431
ACTCATGA	0.991448217135952
ACTCATGC	0.970311332155078
ACTCATGG	1.02488777376692
ACTCATTC	0.690274387322576
ACTCATTG	2.08988063834056
ACTCCAAA	1.59129392089889
ACTCCAAC	0.0377888176806421
ACTCCAAG	1.44755643749476
ACTCCAAT	2.59975829456635
ACTCCACA	1.98963814598109
ACTCCACC	1.15095921105741
ACTCCACG	0.212292502401683
ACTCCAGC	1.18126596662577
ACTCCAGG	1.01937204423649
ACTCCAGT	0.426428739167336
ACTCCCAA	0.359048520568259
ACTCCCAG	0.663411094320357
ACTCCCAT	0.431330287334428
ACTCCCCA	1.56891677045174
ACTCCCCC	1.98136098086356
ACTCCCCG	1.17397910944293
ACTCCCGA	0.352559146938586
ACTCCCGG	1.40232364646856
ACTCCGAG	0.74004093186224
ACTCCGCT	0.678283567449993
ACTCCGTG	0.143180435190871
ACTCCTAA	0.692046705248948
ACTCCTAC	0.24731274285147
ACTCCTAT	1.70170849452013
ACTCCTCA	0.593465835337578
ACTCCTCG	0.948590022659863
ACTCCTCT	2.62069045242612
ACTCCTGG	1.4274146215444
ACTCCTTA	0.382501678675206
ACTCGAAG	0.28434930738942
ACTCGAAT	0.129989819166654
ACTCGAGG	0.943938432024362
ACTCGAGT	1.25749587211711
ACTCGATC	0.647962528594105
ACTCGATG	0.992707526985587
ACTCGCAT	1.60961223714259
ACTCGCGA	0.475512066453987
ACTCGCTG	0.227137599230239
ACTCGGAA	0.513610355364216
ACTCGGAG	1.19125950679355
ACTCGGGA	0.15170517729207
ACTCGGGG	0.933509251587239
ACTCGTAT	1.48666645927095
ACTCGTCA	1.53403222123339
ACTCGTCG	1.14783117109064
ACTCGTTA	0.182233323816987
ACTCGTTG	0.61104499145215
ACTCTAAA	1.05563493070047
ACTCTAAC	0.845874141011615
ACTCTAAG	1.4689885104177
ACTCTAAT	2.92158932895475
ACTCTACA	0.225168886100472
ACTCTACC	1.28105853542838
ACTCTACT	1.17994952362606
ACTCTAGA	1.96212377312278
ACTCTAGC	0.509372980066777
ACTCTAGG	1.3729857739036
ACTCTATA	0.849150965223368
ACTCTATC	0.756069161006991
ACTCTCAA	1.27405258290008
ACTCTCAC	0.839041968481474
ACTCTCAT	0.167040666992126
ACTCTCCC	0.213261385405084
ACTCTCCT	0.0534682965551247
ACTCTCGC	0.888616878913587
ACTCTCTA	0.768689635804389
ACTCTCTC	0.630059617962425
ACTCTCTG	1.07043360684459
ACTCTGAA	0.0769666850725518
ACTCTGAC	1.26668835790984
ACTCTGAT	2.15257474835929
ACTCTGCC	0.967285655748874
ACTCTGCG	1.32673410836768
ACTCTGCT	0.805736912807982
ACTCTGGA	0.821798469623608
ACTCTGGG	2.13135692474914
ACTCTGTC	0.850224592335248
ACTCTGTG	0.832646626494638
ACTCTTAG	0.569156870253424
ACTCTTAT	1.17016904249711
ACTCTTCC	1.42045389942659
ACTCTTCT	0.348826447800166
ACTCTTGA	0.521892281577583
ACTCTTGG	0.124411005116345
ACTCTTTA	0.294709451936866
ACTCTTTC	0.107493641323509
ACTGAAAA	0.530968120522238
ACTGAAAG	1.18526766767914
ACTGAACA	1.13765670928095
ACTGAACC	0.963088749766072
ACTGAAGG	1.40734660257957
ACTGAATA	0.134241477751614
ACTGAATC	0.449184396733749
ACTGAATG	0.791270323098691
ACTGACAA	0.116249296572938
ACTGACAC	0.706187159893208
ACTGACGA	1.75541365559328
ACTGACGC	0.598336436381713
ACTGACTA	2.01141063725658
ACTGAGAA	0.827970040105975
ACTGAGAC	0.999565885542846
ACTGAGCT	0.798661924390011
ACTGAGGA	0.264690742666809
ACTGAGGG	0.932667727897551
ACTGATAA	1.98972622625413
ACTGATAG	0.374359014515156
ACTGATAT	1.90434906538054
ACTGATCA	0.914668405075118
ACTGATCC	0.0697857622721452
ACTGATGG	0.661694719270103
ACTGATTA	2.30280160539309
ACTGATTG	2.68221095232034
ACTGCAAG	0.174446551570961
ACTGCAAT	1.06167438077328
ACTGCACA	0.319620695644757
ACTGCAGA	0.32562800832065
ACTGCATC	0.250093222821925
ACTGCCAG	0.0359010431801542
ACTGCCAT	0.893667211325674
ACTGCGAC	0.628131374147298
ACTGCGAG	0.818984661982275
ACTGCGCG	0.541755573421306
ACTGCGGG	0.6034224770126
ACTGCGTG	0.42863669736305
ACTGCTAA	0.850348380827085
ACTGCTAC	0.0430664924190826
ACTGCTAG	1.55218151857478
ACTGCTAT	1.04582469272252
ACTGCTCC	0.655710021799448
ACTGCTCT	1.03851879115632
ACTGCTGG	0.830191091315248
ACTGCTTG	0.419754873073868
ACTGGAAA	1.34267901833523
ACTGGAAC	0.737097384359272
ACTGGACA	0.167616759588743
ACTGGACG	0.298756383400711
ACTGGACT	0.7774310077663
ACTGGAGA	1.38924610647054
ACTGGATA	0.203870123861044
ACTGGATG	0.461371611809724
ACTGGCAT	0.801887566821488
ACTGGCGG	0.56294959155226
ACTGGCTA	0.228780177294975
ACTGGGAC	0.431091042268478
ACTGGGAG	0.506656774890163
ACTGGGGA	1.63862159409461
ACTGGGGC	0.469966580074559
ACTGGGGG	1.20881604770288
ACTGGGTG	0.57419410965195
ACTGGTAC	0.048658399482948
ACTGGTCA	0.455461901598549
ACTGGTCG	0.636758479809052
ACTGGTCT	0.48227163227257
ACTGGTGC	0.421908078667426
ACTGGTGG	0.660878191333573
ACTGGTTA	0.485210418679697
ACTGGTTG	1.80825467777151
ACTGTAAA	2.42042447811582
ACTGTAAC	0.0647259076683759
ACTGTAAT	1.45063924705104
ACTGTACA	0.446959774702594
ACTGTACC	0.380785303624952
ACTGTAGG	1.17336968917543
ACTGTATA	0.388779183540006
ACTGTATG	0.384685831391724
ACTGTCCC	0.32718488666027
ACTGTCCT	0.00884254524850309
ACTGTCGA	0.822019860580161
ACTGTCGC	2.60704277120128
ACTGTCTA	0.701720061721499
ACTGTCTC	0.453765761205615
ACTGTGAA	2.43631344520726
ACTGTGAC	1.45990791037721
ACTGTGAT	0.51719784107952
ACTGTGCC	0.259638029706801
ACTGTGCT	1.54629680411676
ACTGTGGA	0.114680515493717
ACTGTGTA	0.165776596046652
ACTGTTAG	1.04681738120513
ACTGTTAT	0.482602528433438
ACTGTTCT	0.873955084274865
ACTGTTGA	1.02646845758574
ACTGTTGG	0.455611876117504
ACTGTTTA	1.81242420745324
ACTGTTTC	0.511056027446155
ACTTAAAA	0.784778568921099
ACTTAAAT	0.52064368419359
ACTTAACA	0.932391584338841
ACTTAACC	0.381454237590446
ACTTAACG	0.931977369000778
ACTTAAGA	1.42728131086089
ACTTAATA	1.78900199646924
ACTTAATC	0.920384100630817
ACTTAATG	1.59335785594545
ACTTACAT	1.07398657461505
ACTTACCA	0.0350440459289881
ACTTACCT	0.358831890707545
ACTTACGC	0.535525679514902
ACTTACTA	1.57605365311563
ACTTACTC	0.368152926087952
ACTTACTG	0.686594060238394
ACTTAGAA	0.764437977219432
ACTTAGAC	0.562023558411415
ACTTAGAG	1.10328873896122
ACTTAGAT	1.87640857444456
ACTTAGCC	1.01671416248391
ACTTAGCG	0.905827050100572
ACTTAGCT	0.299301528874372
ACTTAGGA	0.679272685110713
ACTTAGGG	1.36322076633613
ACTTAGTA	0.902525230135658
ACTTAGTG	0.371029818249163
ACTTATAA	1.90753899959322
ACTTATAC	1.19435898018527
ACTTATAG	0.972603799801951
ACTTATAT	0.48854080521965
ACTTATCC	0.668201947009174
ACTTATCG	0.816351775982856
ACTTATCT	1.57082596988351
ACTTATGA	1.67630685794073
ACTTATGC	0.230867917820737
ACTTATGG	1.38241036311852
ACTTATTA	1.81154816581871
ACTTATTC	0.127940167407613
ACTTATTG	2.94779797127899
ACTTCAAA	0.640212654840839
ACTTCAAT	0.746539827683593
ACTTCACA	1.17002263880004
ACTTCACG	0.106547373525347
ACTTCAGA	1.19416377525584
ACTTCAGC	0.00177469847429353
ACTTCAGG	1.53182307276371
ACTTCATA	0.11850129490517
ACTTCCAA	0.869385622542598
ACTTCCAC	0.415446081338833
ACTTCCAT	0.627934978943906
ACTTCCCA	0.43996334436598
ACTTCCCC	1.37309646938187
ACTTCCCT	0.1823904399797
ACTTCCGA	0.300664392558519
ACTTCCGG	1.65181935176258
ACTTCCTA	0.67098599780151
ACTTCCTC	0.339367340640407
ACTTCGAT	1.08631067119642
ACTTCGCG	0.312551658596588
ACTTCGCT	0.796781291533281
ACTTCGGC	0.011862270284908
ACTTCGTA	0.0203751096465052
ACTTCGTC	0.0779462805415949
ACTTCTAA	1.13315747371232
ACTTCTAC	2.35396196073987
ACTTCTAG	0.472628032649015
ACTTCTCA	0.282169915768744
ACTTCTCG	1.72652451631122
ACTTCTCT	1.76225773086302
ACTTCTGC	0.192259001381686
ACTTCTTA	1.32146476554696
ACTTCTTC	0.501187466044169
ACTTCTTG	1.27147444950282
ACTTGAAA	1.13930642898945
ACTTGAAG	0.897353489779654
ACTTGAAT	1.18140165785721
ACTTGACA	0.452968277652445
ACTTGACG	0.511225046348467
ACTTGAGA	1.53274910590456
ACTTGATA	1.36947208517381
ACTTGATC	0.592013701106435
ACTTGATG	0.4299698041982
ACTTGCAC	0.892315060107166
ACTTGCCT	0.08723517852508
ACTTGCGA	0.802936198180208
ACTTGCTA	0.323290310263299
ACTTGGAA	1.09022548225072
ACTTGGCG	0.620266043819918
ACTTGGCT	1.69956124029637
ACTTGGGA	1.31734998846739
ACTTGGGG	1.78197580928363
ACTTGTAA	1.4202694069628
ACTTGTAT	2.13714879783828
ACTTGTCA	0.929299252590878
ACTTGTCC	0.76577703542438
ACTTGTCT	1.35190126097696
ACTTGTGC	0.51531482767487
ACTTGTTC	1.01714623193138
ACTTGTTG	0.0657352599864185
ACTTTAAC	1.11419402898232
ACTTTAAT	2.68606267885475
ACTTTACA	0.493261431744831
ACTTTACC	0.989758028112818
ACTTTACG	0.462135767692015
ACTTTACT	1.21377949011589
ACTTTAGA	2.81370170695049
ACTTTAGC	0.853985858048705
ACTTTAGG	0.847172729901921
ACTTTATA	0.129924354098857
ACTTTATG	0.637077473230318
ACTTTCAA	1.29298984160296
ACTTTCAC	0.912536624412835
ACTTTCAG	0.411582452064819
ACTTTCAT	1.37712792728424
ACTTTCCC	1.12038821466993
ACTTTCCT	0.14985311101038
ACTTTCGA	0.824577759320103
ACTTTCTA	0.909243136365642
ACTTTCTC	1.34523334625329
ACTTTGAG	1.00751096422554
ACTTTGAT	1.78429922405346
ACTTTGCC	1.72119565979251
ACTTTGCT	1.15836152481436
ACTTTGGA	0.229099170716244
ACTTTGGC	1.77231911664652
ACTTTGGG	0.131324116275764
ACTTTGTC	0.026205071502364
ACTTTGTG	0.418463425827316
ACTTTTAA	1.19502553360285
ACTTTTAG	1.42225835474988
ACTTTTAT	1.34766507595348
ACTTTTCA	1.51661851319925
ACTTTTCC	1.11483439637278
ACTTTTCG	1.64541567785803
ACTTTTCT	1.56050510437674
ACTTTTGA	0.80809365524869
ACTTTTGC	1.38425885857833
ACTTTTGG	2.28155283465998
ACTTTTTA	0.517559684363347
ACTTTTTG	1.13871010173551
AGAAAAAA	1.04564377108061
AGAAAAAC	1.02077894805716
AGAAAAAT	1.20391688008371
AGAAAAGA	2.62313646541383
AGAAAAGC	1.54769894684159
AGAAAATA	1.98702906546087
AGAAAATC	0.127122449197123
AGAAAATG	0.869854590482819
AGAAACCA	0.529692146837167
AGAAACCC	0.0069678637615741
AGAAACCT	0.955249605465811
AGAAACGG	0.739029198996278
AGAAACTA	1.76492037371144
AGAAACTG	0.10596175873705
AGAAAGAA	1.02967267508594
AGAAAGAG	1.13008656689564
AGAAAGAT	1.08779732337241
AGAAAGCA	0.529929011355196
AGAAAGGA	1.88099470001227
AGAAAGGC	1.10750468932738
AGAAAGTA	1.59815942109991
AGAAAGTC	0.935132785268616
AGAAAGTG	1.49158229072556
AGAAATAA	1.31437073274563
AGAAATAC	1.21623383502132
AGAAATAG	0.641564806059347
AGAAATAT	2.12460807139619
AGAAATCA	1.96488758925779
AGAAATCC	0.431254109800991
AGAAATGA	1.69538099814901
AGAAATGC	0.0686311965309894
AGAAATTA	1.70011590796171
AGAAATTG	0.620606462172467
AGAACAAA	0.687323698175845
AGAACAAC	0.692644222776844
AGAACAAT	0.0598564968982029
AGAACACC	0.0155259335336491
AGAACACT	1.02937748714387
AGAACAGC	0.702527067466349
AGAACATA	0.419527530747516
AGAACATC	0.636989392957282
AGAACCAC	1.04405356507011
AGAACCCA	1.53902184967352
AGAACCCC	0.925038071814241
AGAACCCT	1.40341155686796
AGAACCGA	0.0827514165179329
AGAACCGC	1.5878516486067
AGAACCTA	2.17374139018917
AGAACGAC	0.0360522079730711
AGAACGCT	0.837031595763109
AGAACGGA	0.461769163312349
AGAACGGG	0.965928743434526
AGAACGTG	1.99246504663598
AGAACTAC	0.791789282545231
AGAACTCA	0.529775466014359
AGAACTCT	1.07943564880373
AGAACTGA	0.902912069172643
AGAACTGC	0.230694137822581
AGAACTTA	2.60239594166161
AGAACTTC	0.0872232757854807
AGAACTTG	1.6802549966659
AGAAGAAA	1.36717723697902
AGAAGAAC	0.592894503836799
AGAAGAAG	0.107493641323509
AGAAGAAT	0.923906121278324
AGAAGACA	0.335116872329409
AGAAGACC	0.200199318968542
AGAAGACG	0.0471419904579675
AGAAGAGC	1.7869761501894
AGAAGATA	0.964300448657308
AGAAGATG	1.64707253921029
AGAAGCAA	0.234026904910456
AGAAGCAT	0.724917310927057
AGAAGCCT	1.31630849875243
AGAAGCGC	0.512236779214429
AGAAGCGG	0.938534588246168
AGAAGCTA	2.27483730897792
AGAAGGAA	0.564375539756285
AGAAGGAC	0.618030709323124
AGAAGGCA	0.584091237628976
AGAAGGCC	0.406002447740552
AGAAGGCG	0.743345132375073
AGAAGGGA	2.41546222597677
AGAAGGGG	0.179407613436052
AGAAGGTA	1.69062466340503
AGAAGGTG	1.27315035523843
AGAAGTAA	1.36116873402917
AGAAGTAC	1.311981852908
AGAAGTAG	0.51719784107952
AGAAGTAT	0.86961177459499
AGAAGTCA	0.545609680503638
AGAAGTGA	1.1337883189111
AGAAGTGC	1.63066818349419
AGAAGTGG	0.454325189966794
AGAAGTTA	1.74062331136689
AGAAGTTC	0.96575377316241
AGAAGTTG	1.46100653324225
AGAATAAC	2.19290123012256
AGAATAAG	0.537539623055146
AGAATAAT	1.9010151080187
AGAATACA	1.34153397478575
AGAATACC	1.13416682603036
AGAATAGA	1.71519548876037
AGAATAGC	0.354715923354024
AGAATATA	2.18944824536473
AGAATATC	1.71615842039398
AGAATATG	0.167597715205383
AGAATCAC	0.153858382885626
AGAATCAT	2.30490720002826
AGAATCGC	0.485248507446416
AGAATCTA	1.46522010306049
AGAATCTC	0.472983924563042
AGAATCTG	0.927770940826296
AGAATGAA	0.559302592138959
AGAATGAC	0.520684153508229
AGAATGAG	1.23163121896729
AGAATGAT	0.578413630839991
AGAATGCA	3.12210764134456
AGAATGCC	0.518746387501422
AGAATGCT	0.208735963809338
AGAATGGA	0.171716063106826
AGAATGGC	0.197917563787308
AGAATGGG	0.109276671715523
AGAATGTA	0.883216605957272
AGAATGTC	1.65942044127086
AGAATGTG	3.19892792272003
AGAATTAA	0.215307466342249
AGAATTAG	0.327306294604185
AGAATTAT	0.876386813975053
AGAATTCT	0.288817595835089
AGAATTGA	0.17634146771521
AGAATTTA	1.03204370081417
AGAATTTC	1.42505073745993
AGAATTTG	0.716842492382724
AGACAAAA	0.190853287834978
AGACAAAT	0.800578265465539
AGACAACA	0.383368198118052
AGACAACC	0.0173696678976189
AGACAAGA	0.837775516988081
AGACAAGC	0.314195426935284
AGACAATA	0.173118205831652
AGACAATC	0.432855028277129
AGACAATG	0.678558520734741
AGACACAG	0.944669260235774
AGACACAT	0.881490708715338
AGACACCC	0.757779584687444
AGACACCT	1.17162831837202
AGACACGA	0.310272283963275
AGACACGG	0.100547202493214
AGACACTA	1.40744777586616
AGACACTC	0.389869474487325
AGACAGAG	1.88471549641108
AGACAGAT	3.18963902473655
AGACAGCA	1.07349142064771
AGACAGCG	0.650977492534671
AGACAGCT	0.2139446026581
AGACAGGA	0.732047051947185
AGACAGGC	0.72873213896871
AGACAGGG	0.561795025811104
AGACAGTG	0.926430692347387
AGACATAA	0.639830576899692
AGACATAC	0.237514407613122
AGACATCT	0.270089825349164
AGACATGA	0.0328479904728709
AGACATTC	0.303250857873501
AGACCAAA	0.535036476917362
AGACCAAC	1.08889713651141
AGACCAAG	0.432364635405629
AGACCAAT	2.51370148726163
AGACCAGC	0.743786724014216
AGACCAGG	2.81169133423213
AGACCCAC	1.47894039099689
AGACCCCA	1.40060012977454
AGACCCCC	0.599771906777418
AGACCCCG	0.230318011251238
AGACCCCT	2.17557560236145
AGACCCTA	0.731926834277227
AGACCCTC	0.984958843506281
AGACCGAG	0.314132342415406
AGACCGAT	1.97585477352482
AGACCGTA	0.583090217228653
AGACCGTC	0.952006108924937
AGACCGTG	0.585345786382767
AGACCTAC	0.537363462509074
AGACCTCA	0.298730197373593
AGACCTGA	0.475688227000059
AGACCTGG	0.690354135677892
AGACCTTC	0.226123485816357
AGACGAAA	1.13874223913243
AGACGAAC	0.839300257930784
AGACGAAG	0.505692652982598
AGACGAAT	1.37770401988086
AGACGACT	1.07963323428108
AGACGAGA	1.58955850146527
AGACGAGC	0.711864766682193
AGACGATG	0.435359364688876
AGACGCAC	1.00035265663038
AGACGCCC	0.720503775083544
AGACGCGA	0.897966480869031
AGACGCGC	0.0309423618629827
AGACGCTA	0.386091544938429
AGACGCTG	0.648325562151892
AGACGGAA	0.0557405295446789
AGACGGCA	1.02592926348188
AGACGGGA	0.216501311124082
AGACGGTA	0.203077401403713
AGACGGTG	0.0753479124870138
AGACGTAA	1.03677384953103
AGACGTCT	0.000732018485372427
AGACGTGA	0.788531502716836
AGACGTGC	0.164362550582226
AGACGTTA	0.0408263968264472
AGACGTTC	0.400182008076373
AGACGTTG	0.238692778833477
AGACTAAT	0.172968231312698
AGACTACA	0.133077389818776
AGACTACT	0.966995228902645
AGACTAGA	1.45124628677062
AGACTAGC	1.51768975976321
AGACTAGG	0.189979626748371
AGACTATA	0.612857778693161
AGACTATC	0.698321829565829
AGACTCAA	0.334993083837575
AGACTCAC	0.353624442132743
AGACTCCC	0.195992890794063
AGACTCGA	0.734670415754925
AGACTCTA	0.486045990999586
AGACTCTG	0.91714893600766
AGACTGAT	0.424694510007679
AGACTGCA	0.20208947401695
AGACTGGA	1.42540305855208
AGACTGGC	0.0426070466705391
AGACTGTA	1.50088309144865
AGACTGTC	0.372370066728071
AGACTGTG	0.476640446168022
AGACTTAG	0.782214718811356
AGACTTAT	1.0859012169542
AGACTTCC	0.743453447305431
AGACTTGA	0.29253839223391
AGACTTGC	0.609893996532873
AGACTTTA	2.12221562073669
AGACTTTC	1.07861435977136
AGACTTTG	0.758123573861874
AGAGAAAA	1.12341627162405
AGAGAACA	0.73978145213897
AGAGAACC	0.472219768680751
AGAGAACT	0.262364947349057
AGAGAAGA	1.37472952525493
AGAGAAGG	1.64962686712835
AGAGAATG	1.4689885104177
AGAGACCA	0.174821487868348
AGAGACGA	1.05996990846263
AGAGAGAA	0.714638105008887
AGAGAGAG	2.91657589503542
AGAGAGAT	1.88099470001227
AGAGAGCA	0.726252798310124
AGAGAGTA	0.305550467164135
AGAGAGTC	0.773385266576412
AGAGAGTG	1.19039060680278
AGAGATAC	0.16452204729286
AGAGATAG	0.74900607532862
AGAGATAT	0.646882950112426
AGAGATGA	2.22787385961394
AGAGATGC	1.35474601574125
AGAGATGG	0.521397127610241
AGAGATTA	2.07637578999091
AGAGATTG	0.506642491602641
AGAGCAAA	0.322458308765291
AGAGCAAT	0.493337609278268
AGAGCACC	0.477969982181294
AGAGCACG	0.158732554751641
AGAGCAGA	0.0779034306790365
AGAGCAGC	0.730321154705251
AGAGCATA	1.15069139941641
AGAGCATG	0.791967823639226
AGAGCCAG	0.511799948671127
AGAGCCCG	0.744728230716542
AGAGCCTA	1.228845977901
AGAGCCTC	1.17622634667933
AGAGCCTG	0.317186585396652
AGAGCGAA	0.55424154726123
AGAGCGAC	2.16882793928247
AGAGCGAT	2.04849481275293
AGAGCGGA	0.616341710573948
AGAGCGGG	0.168361871087674
AGAGCGTA	0.398653696311791
AGAGCGTG	0.175943916212587
AGAGCTGG	0.47704037821857
AGAGCTTA	0.819585750332056
AGAGCTTC	1.01101513076365
AGAGGAAC	0.0683526724243595
AGAGGAAG	1.01986005656007
AGAGGAAT	1.35200719535939
AGAGGACA	1.0260328173164
AGAGGAGC	0.449317707417263
AGAGGAGG	0.997525755975482
AGAGGATG	0.537539623055146
AGAGGCAA	0.851302980542967
AGAGGCAT	0.971013593791451
AGAGGCCA	1.39606518598712
AGAGGCGA	1.56311180434904
AGAGGCTC	1.08268033561856
AGAGGCTG	1.05300442524897
AGAGGGAC	0.883898632936326
AGAGGGAG	1.01257081882931
AGAGGGGA	1.54979263873715
AGAGGGTG	3.01746946725098
AGAGGTAT	1.28048482337967
AGAGGTCA	0.0687537947488637
AGAGGTGG	0.174986935948783
AGAGGTTC	0.134960403223425
AGAGGTTG	0.0934769751710826
AGAGTAAA	1.08366112136157
AGAGTAAC	1.71098429949005
AGAGTAAG	0.718892144141766
AGAGTAAT	1.19392095936801
AGAGTACA	0.148564044311748
AGAGTACG	0.231090499051249
AGAGTAGA	0.15691143559291
AGAGTAGC	0.277714720336634
AGAGTAGG	0.163096099088835
AGAGTATA	0.87565836631156
AGAGTATC	0.0977952890977996
AGAGTATG	1.68569097784102
AGAGTCAC	0.486907749346593
AGAGTCAT	1.16700886513343
AGAGTCCA	0.541522279725156
AGAGTCCC	1.68234035664374
AGAGTCGA	0.138800227018238
AGAGTCTA	0.203151198389231
AGAGTGAA	0.962353160458821
AGAGTGAT	2.15765959871622
AGAGTGCG	0.0768988394568352
AGAGTGGC	0.118867899284836
AGAGTGGG	0.0571688582966259
AGAGTGTC	0.228180279219157
AGAGTGTG	2.05322734201771
AGAGTTAA	0.600470597591912
AGAGTTAC	1.29199120175056
AGAGTTAG	0.199364936922613
AGAGTTAT	0.10747935803599
AGAGTTCA	0.577532828109626
AGAGTTCG	1.33689190634193
AGAGTTTC	0.165162414683315
AGAGTTTG	1.11919198934017
AGATAAAA	0.786335447260718
AGATAAAC	2.18118179271284
AGATAAAG	0.691603923335845
AGATAAAT	0.542503065468157
AGATAACA	1.64315653788204
AGATAACT	0.430816088983727
AGATAAGA	1.43460387626253
AGATAAGG	1.25440830146499
AGATAATA	0.684711046833748
AGATAATC	0.00186277874732972
AGATAATG	0.808211492370726
AGATACAA	1.11421902473548
AGATACAG	0.144261203946512
AGATACAT	0.272544170254589
AGATACCC	0.143813660937568
AGATACCG	1.37527348045463
AGATACCT	0.396511203183872
AGATACTA	0.436309203308919
AGATACTG	0.904720095317815
AGATAGAA	1.04046607935481
AGATAGAG	0.132451305715842
AGATAGAT	0.849052172484692
AGATAGCA	1.42019918079916
AGATAGCC	0.785880762608016
AGATAGCG	0.977211350300938
AGATAGGA	0.672488123538972
AGATAGGC	0.699090746543959
AGATAGGG	1.08557746243709
AGATAGTA	0.996773502832792
AGATAGTC	0.864666186291377
AGATATAA	0.0348452701776742
AGATATAG	0.381547078959321
AGATATAT	0.918639159005526
AGATATCG	0.625824623212905
AGATATCT	0.785354661517716
AGATATGA	0.903847624505166
AGATATGC	0.232796161635861
AGATATTA	1.97721644693501
AGATATTC	0.728785701296908
AGATATTG	0.51484585973465
AGATCAAA	0.443105667620259
AGATCAAC	1.21581723913534
AGATCAAG	1.97849956226384
AGATCAAT	1.03620846940005
AGATCACT	0.308742781924733
AGATCAGA	0.0557405295446789
AGATCATA	0.0726471808718752
AGATCCAG	0.958494292280647
AGATCCAT	1.50038317638547
AGATCCCC	0.281447419475051
AGATCCGA	0.306978795916079
AGATCCGG	0.194145585608214
AGATCCTA	0.28097845153483
AGATCCTC	0.128431750553075
AGATCGAA	0.90823021322572
AGATCGAG	0.510802499092683
AGATCGGA	1.50609173029741
AGATCGTG	1.20195411832374
AGATCTAC	0.383482464418209
AGATCTCG	1.19205937089464
AGATCTGA	0.560076270212928
AGATCTGC	0.485335397445493
AGATCTTA	2.75483432771301
AGATCTTG	1.20825423839378
AGATGAAA	0.289988825411685
AGATGAAG	1.9610977569693
AGATGAAT	1.10089747857567
AGATGACA	0.700776174471254
AGATGAGA	1.35743365434283
AGATGAGC	2.82722440940954
AGATGAGG	0.597943645974929
AGATGATA	1.40785603983443
AGATGATC	0.080674388457811
AGATGCAC	0.75818308755987
AGATGCAG	1.13688779230282
AGATGCAT	0.368670695260532
AGATGCCT	0.37086198962081
AGATGCGG	1.2971438977232
AGATGCTA	0.223615578582732
AGATGGAG	0.555447294782665
AGATGGAT	1.13219573235268
AGATGGCG	1.25410002050936
AGATGGCT	0.419294237051367
AGATGGGC	0.558656273378704
AGATGGGG	0.667428268935203
AGATGGTA	0.0690596951565738
AGATGGTG	0.716818686903523
AGATGTAC	0.230087098103005
AGATGTAG	1.66740122817235
AGATGTAT	1.34153397478575
AGATGTCC	0.870080742535213
AGATGTGG	1.27776266683326
AGATGTTA	2.47412725864106
AGATGTTG	1.17440760806851
AGATTAAC	1.31122483866947
AGATTAAG	0.633054347245671
AGATTAAT	0.755800159092041
AGATTACG	0.53771102250538
AGATTACT	0.349602506422056
AGATTAGA	2.27016429341114
AGATTAGC	1.27017705088647
AGATTAGG	1.02422122034935
AGATTCAG	1.37711602454464
AGATTCAT	0.520552033098672
AGATTCCT	0.239322433758292
AGATTCGA	0.90666500296838
AGATTCGG	0.53031942121406
AGATTCTA	2.08713348604098
AGATTCTG	0.027833366279582
AGATTGAC	1.95726745536616
AGATTGAG	0.385310725220698
AGATTGAT	0.339732754746113
AGATTGCA	0.742422670056109
AGATTGCC	0.0224200003097082
AGATTGCG	0.442105837493897
AGATTGGA	0.433234725670354
AGATTGGC	0.762443078062551
AGATTGGG	1.04594967148832
AGATTGTG	1.15943158110436
AGATTTCC	0.286806032842767
AGATTTCG	0.411306308506111
AGATTTGA	0.630059617962425
AGATTTTA	1.30141460069152
AGATTTTC	0.912562810439956
AGATTTTG	0.878182937380623
AGCAAAAA	0.506661535986001
AGCAAAAC	1.90218514732134
AGCAAAAG	1.00809062764404
AGCAAAAT	0.81683978830644
AGCAAACC	0.474331314685711
AGCAAACT	1.35644810750398
AGCAAAGA	0.606596937663798
AGCAAATG	0.497084591704206
AGCAACAA	1.7051543376342
AGCAACAG	1.42055864353507
AGCAACAT	0.332084054279445
AGCAACTA	0.804046723784845
AGCAAGAC	0.740950301167647
AGCAAGAT	0.359521059330362
AGCAAGCA	1.08940300294439
AGCAAGCG	0.648856424338031
AGCAAGGC	1.10935675560907
AGCAAGTA	1.8239163025366
AGCAAGTC	0.173599076511475
AGCAAGTG	0.323290310263299
AGCAATAC	0.5666251575406
AGCAATAT	0.332084054279445
AGCAATCA	2.0976757425043
AGCAATCG	0.613460057316898
AGCAATGA	0.464425854790967
AGCAATGG	0.247219901482593
AGCAATTA	1.46987764506579
AGCAATTC	0.209775072976378
AGCACAAA	0.185770818025972
AGCACAAC	0.787009142322054
AGCACACA	0.0719806274543028
AGCACACG	0.676401744319303
AGCACACT	0.0344060590864502
AGCACAGA	0.382500488401244
AGCACCAC	0.0604944837407382
AGCACCAT	0.656882441650004
AGCACCCC	1.45680962725945
AGCACCCT	0.148080793084006
AGCACCGG	0.0554524832463718
AGCACGAG	1.06281585350088
AGCACGAT	0.726755093921226
AGCACGCC	0.651396468968573
AGCACGCG	0.383753846881078
AGCACGGA	0.0637927328837729
AGCACGGG	0.745510240708231
AGCACGTG	1.04446539986026
AGCACTCA	0.239096281705903
AGCACTGA	1.31323402111387
AGCACTGC	1.04228719851354
AGCACTGG	0.351426006128709
AGCACTTA	0.302220080624181
AGCACTTC	1.23088015609856
AGCACTTG	0.348826447800166
AGCAGAAT	0.93005031545961
AGCAGACG	0.813537968341523
AGCAGATC	0.380978128006465
AGCAGCAG	0.165498071940022
AGCAGCGA	0.280345225788131
AGCAGCGC	0.0793579454581014
AGCAGCGG	1.18731017779442
AGCAGCTC	0.195734601344753
AGCAGCTG	1.46459163840963
AGCAGGAC	1.27841017586747
AGCAGGCC	0.471410382387982
AGCAGGGA	0.296349649453683
AGCAGGTA	1.44884431391943
AGCAGTAT	0.567447636846926
AGCAGTCA	0.246341479300147
AGCAGTGA	0.541652019586789
AGCAGTGC	0.124916871549326
AGCAGTGG	0.457003306376691
AGCAGTTA	0.301077417622625
AGCAGTTG	1.0098308081735
AGCATAAT	2.73200249261316
AGCATACA	0.88935841959064
AGCATACC	1.39759111720378
AGCATACG	0.118834571613958
AGCATACT	0.270498089317427
AGCATAGA	0.318518501957839
AGCATATA	0.928287519724919
AGCATATC	0.649796740766395
AGCATATG	0.128380568772796
AGCATCAA	0.426288286840059
AGCATCAC	1.99349582388531
AGCATCAG	0.521101939668171
AGCATCAT	0.42520870835838
AGCATCCA	1.21771691637543
AGCATGAC	1.35443059314186
AGCATGAG	0.797562111251013
AGCATGCG	0.849315223029843
AGCATGGG	0.97368337828363
AGCATGTA	1.87991631180455
AGCATGTC	0.0743635559221321
AGCATGTG	0.683243439041121
AGCATTAT	1.39787440240625
AGCATTCG	0.139479873449373
AGCATTGC	0.139523913585891
AGCATTGG	0.91165701195643
AGCATTTG	0.300456094615528
AGCCAAAC	0.523831237858349
AGCCAACA	0.300594166394883
AGCCAAGA	0.682991100961612
AGCCAATA	0.572462261040217
AGCCAATG	0.567684501364959
AGCCACAC	0.730321154705251
AGCCACCA	0.799401084519142
AGCCACCC	0.108167336384845
AGCCACCT	0.00835334265096272
AGCCACGA	1.13849823297064
AGCCACTA	0.670774129036637
AGCCAGCG	0.0598564968982029
AGCCAGGA	0.793191425270058
AGCCAGGC	0.212292502401683
AGCCAGTA	0.608401392987088
AGCCAGTG	0.254824561812742
AGCCATCA	1.19497078100069
AGCCATCG	0.626240028824931
AGCCATGA	1.02391412966768
AGCCATTA	0.410515966596699
AGCCCAAA	0.0581984452719854
AGCCCAAT	1.10132716747521
AGCCCACC	1.08875787445809
AGCCCCAC	1.44462122190951
AGCCCCAT	1.02098843627411
AGCCCCCA	0.250157497615762
AGCCCCCC	0.0757668889209182
AGCCCCTA	0.439575315055035
AGCCCGCA	0.338578189004957
AGCCCGGA	0.292864527298937
AGCCCGTC	0.925326118112551
AGCCCGTG	1.04495579273176
AGCCCTAT	0.0425975244788591
AGCCCTCA	0.354186251441842
AGCCCTTA	0.00534671062811677
AGCCCTTG	0.559729900490581
AGCCGAAC	1.21620526844628
AGCCGAAT	0.965102693306316
AGCCGAGA	0.830366061587363
AGCCGAGC	0.997850700766552
AGCCGATA	0.158587341328525
AGCCGCAT	0.105558255864624
AGCCGCGA	0.846099102790044
AGCCGGAG	0.327306294604185
AGCCGGCA	0.214406428954563
AGCCGGGG	0.365974724741235
AGCCGGTA	0.708022562339458
AGCCGTAA	0.570159080927704
AGCCGTCC	0.801606662166939
AGCCGTGA	0.407985444157837
AGCCGTGG	0.971170709954166
AGCCGTTA	0.29643653945276
AGCCGTTG	0.864874484234368
AGCCTAAA	0.367087630893792
AGCCTAAC	0.292714552779982
AGCCTAAT	1.74379658174412
AGCCTACC	1.28030985310756
AGCCTACT	0.731778050032235
AGCCTCAA	0.0150664877851082
AGCCTCAG	0.0075879964947118
AGCCTCAT	0.106412872567871
AGCCTCCC	0.540361762614197
AGCCTCCG	0.507254292418059
AGCCTCTA	0.13797893798587
AGCCTCTC	1.00892381941601
AGCCTGAG	0.0663470608018359
AGCCTGGA	1.63250596648836
AGCCTGTA	0.694849800424641
AGCCTGTC	0.246969943951003
AGCCTTAC	0.720084798649639
AGCCTTCA	0.533277252004549
AGCCTTGA	0.539777338099862
AGCCTTGC	1.01704624891874
AGCCTTTG	0.248533963934383
AGCGAAAA	1.07990699729187
AGCGAAAC	0.850224592335248
AGCGAAAG	0.67097766588379
AGCGAAAT	1.81007341638232
AGCGAACG	0.3463673417989
AGCGAATA	0.116613520404682
AGCGACTA	1.92839378964558
AGCGACTG	0.572795537749005
AGCGAGAC	0.524646575520917
AGCGAGAG	1.68841313438743
AGCGAGAT	1.05553970878367
AGCGAGGA	0.513433004544183
AGCGAGTA	0.562561562241315
AGCGAGTG	1.46050066680927
AGCGATAC	0.792705793494397
AGCGATAG	0.675499516657657
AGCGATCA	0.126854637556133
AGCGATGC	0.266357126210744
AGCGATTA	1.7481934537522
AGCGATTC	2.21728994356203
AGCGATTG	1.41285876128812
AGCGCAAT	1.18357033701224
AGCGCAGG	0.252790383615182
AGCGCCAA	0.818994184173958
AGCGCCAC	0.0629559702899237
AGCGCCAT	0.0591732796451899
AGCGCCCC	2.71523391306532
AGCGCCTG	1.05944856846817
AGCGCGAC	0.142647192456813
AGCGCGCA	0.578120823445842
AGCGCGCC	0.0854914271737483
AGCGCGCG	0.09883082744296
AGCGCGGA	0.312392161885953
AGCGCGTA	0.658452413003186
AGCGCGTC	1.32026139857344
AGCGCGTG	0.445531445950647
AGCGCTTC	0.0604492533302604
AGCGCTTG	0.371003632222045
AGCGGAAC	0.190954461121573
AGCGGAAG	0.340310037616692
AGCGGAAT	0.491066566562673
AGCGGACC	0.111316801282885
AGCGGACT	0.311918432849891
AGCGGATC	0.166935922883649
AGCGGATG	0.833160824845336
AGCGGCAT	0.445851629645873
AGCGGCCG	0.13668391991744
AGCGGCGG	0.264657414995931
AGCGGGAC	0.352598425979265
AGCGGGAG	0.102183829188152
AGCGGGAT	0.236646697896314
AGCGGGCG	0.125776249348414
AGCGGGGA	1.80290082549964
AGCGGGGG	1.37325120499666
AGCGGGTA	0.158454030645011
AGCGGTAA	0.580415671640635
AGCGGTAG	0.520552033098672
AGCGGTCA	0.366897187060198
AGCGGTGC	0.252222622936285
AGCGGTGG	0.201918074566716
AGCGGTTC	0.382108888268422
AGCGTAAC	0.436309203308919
AGCGTACT	0.445054146092706
AGCGTATA	0.163600775247854
AGCGTATG	0.561401045130358
AGCGTCGA	0.442105837493897
AGCGTCGG	0.726526561320915
AGCGTCTA	0.147146428025441
AGCGTGAG	0.416410203246395
AGCGTGAT	0.150291131827642
AGCGTGGA	0.603329635643723
AGCGTGTA	0.696762570678287
AGCGTGTC	0.703729244165904
AGCGTGTG	0.0264097986234763
AGCGTTAC	0.387373469993298
AGCGTTAT	0.901196884396349
AGCGTTCA	0.129104255340448
AGCGTTCC	0.443917434460948
AGCGTTGA	1.70526384283851
AGCGTTGG	0.813573676560321
AGCGTTTA	0.566477563569565
AGCGTTTG	0.360883923014509
AGCTAAAA	0.303274663352699
AGCTAATC	0.11850129490517
AGCTACAC	0.615907260578565
AGCTACGA	0.707239362073809
AGCTACTA	1.79878723869403
AGCTAGAC	0.185350651318108
AGCTAGCA	0.2097119884565
AGCTAGTA	0.940266436857903
AGCTATAT	0.50087799481458
AGCTATCA	0.352375844748753
AGCTATGA	0.0409739907974825
AGCTATTA	1.00506971233368
AGCTCACT	0.837312500417658
AGCTCATC	0.569158060527381
AGCTCCCA	0.321994101920906
AGCTCCCC	0.875948793157789
AGCTCCCG	0.0864305533281496
AGCTCCTC	0.313112277631726
AGCTCCTG	0.213770822659947
AGCTCGAG	0.330279598956152
AGCTCTAA	0.809133954689692
AGCTCTCA	0.781843353335851
AGCTCTTA	0.790614482146756
AGCTCTTG	0.231115494804407
AGCTGAAT	0.508957574454754
AGCTGACA	0.236600277211877
AGCTGACT	0.0301067895430931
AGCTGAGA	0.225514065548859
AGCTGAGG	0.163636483466654
AGCTGATA	1.04961452501102
AGCTGCAG	0.139429881943056
AGCTGCTA	0.629612074953483
AGCTGCTC	0.305404063467059
AGCTGGAA	0.285760972305929
AGCTGGAC	1.05282945497686
AGCTGGAG	0.155589041223399
AGCTGGGA	0.491368896148504
AGCTGGGG	1.61291405710751
AGCTGGTC	0.147120241998323
AGCTGGTG	1.14332717442618
AGCTGTAC	0.764378463521433
AGCTGTAT	1.17351728314647
AGCTGTCG	0.636258564745869
AGCTGTGA	0.0783057432775003
AGCTGTTG	1.42310821035729
AGCTTAAC	0.111951217303541
AGCTTACT	0.260343862165055
AGCTTATA	0.789827711059226
AGCTTATC	1.34942192031837
AGCTTATG	0.739145845844354
AGCTTCAC	1.06661639825501
AGCTTCCG	0.0342298985403778
AGCTTCGC	0.263762328978045
AGCTTCTA	1.31055947552585
AGCTTGCC	0.255856529336024
AGCTTGGA	1.10177352021019
AGCTTTAG	0.372191525634079
AGCTTTAT	2.44325631321567
AGCTTTCA	0.66751396866032
AGCTTTGA	0.219961437525671
AGCTTTGG	0.709461603557044
AGCTTTTA	0.403214826126337
AGCTTTTC	1.04000068223647
AGCTTTTG	0.971861068850939
AGGAAAAA	0.423047170847104
AGGAAAAC	2.21030779651293
AGGAAAAT	0.468420414200576
AGGAAACA	1.65346073955336
AGGAAAGA	0.0664053842258726
AGGAAAGG	1.0339659932595
AGGAAATA	3.24215629239767
AGGAAATG	0.154584450001201
AGGAACAC	0.0319041032226283
AGGAACAG	1.12097263918427
AGGAACCA	0.030704307070992
AGGAACCT	0.272986952167692
AGGAACTA	0.154129765348496
AGGAAGAA	0.76028749192107
AGGAAGAC	0.514979170418164
AGGAAGAG	1.42871440070868
AGGAAGGA	0.897371343889054
AGGAAGGG	0.109719453628626
AGGAAGTA	0.347892082741603
AGGAAGTG	1.89475426698934
AGGAATAA	1.8033626517961
AGGAATAC	0.875095366728502
AGGAATAT	1.65279775695767
AGGAATCG	0.546485722138167
AGGAATGA	0.0289903125686571
AGGAATGC	0.360424477265965
AGGAATTA	1.86369049718244
AGGAATTG	0.0950052869356651
AGGACAAA	0.867571645027628
AGGACAAG	0.883903394032164
AGGACACC	0.68644289544548
AGGACAGA	0.726905068440181
AGGACAGG	0.871529305944477
AGGACATG	0.669995689866825
AGGACCAC	0.0440282337787255
AGGACCCA	0.379068928574698
AGGACCTA	0.252067887321489
AGGACCTG	0.917732170248038
AGGACGAG	0.0784652399881348
AGGACGAT	0.450547260417896
AGGACGCA	1.70942623087647
AGGACGGG	1.17786654419614
AGGACGTG	0.898878230722357
AGGACTAT	0.204730691934089
AGGACTCG	0.733296839605138
AGGACTGA	0.366609140761891
AGGACTTG	1.76413360262391
AGGAGAAA	0.37345559657955
AGGAGAAC	1.66583125681917
AGGAGAAG	0.842337837076587
AGGAGACA	0.343909426071596
AGGAGAGA	0.922190936502029
AGGAGAGG	0.0231246424940005
AGGAGATG	1.15980651740175
AGGAGCTA	0.181646518754728
AGGAGCTG	0.156797169292756
AGGAGGAA	0.33822348736489
AGGAGGAC	0.396868285371858
AGGAGGAT	0.923728770458292
AGGAGGGA	0.155640223003678
AGGAGGTA	0.545970333513506
AGGAGGTC	0.621772930653222
AGGAGGTG	3.10413926564508
AGGAGTAC	0.503500168348362
AGGAGTAT	2.40110633174575
AGGAGTCA	0.275798379261106
AGGAGTCG	0.519716460778785
AGGAGTGA	0.130812298472982
AGGAGTTA	1.45335783277558
AGGAGTTG	0.701690304872499
AGGATAAC	0.491922373539882
AGGATAAG	1.24960435576261
AGGATAAT	0.673295129283822
AGGATAGA	0.205522224117461
AGGATATA	1.68799653850145
AGGATATG	1.6908008239511
AGGATCAT	1.62986950966706
AGGATCCA	0.357522589351596
AGGATCGG	0.114680515493717
AGGATGAA	0.205720999868772
AGGATGAC	0.276735124867591
AGGATGAG	1.06938497548587
AGGATGAT	0.737709185174689
AGGATGCA	0.181502495605574
AGGATGGC	0.0779093820488375
AGGATGTA	0.551605090439932
AGGATGTC	0.00369461037170028
AGGATGTG	0.832914438135628
AGGATTAT	1.15660110962759
AGGATTCA	1.70393192627732
AGGATTGG	0.839665672036491
AGGATTTA	1.36464076317035
AGGATTTC	1.15392656403957
AGGATTTG	0.539329795090918
AGGCAAAC	0.0735601209991614
AGGCAAAG	0.392390474734509
AGGCAACA	0.555912691901007
AGGCAACC	0.839884682445121
AGGCAATC	0.0302329585828491
AGGCAATG	1.10073203049524
AGGCACCA	1.58664471081131
AGGCACCC	0.00966621482879338
AGGCACTA	0.361250527394175
AGGCAGAC	0.644008438499135
AGGCAGAG	0.389433834217982
AGGCAGCA	0.701690304872499
AGGCAGTG	0.791651210765876
AGGCATAT	0.161272599382185
AGGCATGA	0.494570733100783
AGGCATTC	0.532219098454147
AGGCATTG	0.432855028277129
AGGCCAAC	2.1669484966997
AGGCCAAG	0.107147271601165
AGGCCACT	0.0415584153118197
AGGCCAGA	0.224565417202775
AGGCCCCC	0.329548770744739
AGGCCCTG	0.724949448323976
AGGCCGTG	0.200880155673636
AGGCCTGC	0.76315605216456
AGGCCTTG	0.610952150083272
AGGCGAAA	0.849848465763902
AGGCGAAC	0.903829770395768
AGGCGACA	0.766522146923312
AGGCGACC	0.515289831921715
AGGCGCGA	0.103959717936406
AGGCGCGC	0.145268175716633
AGGCGCTA	0.610677196798524
AGGCGCTC	0.288317680771909
AGGCGCTG	0.143385162311986
AGGCGGAG	1.04703877216168
AGGCGGGA	0.155716400537115
AGGCGGGC	0.0268859082074577
AGGCGGGG	0.956711261888636
AGGCGTAA	0.279021641144663
AGGCGTTG	0.922545638142096
AGGCTAAT	1.08021884906938
AGGCTACA	0.0310125880266213
AGGCTAGG	0.0800304502454748
AGGCTATA	0.164869607289167
AGGCTATG	0.40260302531092
AGGCTCCA	0.885969709626647
AGGCTCTG	0.4525683456019
AGGCTGCC	0.796457537016174
AGGCTGCG	0.0640855402779213
AGGCTGGG	1.69097222340133
AGGCTGTG	0.383368198118052
AGGCTTAG	0.415707941610023
AGGCTTAT	0.177274642499813
AGGCTTCA	0.13797893798587
AGGCTTGA	0.536758803337417
AGGCTTGG	0.0481894315427272
AGGCTTTA	0.885018680732643
AGGCTTTC	1.2546368340653
AGGCTTTG	0.610917632138434
AGGGAAAC	0.50249081603032
AGGGAAAG	0.555912691901007
AGGGAACA	0.575392715529626
AGGGAACT	1.96907021195307
AGGGAATA	0.0214654005938233
AGGGACAG	0.823331542484032
AGGGACAT	1.28223928719665
AGGGACCG	0.183252198326707
AGGGACTA	1.05980565065615
AGGGACTC	0.231115494804407
AGGGACTG	1.57876152637453
AGGGAGAA	0.86387941520385
AGGGAGAT	0.193945619582941
AGGGAGCG	0.11458529357692
AGGGAGGG	0.00205203230696373
AGGGAGTA	0.316862830879544
AGGGAGTG	1.67373705646119
AGGGATAC	0.679551209217343
AGGGATAT	0.891291424501605
AGGGATCA	1.6355602094696
AGGGATGC	1.08617736051291
AGGGATTC	1.18845165052202
AGGGATTG	1.17005477619696
AGGGCAAA	0.0702237830894095
AGGGCAAT	1.03213297136117
AGGGCACA	0.298100542448776
AGGGCACG	0.158677802149483
AGGGCAGA	1.55068058311128
AGGGCATG	0.229099170716244
AGGGCCCA	0.0657031225894997
AGGGCGAA	1.28064193954239
AGGGCGAC	0.206414929587427
AGGGCGCA	0.154267837127851
AGGGCGGA	0.353866067746616
AGGGCGGG	0.130320715327522
AGGGCTAT	0.630802348913437
AGGGCTTC	0.153476304944479
AGGGCTTG	0.29778988094523
AGGGGAAA	0.826909506007656
AGGGGAAC	0.674459217216658
AGGGGAAG	0.476311930555076
AGGGGAAT	2.92038715225519
AGGGGACA	2.29332226357602
AGGGGACT	1.4616588033723
AGGGGAGA	2.69671086970051
AGGGGAGC	0.979494295756129
AGGGGATA	2.59784790486063
AGGGGATG	1.07257729024647
AGGGGCAC	0.304849395801719
AGGGGCAG	0.13797893798587
AGGGGCCG	0.0555262802318867
AGGGGCGA	1.12987707867869
AGGGGCGG	0.360644677948558
AGGGGCTA	2.26222754664616
AGGGGGAA	4.70362465193638
AGGGGGAC	1.52390775093001
AGGGGGAG	2.60434084931218
AGGGGGAT	2.13687503482749
AGGGGGCA	1.45506706618207
AGGGGGCC	0.872954063874542
AGGGGGCG	0.0497225044031484
AGGGGGGA	2.23300155983343
AGGGGGGC	0.399364289865884
AGGGGGGG	1.13031748004387
AGGGGGTA	1.46646870044448
AGGGGGTC	1.38348637077832
AGGGGTAA	0.295671193296509
AGGGGTAC	1.10540980715786
AGGGGTAG	0.813764120393915
AGGGGTAT	3.18334604631027
AGGGGTCC	0.330003455397442
AGGGGTCG	0.552303781254426
AGGGGTGC	0.290895814169171
AGGGGTTA	1.35354621958962
AGGGGTTC	0.780787580333368
AGGGTAAC	1.5711294897433
AGGGTAAT	1.26130474878896
AGGGTACA	0.597943645974929
AGGGTACG	0.302068915831265
AGGGTAGA	0.495862180347334
AGGGTATA	1.93721848078468
AGGGTATC	0.0897276121972246
AGGGTATG	0.940704457675165
AGGGTCAA	0.345266338385945
AGGGTCAT	0.188028767728005
AGGGTCCA	0.741885856500169
AGGGTCTA	0.491821200253287
AGGGTCTG	0.46883343926468
AGGGTGAA	1.78579658869509
AGGGTGAC	0.494577874744541
AGGGTGAT	1.73388398020562
AGGGTGCA	0.160811963359679
AGGGTGCC	0.0485750803057532
AGGGTGGA	1.89587550505962
AGGGTGGC	0.621820541611619
AGGGTGGG	0.159755000083242
AGGGTGTA	1.64555851073323
AGGGTTAA	0.772023593166224
AGGGTTAC	0.58187970861138
AGGGTTCA	0.378942759534942
AGGGTTCG	0.552566831799572
AGGGTTGA	0.942792198200926
AGGGTTTA	0.0644366710961091
AGGGTTTC	0.809607683725754
AGGGTTTG	1.1057799823594
AGGTAAAA	1.69062466340503
AGGTAAAC	1.41863278026786
AGGTAAAG	0.665222691287408
AGGTAAAT	0.638686723624179
AGGTAACC	0.531443039832257
AGGTAACG	0.482178790903692
AGGTAAGA	0.412265669317834
AGGTAAGG	0.999394486092612
AGGTAATC	0.805560752261906
AGGTACAT	1.91704095661553
AGGTACCA	0.663080198159489
AGGTACTA	0.0533897384737684
AGGTACTC	1.35437703081366
AGGTAGAC	1.343488404628
AGGTAGAG	0.989598531402187
AGGTAGGG	0.747019508089453
AGGTATAC	0.920857829666879
AGGTATCG	0.223594153651453
AGGTATGC	0.470486729795059
AGGTATTA	0.676263672539948
AGGTATTC	0.443917434460948
AGGTATTG	0.219507943146928
AGGTCAAC	0.677020686778478
AGGTCAAT	0.580244272190402
AGGTCACG	0.680327267839233
AGGTCACT	0.283006678362593
AGGTCAGA	0.321409677406572
AGGTCCAC	1.56982613975714
AGGTCCTA	0.0283975561365996
AGGTCGAC	0.536842122514612
AGGTCGCA	0.299096801753259
AGGTCGGA	1.02367250405381
AGGTCGTC	0.53638624758795
AGGTCGTG	2.06838429062377
AGGTCTGA	0.0257670506850997
AGGTGAGA	1.27734488067331
AGGTGAGC	0.469840411034803
AGGTGAGG	0.965102693306316
AGGTGCGA	0.295082007686331
AGGTGCTG	1.57755220803121
AGGTGGAA	1.42902387193826
AGGTGGAC	0.379848558018467
AGGTGGAT	0.615357354009066
AGGTGGCG	0.981589177925651
AGGTGGGA	0.110251506088727
AGGTGGGC	0.678203819094672
AGGTGGGG	0.451416160408664
AGGTGGTG	2.15044415797097
AGGTGTAG	0.890327302594043
AGGTGTAT	0.655044658655836
AGGTGTCC	0.288783077890251
AGGTGTCG	0.607783640801873
AGGTGTGA	0.493728019137132
AGGTGTGC	0.321742954115356
AGGTGTTA	0.0892324582298833
AGGTGTTG	2.7167979330487
AGGTTACA	1.26547784929257
AGGTTACG	1.79763267295288
AGGTTACT	0.717595935799376
AGGTTAGA	1.57014513317841
AGGTTATA	0.407985444157837
AGGTTATG	0.798799996169364
AGGTTCAA	0.154604684658517
AGGTTCAC	0.62840275661017
AGGTTCTA	0.996912764886107
AGGTTGAA	0.408247304429026
AGGTTGAC	0.787392410537158
AGGTTGAG	0.189277365111998
AGGTTGAT	1.04685546997185
AGGTTGCA	0.654557836606215
AGGTTGGA	1.40973905323908
AGGTTGTG	0.787009142322054
AGGTTTCG	0.504198859162853
AGGTTTGA	0.689713768287435
AGGTTTGG	0.236195584065494
AGGTTTTG	1.362451849358
AGTAAAAA	1.26223792357357
AGTAAAAC	0.31694972087862
AGTAAAAG	2.13483490526013
AGTAAAAT	1.0849799449092
AGTAAACA	1.77658862934088
AGTAAACG	0.825069342465566
AGTAAAGG	0.349512045601101
AGTAAATA	0.747204000553249
AGTAACAA	0.559066917894888
AGTAACAT	0.659184431488558
AGTAACCC	0.343884430318435
AGTAACGG	0.476898735617333
AGTAACTA	0.00918415387501094
AGTAACTC	1.03773916171255
AGTAACTG	2.04473830813532
AGTAAGAA	1.07538038542216
AGTAAGAC	0.815590000648487
AGTAAGAG	1.03324111641788
AGTAAGAT	1.47235698572438
AGTAAGGA	1.13244568988427
AGTAAGGC	0.153604854532155
AGTAAGGG	0.401317529434169
AGTAAGTA	1.59516707236458
AGTAAGTG	0.209535827910427
AGTAATAA	0.342625120468805
AGTAATAT	2.68031722645005
AGTAATCA	3.72935208804257
AGTAATCC	1.43082356616572
AGTAATGA	1.0789547781239
AGTAATTA	1.26278902041703
AGTAATTG	1.95873149233691
AGTACAAC	1.13122803962323
AGTACAAT	2.19715288870751
AGTACACG	0.715773626366683
AGTACATC	1.36394564317774
AGTACCAG	0.247549607369501
AGTACCCA	0.108981483773452
AGTACCCC	0.889701218491107
AGTACCGA	0.045556545543308
AGTACCGC	0.420545214983279
AGTACCTA	0.144903951884886
AGTACCTG	0.392034582820485
AGTACGAC	0.00649770554739363
AGTACGAT	0.205322258092187
AGTACGCG	0.038250643977105
AGTACGGA	0.36609494241119
AGTACTAT	1.34719015664346
AGTACTTA	0.297673234097154
AGTACTTC	0.659068974914442
AGTAGAAC	1.26987472130064
AGTAGAAT	0.590496101807492
AGTAGACC	2.24561370271311
AGTAGAGA	0.0143856510800145
AGTAGAGG	0.718147032642835
AGTAGATC	1.098599059559
AGTAGCAA	0.229265809070637
AGTAGCAG	0.332793457559576
AGTAGCAT	0.488597938369727
AGTAGCCG	1.97129840480611
AGTAGCGA	0.784778568921099
AGTAGCGC	0.0598481649804826
AGTAGCGG	0.511267896211025
AGTAGCTG	1.35860964501526
AGTAGGAA	0.301571381316004
AGTAGGAC	0.60158112319655
AGTAGGAG	0.129104255340448
AGTAGGCA	0.115205426310058
AGTAGGCG	0.833616699771998
AGTAGGGG	2.37528690900642
AGTAGGTA	0.484093941705261
AGTAGGTG	0.503762028619551
AGTAGTAG	1.36879362901663
AGTAGTAT	0.692844188802115
AGTAGTCA	0.106129587365402
AGTAGTCG	0.805844037464378
AGTAGTGC	0.520018790364611
AGTAGTGG	1.72336910004338
AGTAGTTA	0.661632825024185
AGTAGTTC	0.764439167493391
AGTAGTTG	0.602210778121367
AGTATAAA	1.66670610817974
AGTATAAC	0.888008648920051
AGTATAAG	2.40668752634398
AGTATAAT	1.85118904978104
AGTATACA	0.410867097414887
AGTATACC	0.477142741779124
AGTATAGA	0.808188877165487
AGTATATA	0.573200230895391
AGTATATC	2.3057499139919
AGTATATG	0.897119005809545
AGTATCCA	1.09069087936906
AGTATCGA	0.299096801753259
AGTATCGC	0.845336137181715
AGTATCTA	2.00034823107276
AGTATCTC	0.948604305947385
AGTATCTG	0.436309203308919
AGTATGAA	0.146789345837454
AGTATGAC	1.43908168689988
AGTATGAT	2.57964504519104
AGTATGCA	0.0483251227741605
AGTATGGG	1.19147375610634
AGTATGTC	0.560566663084431
AGTATGTG	0.392244071037434
AGTATTAT	3.22253105534594
AGTATTCA	0.927788794935696
AGTATTCC	1.44873956981095
AGTATTCG	0.209751267497179
AGTATTTA	0.335835797801223
AGTATTTC	1.06818755988215
AGTCAAAC	1.38151527710063
AGTCAACA	0.834612959076482
AGTCAACG	1.30775995117204
AGTCAACT	0.784150104270244
AGTCAAGA	0.53115261298603
AGTCAAGC	0.918639159005526
AGTCAATA	0.229820476735974
AGTCAATG	1.4171366059002
AGTCACCC	0.146270386390915
AGTCACCG	1.82198805872147
AGTCACGA	0.414841422167177
AGTCACGC	0.582184418745128
AGTCACGG	0.784297698241279
AGTCACTA	0.187077738834002
AGTCACTG	1.75909636322539
AGTCAGAA	0.638717670747135
AGTCAGAG	1.75130006878768
AGTCAGCA	0.267399806199665
AGTCAGCG	0.125776249348414
AGTCAGGA	1.15918162357277
AGTCAGGG	0.530697928333326
AGTCAGTA	0.54349099285492
AGTCAGTG	0.743970026204052
AGTCATAC	0.430410205563384
AGTCATAG	0.297504215194839
AGTCATCC	0.103043206987241
AGTCATCG	0.969196045454601
AGTCATGC	1.66062499851833
AGTCATTA	2.49098629900986
AGTCATTC	1.37197404103763
AGTCATTG	0.17166488132655
AGTCCAAC	1.62291592919301
AGTCCACC	0.501220793715047
AGTCCAGA	1.40001570526021
AGTCCATA	1.39093153439783
AGTCCCAA	0.0181969082997881
AGTCCCAC	0.865374399297554
AGTCCCAG	1.20296228036783
AGTCCCCA	0.309166519454476
AGTCCCCC	0.128847156165098
AGTCCCTA	0.326477863928059
AGTCCCTC	0.670519410409206
AGTCCCTG	1.45932348586287
AGTCCGAG	0.040871627236925
AGTCCGAT	0.252702303342143
AGTCCGCC	0.214139807587532
AGTCCGGG	0.370706063732055
AGTCCGTA	0.58818816059914
AGTCCGTC	0.61887937465657
AGTCCTAA	0.860896588660202
AGTCCTAT	0.11850129490517
AGTCCTGA	1.10935675560907
AGTCCTGG	0.290971991702608
AGTCCTTA	0.331355606615952
AGTCGAAC	1.02887995262861
AGTCGAAT	0.301035758034023
AGTCGACA	0.390720520368692
AGTCGAGA	1.09622803383077
AGTCGATA	0.848298729068043
AGTCGATC	0.651858295265036
AGTCGCAC	0.428698591608968
AGTCGCGG	0.362446752723929
AGTCGCTG	0.388786325183767
AGTCGGAA	0.405550143635769
AGTCGGAT	0.316397433761202
AGTCGGCC	0.480454083935718
AGTCGGGA	1.33061678202505
AGTCGGGG	1.27335865318143
AGTCGGTA	1.03925199991565
AGTCGTCA	0.428596228048411
AGTCGTCG	0.0885670950862705
AGTCGTTA	0.368908750052523
AGTCTAAA	0.139930987280196
AGTCTAAC	2.32393730010001
AGTCTAAG	0.424694510007679
AGTCTAAT	1.20983968330844
AGTCTACA	0.60263570592507
AGTCTACC	0.621751505721942
AGTCTAGG	0.816780274608441
AGTCTATA	1.14852152998742
AGTCTCAA	0.555634167794377
AGTCTCAG	0.139761968377884
AGTCTCAT	1.21220118684499
AGTCTCGA	0.0126252358932396
AGTCTCGC	0.398490628779277
AGTCTCTA	0.248800585301414
AGTCTGAG	0.527286603164096
AGTCTGAT	0.742176283346398
AGTCTGCA	0.166935922883649
AGTCTGGA	0.935862423206069
AGTCTGGC	0.48703391838635
AGTCTGTA	0.317146116082012
AGTCTGTC	0.965094361388599
AGTCTTAC	0.412265669317834
AGTCTTAT	0.895202664734017
AGTCTTCC	0.415699609692302
AGTCTTGC	0.183101033533793
AGTCTTGG	0.182323784637943
AGTCTTTA	2.60493836684008
AGTCTTTC	1.37124797392206
AGTCTTTG	1.12519454092022
AGTGAAAC	1.29154484901557
AGTGAAAT	0.28434930738942
AGTGAACA	0.313688370228343
AGTGAACC	0.433660843748019
AGTGAAGA	0.317353223751047
AGTGAAGG	0.633818503127963
AGTGAATC	0.155374791910607
AGTGACAC	0.290507784858228
AGTGACAG	0.689922066230429
AGTGACCA	0.86435076369199
AGTGACGA	0.458826806083341
AGTGACTA	0.23284734341614
AGTGACTG	1.01298979526321
AGTGAGAA	0.937457390312408
AGTGAGAG	1.41851018204998
AGTGAGAT	0.970613661740906
AGTGAGCG	0.658021533829682
AGTGAGGA	0.335016889316774
AGTGAGTC	0.429006872564595
AGTGAGTG	0.330572406350301
AGTGATAG	0.331355606615952
AGTGATAT	1.146869429731
AGTGATCA	1.28687897509255
AGTGATGA	0.202591769628052
AGTGATGC	1.34966116538432
AGTGATTA	2.52929407613704
AGTGATTC	0.965635936040375
AGTGATTG	1.77802886083242
AGTGCAAC	0.333882558232935
AGTGCAAT	0.284315979718542
AGTGCACC	0.185475630083902
AGTGCAGA	0.328517993495418
AGTGCATA	1.04074222291352
AGTGCATC	1.01045451172851
AGTGCCCA	0.242039829208871
AGTGCCTG	0.25886316135887
AGTGCGAA	0.891148591626411
AGTGCGAC	0.673668875307246
AGTGCGAG	0.927485275075908
AGTGCGCG	0.26572628101197
AGTGCGGC	0.120875891455279
AGTGCGTC	1.01509896072025
AGTGCTAA	1.34355625024371
AGTGCTCC	1.34553805638704
AGTGCTCG	0.209078762709806
AGTGCTGA	0.372191525634079
AGTGCTTA	0.0607146844233286
AGTGCTTC	0.382191017171657
AGTGGAAT	0.489702512604567
AGTGGACA	0.919750874884123
AGTGGACC	0.0659364162856518
AGTGGCAA	0.236600277211877
AGTGGCAT	0.179200505767021
AGTGGCCA	0.167616759588743
AGTGGCGA	0.0250505057612082
AGTGGCTG	0.0338894801878323
AGTGGGAA	0.0348702659308324
AGTGGGAG	1.7803510853283
AGTGGGGA	1.71810689886642
AGTGGGGC	0.95969765925416
AGTGGGGG	1.48191726617073
AGTGGGTA	0.429774599268768
AGTGGTAA	0.761713440125095
AGTGGTAC	0.459798069634664
AGTGGTAG	1.00042050224609
AGTGGTAT	1.37156339652145
AGTGGTCC	0.0585352928026547
AGTGGTGA	4.36065673256711
AGTGGTGC	0.174151363628894
AGTGGTGG	0.719201615371355
AGTGGTTA	0.492835313667168
AGTGGTTC	0.255230445233088
AGTGTAAA	0.388576836966816
AGTGTAAC	0.713762063374361
AGTGTAAG	0.261676969000203
AGTGTAAT	1.88460361065885
AGTGTACA	0.174986935948783
AGTGTAGA	0.234474447919398
AGTGTAGG	1.70819310705396
AGTGTATA	0.000623703555016674
AGTGTATC	0.231501143567431
AGTGTCAC	0.435679548384104
AGTGTCAG	1.2313812614357
AGTGTCGA	0.841360622155466
AGTGTCTA	1.04049702647777
AGTGTCTG	0.352198493928718
AGTGTGAA	1.53666510723281
AGTGTGAC	0.697072041907876
AGTGTGAG	1.44490450711198
AGTGTGAT	1.41815667068388
AGTGTGGA	2.04975769342444
AGTGTGGC	0.169292665324358
AGTGTGGG	0.660516348049746
AGTGTGTA	1.1761942092824
AGTGTGTC	0.153616757271754
AGTGTGTG	2.73922269445425
AGTGTTAA	0.536842122514612
AGTGTTGC	0.540684326857348
AGTGTTGG	0.251950050199453
AGTGTTTA	1.54569452549302
AGTGTTTC	0.822229348797112
AGTGTTTG	0.0910690509500952
AGTTAAAA	0.914741011786676
AGTTAAAC	0.315372607881681
AGTTAAAG	2.45611841362694
AGTTAAGA	2.37584395721968
AGTTAAGC	0.474250376056435
AGTTAAGG	0.548291367735417
AGTTAATA	0.0372650971382636
AGTTAATC	2.92878334476872
AGTTAATG	0.0527886501239906
AGTTACAA	0.421472438398084
AGTTACCG	0.0213880327864267
AGTTACGC	0.680005893870045
AGTTACGG	1.47679670759501
AGTTACTA	0.134834234183669
AGTTACTG	2.21421665619742
AGTTAGAA	3.51676915879466
AGTTAGAC	0.0934531696918841
AGTTAGAG	0.450763890278607
AGTTAGCA	0.824684883976499
AGTTAGCG	0.806497497868394
AGTTAGGA	1.41627484755319
AGTTAGGG	1.2025647288652
AGTTAGTA	0.479292376550801
AGTTAGTG	0.882131076105793
AGTTATAC	0.839357391080861
AGTTATAT	1.12104762644374
AGTTATCA	1.0522069416958
AGTTATCC	0.864212691912637
AGTTATGA	0.995388023943404
AGTTATTA	1.45458262468037
AGTTATTC	1.97706052104625
AGTTATTG	1.07107040341316
AGTTCAAA	0.344141529493786
AGTTCAAG	0.410066043039838
AGTTCAAT	1.04058867757269
AGTTCACA	0.551139693321588
AGTTCAGA	1.02902516605172
AGTTCAGC	0.212292502401683
AGTTCATA	2.80156210283292
AGTTCATC	0.104272759987874
AGTTCCAA	0.533714082547854
AGTTCCAG	0.00274596202561634
AGTTCCAT	0.328058547746877
AGTTCCCA	0.508225555969384
AGTTCCCC	0.874100297697981
AGTTCCGA	0.581876137789501
AGTTCCGC	0.634776673665727
AGTTCCTA	0.368719496492889
AGTTCGAA	0.861165590575152
AGTTCGAC	1.07165125710562
AGTTCGCA	0.0348702659308324
AGTTCGGA	0.267161751407675
AGTTCGGC	0.132177542705051
AGTTCGGG	0.572188498029429
AGTTCGTA	1.15264106816282
AGTTCGTC	2.64054660262608
AGTTCTAA	0.454089515722722
AGTTCTAC	0.725330335991161
AGTTCTAT	1.04046607935481
AGTTCTCG	0.624073730217813
AGTTCTGA	0.724735199011184
AGTTCTGC	0.359826959738069
AGTTCTTA	0.398507292614718
AGTTCTTC	2.43011806924569
AGTTCTTG	1.09696838423386
AGTTGAAA	0.473650477980617
AGTTGAAG	0.963617231404295
AGTTGAAT	0.157851752021276
AGTTGAGG	0.400182008076373
AGTTGATA	0.562023558411415
AGTTGATC	1.10603232043891
AGTTGCAA	1.08610356352739
AGTTGCAG	0.401430605460364
AGTTGCCA	0.676263672539948
AGTTGCCG	0.541603218354432
AGTTGCGG	0.153616757271754
AGTTGCTA	0.551139693321588
AGTTGCTG	0.11170364031987
AGTTGGAT	0.641110121406644
AGTTGGCC	0.216025201540098
AGTTGGCG	0.06489611684465
AGTTGGGA	1.54483871851582
AGTTGGGG	2.50142143081678
AGTTGGTA	0.368304090880866
AGTTGGTC	1.05980565065615
AGTTGTAA	0.732968323992189
AGTTGTAT	0.88429737471291
AGTTGTGA	2.30307060730804
AGTTGTTC	1.35989990198785
AGTTGTTG	1.26338296712305
AGTTTAAA	1.0506405411645
AGTTTAAC	1.08617736051291
AGTTTAAT	0.509101597603908
AGTTTACA	0.986380030614468
AGTTTACC	0.52378362689995
AGTTTAGG	0.194408636153363
AGTTTATA	2.96396665275102
AGTTTATC	1.16806344786195
AGTTTCAA	0.240288936213776
AGTTTCAG	0.306023005926237
AGTTTCAT	1.09362847550223
AGTTTCCA	0.521843480345223
AGTTTCCG	0.53376407405417
AGTTTCGA	1.83813531526221
AGTTTCGC	0.85910641662443
AGTTTCGG	0.875586949873962
AGTTTCTA	2.76879386071536
AGTTTCTC	0.485467517855047
AGTTTGAA	0.415603197501546
AGTTTGAC	1.11674835690039
AGTTTGAT	0.661363823109235
AGTTTGCA	0.296693638628111
AGTTTGCC	0.736645080254489
AGTTTGGA	0.757921227288678
AGTTTGGG	1.4799890223556
AGTTTGTA	2.0035095987104
AGTTTGTC	1.08445622436681
AGTTTGTG	1.05728941150481
AGTTTTAC	0.319195767841054
AGTTTTCC	0.393787856363497
AGTTTTCG	1.33009306148267
AGTTTTGC	0.187703822936938
AGTTTTTA	1.34308609202953
AGTTTTTC	4.52847345818112
AGTTTTTG	0.414089169024485
ATAAAAAA	1.44801945406518
ATAAAAAC	1.0913526716908
ATAAAAAG	0.784072736462847
ATAAAACA	2.27807723469692
ATAAAAGC	0.268948352621565
ATAAAAGG	1.08846149624206
ATAAAATC	0.83389641415259
ATAAAATG	1.57895673130396
ATAAACAA	2.38094428113808
ATAAACAC	1.26767271447472
ATAAACAG	0.415341337230356
ATAAACAT	0.525816614823553
ATAAACCA	1.62001523155259
ATAAACGC	1.37334999773534
ATAAACTA	1.13825184626093
ATAAACTC	0.640129335663642
ATAAACTG	0.884759201009373
ATAAAGAA	1.70023374508374
ATAAAGAC	1.1232424916259
ATAAAGAG	0.72034189782499
ATAAAGAT	0.438480263011876
ATAAAGCA	0.948109151980043
ATAAAGCC	1.22089018675266
ATAAAGCG	0.253005823201933
ATAAAGGA	1.74197070148956
ATAAAGGG	1.15415985773572
ATAAAGTA	1.62851378762667
ATAAAGTC	1.34744963636673
ATAAATAA	0.677102815681716
ATAAATAC	1.39729473898775
ATAAATAG	0.52479059867007
ATAAATAT	0.185727968163411
ATAAATCA	3.00975768226443
ATAAATGA	1.85522526877925
ATAAATTA	2.27104866696338
ATAAATTC	0.604275903441887
ATAAATTG	0.868179875021164
ATAACAAA	1.70571495666933
ATAACAAC	1.30141460069152
ATAACAAG	0.0853759705996319
ATAACACA	1.26168563645615
ATAACAGA	0.61393378635296
ATAACAGC	0.29407384564225
ATAACAGG	0.47704037821857
ATAACATA	1.06343836678193
ATAACCAC	2.2558714837
ATAACCCA	3.14973628050303
ATAACCCC	2.12063493691786
ATAACCGA	0.917710745316759
ATAACCGG	0.569039033131389
ATAACCTA	0.113395019616966
ATAACGAA	2.0093324189225
ATAACGAC	0.234869618874101
ATAACGAG	1.04409165383683
ATAACGAT	0.547795023494116
ATAACGCA	0.919312854066859
ATAACGGG	1.39620087721855
ATAACGTC	0.494570733100783
ATAACTAA	0.676082750898034
ATAACTAC	0.848110665782368
ATAACTAT	1.11070176518382
ATAACTCC	0.348152752738833
ATAACTCG	1.3449952914613
ATAACTGC	1.2072282222403
ATAACTTA	3.16311734036084
ATAACTTG	0.88172400241149
ATAAGAAA	1.51050407586696
ATAAGAAC	2.47015055334085
ATAAGAAG	0.718575531268417
ATAAGAAT	3.19125779732209
ATAAGACA	1.99218057115955
ATAAGAGA	0.911980766473538
ATAAGAGC	3.05922546804015
ATAAGAGG	0.811331200419769
ATAAGATA	2.59347721887967
ATAAGATG	1.27632600616359
ATAAGCAA	0.34982865847445
ATAAGCAC	0.426717975739603
ATAAGCAG	0.97395238019858
ATAAGCAT	0.227206635119915
ATAAGCCC	0.562966255387698
ATAAGCGA	1.46388580595138
ATAAGCGG	0.313178932973483
ATAAGCTA	1.57654880708297
ATAAGCTC	0.403238631605536
ATAAGCTG	1.01545366236032
ATAAGGAC	1.40259026783559
ATAAGGAG	2.85836435674988
ATAAGGAT	0.116618281500521
ATAAGGCA	0.882291763090387
ATAAGGCG	0.249733760086019
ATAAGGGA	1.48735681816772
ATAAGGGG	2.09679613004789
ATAAGGTA	2.23949926538082
ATAAGGTG	1.13970040967019
ATAAGTAA	0.431978986642603
ATAAGTAC	0.94030333535066
ATAAGTAG	0.459796879360704
ATAAGTAT	1.95223973815931
ATAAGTCA	1.89367111768578
ATAAGTGA	1.94875937710041
ATAAGTGC	1.28720391988362
ATAAGTTA	1.99027137172779
ATAAGTTC	2.44711756194176
ATAAGTTG	1.22336000521957
ATAATAAA	1.38803202703138
ATAATAAC	1.98647320752157
ATAATAAG	2.25027124471841
ATAATAAT	6.75652942971094
ATAATACA	3.30805104909472
ATAATACC	1.96910353962395
ATAATACG	2.6401657149589
ATAATAGA	3.39306993750637
ATAATAGC	0.505754547228516
ATAATAGG	2.39012010309537
ATAATATA	1.10168663021112
ATAATATC	1.88010318481626
ATAATCAA	1.58737077792688
ATAATCAC	2.05626016006768
ATAATCAG	0.798747624115126
ATAATCAT	7.96753915232202
ATAATCCA	0.567552380955402
ATAATCCC	1.4138252637436
ATAATCCG	2.69894739447126
ATAATCGA	2.19417720380763
ATAATCGG	0.688987701171863
ATAATCTA	0.944544281469978
ATAATCTG	1.67222302798413
ATAATGAA	1.23977269285339
ATAATGAC	3.35402538079797
ATAATGAG	0.364365474347376
ATAATGAT	4.16272607576624
ATAATGCA	3.73001388036431
ATAATGCC	0.562273515943005
ATAATGCG	2.05854786661871
ATAATGGA	0.920176992961785
ATAATGGC	3.58775114639656
ATAATGGG	2.88509433906858
ATAATGTA	3.53176423014217
ATAATGTC	1.23785397122994
ATAATGTG	1.63690521904435
ATAATTAA	5.15700000328313
ATAATTAC	1.84985237212401
ATAATTAG	2.37941120827766
ATAATTAT	3.90530552644684
ATAATTCA	5.49596384105111
ATAATTCC	2.74103667196922
ATAATTCG	1.66142010152358
ATAATTGA	4.38809016679614
ATAATTGC	3.62442943847256
ATAATTGG	2.36775723593574
ATAATTTA	2.29563853670209
ATAATTTC	4.26481587331156
ATAATTTG	2.89256330816729
ATACAAAA	2.14152662546299
ATACAAAC	1.75473400916215
ATACAAAG	0.94267674162681
ATACAAAT	3.16326969542771
ATACAACA	1.48703782474646
ATACAACG	0.350952277092647
ATACAAGA	0.900078026873991
ATACAAGC	1.47310328749727
ATACAAGG	1.38272340516999
ATACAATA	0.040618098883456
ATACAATG	2.06467896778644
ATACACAC	1.0264101341617
ATACACAT	0.953911737534822
ATACACCA	0.837336305896859
ATACACCC	0.929339721905517
ATACACCG	0.819783335809408
ATACACGA	0.360404242608648
ATACACGC	1.20170773161403
ATACAGAA	1.08251845836001
ATACAGAC	0.807394964434196
ATACAGAG	0.0591732796451899
ATACAGCA	0.97844328384949
ATACAGCC	0.725385088593319
ATACAGGC	0.369499125936661
ATACAGGG	1.71213291386141
ATACAGTC	1.59947586409962
ATACAGTG	0.297489931907321
ATACATAC	0.492835313667168
ATACATAG	0.424930184251751
ATACATAT	0.998970748562869
ATACATCA	1.76155546922665
ATACATCC	0.675486423644098
ATACATGA	0.620039891767527
ATACATGC	0.0818313347468862
ATACATGG	0.108498232545713
ATACATTA	1.3217278160921
ATACATTC	1.69238150776992
ATACATTG	0.646613948197476
ATACCAAC	0.471255646773188
ATACCAAT	1.01531321003305
ATACCACA	0.342248993897456
ATACCAGA	0.506198519415579
ATACCAGC	1.19148327829802
ATACCCAA	0.402553033804603
ATACCCAC	1.11191108352713
ATACCCAG	0.542381657524242
ATACCCAT	1.26450420519332
ATACCCCA	1.33926650289204
ATACCCCC	1.72841229081171
ATACCCGA	0.246841394363327
ATACCCGC	0.502312274936328
ATACCCTA	0.480777838452826
ATACCCTC	0.732665994406361
ATACCCTG	0.26544775690534
ATACCGAC	1.44953229226828
ATACCGAT	1.45204138977587
ATACCGCA	0.652617690051488
ATACCGCG	0.0945422703652426
ATACCGGG	0.421232003058174
ATACCGTG	0.850855437534025
ATACCTAC	1.54548860809795
ATACCTCA	1.20178390914747
ATACCTCC	0.706925129748379
ATACCTGC	0.0353416144189752
ATACCTGG	0.153863143981465
ATACCTTA	1.79534972749768
ATACGAAA	0.516582469442226
ATACGAAC	1.0217763976356
ATACGAAG	0.433153787041078
ATACGAAT	0.0270418340962132
ATACGACA	0.972218151038926
ATACGACG	0.409406631266024
ATACGAGG	0.785487972201232
ATACGATC	1.05065601472598
ATACGCAC	0.333388594539556
ATACGCCA	0.445385042253572
ATACGCCG	1.18359652303936
ATACGCGC	0.097332272527377
ATACGCGG	0.200646861977487
ATACGCTA	1.16954890976398
ATACGCTG	0.295744990282027
ATACGGAA	1.11876468098855
ATACGGAC	0.0179921811786759
ATACGGAT	1.84277381288416
ATACGGCA	0.256196947688572
ATACGGCC	0.593844342456843
ATACGGGA	0.861404835641102
ATACGGGG	2.6401657149589
ATACGGTC	0.138150337436104
ATACGTAA	0.0946363020080798
ATACGTAC	0.384344222765213
ATACGTAG	0.262473262279413
ATACGTAT	0.463791438770313
ATACGTCA	0.693170323867144
ATACGTCC	1.93291206959757
ATACGTGC	0.0215022990865835
ATACGTTC	0.359609139603398
ATACTAAA	0.784150104270244
ATACTAAC	0.757824815097925
ATACTAAG	0.925609403315019
ATACTAAT	1.03682860213319
ATACTACA	1.8796116016708
ATACTAGA	0.235496893251
ATACTAGC	0.382452877442847
ATACTATA	0.459987323194298
ATACTATC	0.280499961402927
ATACTCAC	0.394066380470124
ATACTCAT	4.84755019862618
ATACTCCA	1.17881519254222
ATACTCCC	1.07849295182744
ATACTCCG	1.34866252553192
ATACTCGC	0.739660044195055
ATACTCTA	1.26320442602905
ATACTCTC	1.35188697768944
ATACTCTG	0.648402929959288
ATACTGAC	0.985432572542341
ATACTGAG	2.61331551497024
ATACTGAT	0.431217211308231
ATACTGCA	0.212949533627578
ATACTGCC	0.496806067597577
ATACTGGA	1.01458000127371
ATACTGGG	0.340565946518081
ATACTGTA	0.442105837493897
ATACTGTG	0.0409680394276815
ATACTTCA	0.0209345384076842
ATACTTCC	0.858989769776354
ATACTTGG	0.433909611005649
ATACTTTA	2.08374477607699
ATACTTTG	0.897966480869031
ATAGAAAA	0.383501508801566
ATAGAAAG	0.160229919393264
ATAGAAAT	1.64954830904699
ATAGAACA	0.366412745558499
ATAGAACC	0.616426220025105
ATAGAACG	1.2031860518723
ATAGAAGA	1.45855456888474
ATAGAAGC	0.108432767477913
ATAGAAGG	1.52221518135896
ATAGAATG	0.976174621681815
ATAGACAA	1.45528726686467
ATAGACAC	1.3617234016945
ATAGACCA	1.33495295006116
ATAGACCC	0.084541588553702
ATAGACCG	1.17298404041241
ATAGACTG	2.02056860510447
ATAGAGAA	0.818583539657771
ATAGAGAG	2.10277844697062
ATAGAGAT	1.06453341882509
ATAGAGCA	0.0466266018333066
ATAGAGCG	0.558590808310904
ATAGAGGA	0.273684452708227
ATAGAGGC	1.34744963636673
ATAGAGGG	0.111251336215087
ATAGAGTC	0.532910647624883
ATAGATAA	1.20937309591614
ATAGATAC	0.396104129489569
ATAGATCA	0.297392329442605
ATAGATCC	0.807233087175645
ATAGATCG	1.93879202295975
ATAGATGA	0.168211896568719
ATAGATGG	0.205522224117461
ATAGATTA	2.17024912639066
ATAGATTC	0.163310348401628
ATAGATTG	1.27223027346739
ATAGCAAA	0.0350273820935475
ATAGCAAC	3.01987977201989
ATAGCAAG	0.323290310263299
ATAGCAAT	1.253159704081
ATAGCACC	0.348412232462103
ATAGCACG	0.906893535568691
ATAGCAGA	0.672966613670873
ATAGCAGC	0.515592161507541
ATAGCAGG	0.829641184745752
ATAGCATC	0.185451824604706
ATAGCCAC	0.559695382545743
ATAGCCCA	1.75321164876737
ATAGCCCC	1.02098843627411
ATAGCCCG	0.140555881109172
ATAGCCTC	0.822216255783556
ATAGCCTG	0.279497750728645
ATAGCGAG	0.957814645849513
ATAGCGAT	0.372370066728071
ATAGCGCA	0.135152037330976
ATAGCGCC	0.400434346155883
ATAGCGGA	1.15080447544261
ATAGCGGG	0.34505089879919
ATAGCGTG	0.400991394369142
ATAGCTAT	1.04073151044788
ATAGCTCA	0.454622758456781
ATAGCTCG	0.331862663322892
ATAGCTGA	0.517559684363347
ATAGCTTC	1.08858885555578
ATAGCTTG	0.259577325734842
ATAGGAAA	0.170606727776148
ATAGGAAC	1.94916883134263
ATAGGAAG	0.00056895095285897
ATAGGAAT	0.263976578290837
ATAGGACA	0.778962890352759
ATAGGACC	0.25650165782232
ATAGGAGG	1.52975080579943
ATAGGATA	1.40450184781528
ATAGGATG	0.803846757759572
ATAGGCCA	0.461862004681227
ATAGGCTG	0.270386203565192
ATAGGGAA	1.0106449555621
ATAGGGAG	0.661699480365942
ATAGGGAT	0.218258155488975
ATAGGGCA	0.421775958257872
ATAGGGCG	0.249421908308508
ATAGGGGA	0.96920913846816
ATAGGGGC	1.78312799447687
ATAGGGGG	0.270629019453021
ATAGGGTG	2.68949304840734
ATAGGTCC	0.0837619591099325
ATAGGTCG	0.439353924098482
ATAGGTGA	0.133022637216618
ATAGGTGG	1.21992249402322
ATAGTAAA	1.1905715284447
ATAGTAAC	1.902641022248
ATAGTAAG	1.16806344786195
ATAGTAAT	0.499235416749843
ATAGTACC	0.412046658909201
ATAGTACG	0.345536530574851
ATAGTAGA	1.82255700967433
ATAGTAGC	1.21602196625645
ATAGTAGG	1.15034383942011
ATAGTATA	1.09647323026652
ATAGTCAG	1.02019095272094
ATAGTCAT	0.40288988133527
ATAGTCCA	1.27385975851857
ATAGTCCC	1.62357177014494
ATAGTCTG	1.54829646436948
ATAGTGAA	0.366028287069433
ATAGTGAG	0.517838208469977
ATAGTGAT	1.60593310033237
ATAGTGCA	0.578430294675429
ATAGTGCG	0.354587373766348
ATAGTGGA	0.299568150241402
ATAGTGGC	0.449740254673046
ATAGTGGG	1.07937970592761
ATAGTGTA	0.39709086660237
ATAGTGTC	0.726252798310124
ATAGTGTG	1.83969457414976
ATAGTTAA	0.3216167850756
ATAGTTAG	1.04703996243564
ATAGTTCA	0.216041865375539
ATAGTTCC	0.610622444196367
ATAGTTGC	0.169435498199554
ATAGTTGG	0.0350440459289881
ATAGTTTA	0.557467189692707
ATAGTTTC	0.49989720907158
ATAGTTTG	1.52244847505511
ATATAAAA	0.205951913017005
ATATAAAC	1.39833384815479
ATATAAAG	1.99401716387977
ATATAAAT	0.368623084302135
ATATAACA	3.01458305289809
ATATAACC	0.672694040934041
ATATAACG	0.610641488579724
ATATAAGA	1.28137038720588
ATATAAGC	1.14911904751531
ATATAAGG	3.31632940448621
ATATAATA	0.304433990189696
ATATAATC	0.563013866346098
ATATAATG	0.677223033351671
ATATACAA	2.62612762387519
ATATACCC	0.45206128889496
ATATACCG	0.869426091857237
ATATACGA	0.86643255284795
ATATACTA	0.719674154133455
ATATACTC	1.72164320280145
ATATACTG	1.04124927962046
ATATAGAA	1.08737596639058
ATATAGAC	1.95816373165801
ATATAGAG	1.26641816572093
ATATAGAT	0.70430771731044
ATATAGCA	0.690068469927501
ATATAGGA	0.381547078959321
ATATAGGG	1.81000319021869
ATATAGTA	1.36476574193615
ATATAGTG	2.71605758264561
ATATATAA	0.563013866346098
ATATATAC	1.03171994629706
ATATATAT	0.69252043428501
ATATATCA	0.25022296268356
ATATATCC	1.05205934772477
ATATATCG	0.392096477066401
ATATATGA	2.89011134380979
ATATATGC	0.907042319813686
ATATATTA	1.82034429038277
ATATATTC	2.14954193030933
ATATATTG	2.05565073980018
ATATCAAC	0.911814128119146
ATATCAAG	0.500530434818274
ATATCAAT	0.982210500932746
ATATCAGC	0.85673777144412
ATATCAGG	1.0890221152772
ATATCATA	0.0138785943730739
ATATCATC	0.649401569811689
ATATCATG	1.79201934095773
ATATCCAA	0.189160718263922
ATATCCAC	0.813205881906698
ATATCCAT	0.147146428025441
ATATCCCA	2.39275536964271
ATATCCCC	3.43772544566199
ATATCCCG	1.05464462276579
ATATCCGC	0.213858902932983
ATATCCTA	1.12730489665122
ATATCGAA	0.97550806826424
ATATCGAT	0.97844328384949
ATATCGCG	0.140588018506091
ATATCGGA	0.87722476684286
ATATCGGC	0.149587679917309
ATATCGGG	0.784611930566704
ATATCGTC	1.0890221152772
ATATCGTG	1.00952014666995
ATATCTAA	0.173118205831652
ATATCTAC	1.88561772407273
ATATCTCC	1.99275785403013
ATATCTCG	2.60450034602281
ATATCTGA	0.247454385452704
ATATCTTA	1.99245433417034
ATATCTTC	0.205312735900507
ATATCTTG	0.293950057150416
ATATGAAA	1.80635976162726
ATATGAAC	0.336342854508163
ATATGAAG	1.44255014521919
ATATGAAT	2.51239575672756
ATATGACA	1.0928595585241
ATATGACG	1.83341230818911
ATATGAGA	1.61159523355988
ATATGAGC	0.798572653843013
ATATGAGG	0.548768667593358
ATATGATA	0.262441124882494
ATATGATC	0.0709308058216211
ATATGATG	1.23270484607917
ATATGCAA	0.548659162389042
ATATGCAG	0.894837250628311
ATATGCCA	1.46915157795022
ATATGCCC	0.616759496733892
ATATGCCG	1.18296329729267
ATATGCGA	0.124213419638993
ATATGCTA	1.46932892877025
ATATGCTC	0.206639891365859
ATATGCTG	1.27002469581959
ATATGGAA	0.926934178232449
ATATGGAC	0.936571826486203
ATATGGAG	1.57272088602776
ATATGGCA	0.595327423810948
ATATGGGA	2.3230695903832
ATATGGGG	2.44792456768661
ATATGGTA	1.85636912205476
ATATGGTG	1.6351471844055
ATATGTAA	0.621061146825169
ATATGTAC	0.484196305265815
ATATGTAG	0.574366699376146
ATATGTCA	0.946708199529176
ATATGTGC	0.823064921117002
ATATGTTA	0.21422074621681
ATATGTTC	0.81886682486024
ATATGTTG	0.301539243919088
ATATTAAA	0.269278058508473
ATATTAAG	2.04097823269582
ATATTAAT	2.23873510949853
ATATTACA	2.48207947896751
ATATTACG	1.67596524931423
ATATTAGA	1.20983968330844
ATATTAGC	1.82081206804904
ATATTAGG	0.262179264611305
ATATTATA	1.59554319893593
ATATTATC	1.93754461584971
ATATTATG	1.02700408086772
ATATTCAA	0.515471943837586
ATATTCAC	0.706334753864243
ATATTCAG	0.600705081562024
ATATTCCA	1.13870057954383
ATATTCCC	0.784611930566704
ATATTCCG	0.544240865449693
ATATTCGA	0.0810386122895551
ATATTCGC	1.45124628677062
ATATTCGG	0.925124961813317
ATATTCTA	1.71321963398685
ATATTCTC	1.68984146313938
ATATTCTG	2.14954193030933
ATATTGAA	1.57532401517818
ATATTGAC	1.19497078100069
ATATTGAG	0.664352601022683
ATATTGAT	0.843773307472294
ATATTGCA	0.388010266561876
ATATTGCC	0.265040683211035
ATATTGCG	0.902363352877104
ATATTGGA	0.605444752470562
ATATTGGC	0.993769251357866
ATATTGTG	0.468777496388562
ATATTTAA	1.28379735581023
ATATTTAC	1.22470739534224
ATATTTCA	0.688416369671085
ATATTTCC	2.00876584851756
ATATTTCG	0.184954290089443
ATATTTGA	2.12268220812899
ATATTTGC	0.452063669442879
ATATTTTA	0.458676831564389
ATATTTTC	1.70914056512608
ATATTTTG	0.367087630893792
ATCAAAAA	1.49815022243659
ATCAAAAC	0.0328003795144738
ATCAAAAG	1.91223701091316
ATCAAAAT	1.67760544683104
ATCAAACC	0.361802814511593
ATCAAACG	0.94000814740859
ATCAAAGC	1.38928657578518
ATCAAAGG	1.70082174041996
ATCAAATA	0.575576017719459
ATCAAATC	1.04019231634402
ATCAACAA	1.27481197768653
ATCAACAC	1.73956634809045
ATCAACAG	1.14621715960095
ATCAACAT	1.6230885189172
ATCAACCC	1.17986858499678
ATCAACCG	0.229431257151072
ATCAACGA	1.54217131457156
ATCAACGG	1.11548309568095
ATCAACTA	1.05474936687427
ATCAACTC	0.701690304872499
ATCAACTG	0.821798469623608
ATCAAGAA	1.18549262945757
ATCAAGAC	1.32732924534765
ATCAAGAG	3.42245423075577
ATCAAGAT	0.396511203183872
ATCAAGCA	1.76751993203998
ATCAAGCC	0.516327750814795
ATCAAGCG	0.575623628677856
ATCAAGGA	0.807616355390749
ATCAAGGC	0.570799448318161
ATCAAGGG	0.8746109252268
ATCAAGTA	1.42682781648215
ATCAAGTC	0.402176907233257
ATCAAGTG	2.6320718520312
ATCAATAA	2.81419329009596
ATCAATAC	1.33826072139588
ATCAATAG	1.43316364477098
ATCAATCA	3.18589442285853
ATCAATCC	1.36046885294071
ATCAATCG	0.710085307112058
ATCAATGA	1.25884683306166
ATCAATGC	0.771284433037091
ATCAATTA	2.11000221963359
ATCAATTC	0.497176242799122
ATCAATTG	0.143445866283942
ATCACAAC	0.524458512235242
ATCACAAT	1.25764822718399
ATCACACA	0.508887348291115
ATCACACG	0.398410880423962
ATCACAGA	1.35388901849008
ATCACAGC	1.01670345001827
ATCACAGG	0.160209684735942
ATCACATA	1.13284562193481
ATCACATG	0.295744990282027
ATCACCAA	1.26297827397666
ATCACCAC	0.718735027979051
ATCACCCA	1.0106449555621
ATCACCCC	0.586440838425926
ATCACCGG	0.772304497820773
ATCACCTA	0.60336534386252
ATCACGAC	0.71590574677624
ATCACGAT	2.06190562945974
ATCACGCC	0.861165590575152
ATCACGCG	1.24959602384489
ATCACGGC	0.0449447447278906
ATCACGTG	0.504095305328339
ATCACTAA	0.579687223977142
ATCACTAC	1.34125068958328
ATCACTCC	0.639743686900618
ATCACTCG	1.28782048179488
ATCACTTA	1.00845247092787
ATCACTTC	0.648158923797497
ATCACTTG	0.2413018593537
ATCAGAAA	0.52695094590739
ATCAGAAT	1.34153397478575
ATCAGACC	1.0995976994114
ATCAGACG	0.615618024006296
ATCAGAGA	1.02139074887257
ATCAGAGG	0.0700381003516545
ATCAGCAA	1.14862865464381
ATCAGCAT	2.25273154099364
ATCAGCCC	0.385888008091277
ATCAGCGC	0.0775273041076905
ATCAGCGG	1.46557718524847
ATCAGCTG	0.656607488365256
ATCAGGAC	0.393046315686445
ATCAGGAG	0.2139446026581
ATCAGGCA	1.06994321397309
ATCAGGGA	1.77375339676827
ATCAGGGC	0.293950057150416
ATCAGGGG	1.91681480456314
ATCAGGTA	1.33818335358848
ATCAGGTC	0.692598992366366
ATCAGTAA	2.62001080599498
ATCAGTAC	1.78685355197153
ATCAGTAG	0.0336323810124817
ATCAGTCC	0.431119608843515
ATCAGTGA	0.876567735616967
ATCAGTGC	0.883659387870378
ATCAGTGG	0.625705595816913
ATCAGTTC	0.569491337236172
ATCATAAA	1.20079360121279
ATCATAAC	0.932109489410332
ATCATAAG	1.3392914986452
ATCATAAT	2.52847754820051
ATCATACA	2.7278698614242
ATCATACC	0.0125597708254422
ATCATACG	0.817187348302746
ATCATAGC	0.960486810889612
ATCATAGG	0.907306560632797
ATCATATA	0.717763764427728
ATCATATC	1.44994769788031
ATCATCAA	1.09376178618574
ATCATCAC	2.10001939193145
ATCATCAT	3.378635485194
ATCATCCA	2.3026230642991
ATCATCCC	2.57343657621592
ATCATCCG	0.428399832845019
ATCATCGA	1.03300663244777
ATCATCGC	1.23438551291063
ATCATCTA	1.90077229213087
ATCATCTC	0.429867440637643
ATCATGAA	2.44618200660924
ATCATGAC	1.33237838748578
ATCATGAG	1.78973877605046
ATCATGAT	2.39432177017401
ATCATGCA	0.760193460278233
ATCATGCC	3.40680688927821
ATCATGGA	4.35958786655107
ATCATGGC	1.626185611761
ATCATGGG	0.283575629315449
ATCATGTA	1.15870432371483
ATCATGTC	1.00536966137158
ATCATTAA	2.60992204391041
ATCATTAC	1.84474133573996
ATCATTAG	1.96106919039426
ATCATTCA	3.1720562978001
ATCATTCC	1.61998904552548
ATCATTCG	4.11586022886698
ATCATTGA	2.81390524379765
ATCATTGC	4.25281553124729
ATCATTGG	2.12146098704607
ATCATTTA	1.54331040675123
ATCATTTC	2.36193798654552
ATCATTTG	2.03427580002731
ATCCAAAC	1.3938869846404
ATCCAAAG	0.817382553232178
ATCCAACG	1.69051277765279
ATCCAAGC	1.91076107120281
ATCCAATA	0.0095531388025963
ATCCAATC	0.294709451936866
ATCCAATG	1.14732530465766
ATCCACAA	1.67285149263499
ATCCACAC	1.09150264620975
ATCCACAG	0.0783105043733417
ATCCACAT	0.693165562771303
ATCCACCA	0.298108874366496
ATCCACCC	0.724741150380982
ATCCACCG	1.99583471221661
ATCCACGA	0.25650165782232
ATCCACTA	0.200880155673636
ATCCAGAA	1.39722213227619
ATCCAGAG	0.0867043163389408
ATCCAGAT	0.748784684372067
ATCCAGCA	1.40596588478602
ATCCAGCG	0.706284762357927
ATCCAGGA	0.375450495736434
ATCCAGGG	0.37059417797982
ATCCAGTA	1.22836272667326
ATCCAGTC	0.449526005360257
ATCCATAG	0.507819672549036
ATCCATGA	1.10462422634429
ATCCATGC	1.07821918881665
ATCCATTA	2.37822212459166
ATCCATTG	0.968906808882332
ATCCCAAA	1.32516532728846
ATCCCACC	0.846008641969088
ATCCCACG	1.93127425262867
ATCCCAGG	0.523619369093476
ATCCCCAA	2.19812891335468
ATCCCCAC	0.425818128625879
ATCCCCAG	1.74516896761995
ATCCCCAT	1.432806562583
ATCCCCCA	1.65480098803227
ATCCCCCC	0.354811145270821
ATCCCCCG	2.05039687054094
ATCCCCGA	0.627581467577799
ATCCCCGC	0.673316554215101
ATCCCCTA	0.424876621923555
ATCCCCTC	0.519379613248116
ATCCCCTG	0.702590151986227
ATCCCGAG	0.515589780959621
ATCCCGCG	0.0708451060965042
ATCCCGGA	1.2031860518723
ATCCCGTC	1.25108148574692
ATCCCGTG	0.0026043194243821
ATCCCTAA	0.572462261040217
ATCCCTAC	1.34334319120488
ATCCCTAG	0.360764895618513
ATCCCTCA	2.5155273675162
ATCCCTCG	0.031317298160369
ATCCCTGA	0.0570569725443885
ATCCCTGC	0.230241833717801
ATCCCTTA	0.154130955622455
ATCCCTTG	0.408485359221017
ATCCGAAC	1.53506299848271
ATCCGACA	0.480513597633717
ATCCGACC	0.642888390702817
ATCCGACG	0.209395375583153
ATCCGATA	0.053536142170844
ATCCGATC	0.048658399482948
ATCCGCAA	0.0069678637615741
ATCCGCAC	0.846265741144439
ATCCGCAG	0.86930349363936
ATCCGCCA	0.75374812678508
ATCCGCTC	0.575011827862442
ATCCGCTG	0.243065845362351
ATCCGGAC	1.0833004683517
ATCCGGAG	0.00632630609715988
ATCCGGAT	0.901571820693735
ATCCGGCA	0.0313232495301673
ATCCGGGA	0.543132720392974
ATCCGGGG	0.36556408022505
ATCCGTAA	0.449526005360257
ATCCGTAC	0.273951074075257
ATCCGTAG	0.951687115503667
ATCCGTTA	0.627581467577799
ATCCGTTG	1.03342917970356
ATCCTAAA	0.56581101015199
ATCCTAAC	0.292327713742997
ATCCTAGC	0.209542969554188
ATCCTATA	0.22102078135003
ATCCTATC	0.858280366496221
ATCCTCAA	0.247516279698623
ATCCTCAG	1.14180124320951
ATCCTCAT	0.416393539410958
ATCCTCCC	0.123695650466413
ATCCTCCG	0.773279332193975
ATCCTCGA	0.0160115653093105
ATCCTCTC	0.236343178036526
ATCCTCTG	0.954568768760717
ATCCTGAA	0.663183751994003
ATCCTGCA	0.823892161519168
ATCCTGCC	0.270356446716192
ATCCTGGA	0.381547078959321
ATCCTGTG	0.798503617953337
ATCCTTAC	1.1231948806675
ATCCTTAG	0.365633116114727
ATCCTTCG	0.998804110208474
ATCCTTGA	0.301729687752679
ATCCTTTA	0.447626328120167
ATCCTTTC	1.96204759558934
ATCGAAAA	0.586440838425926
ATCGAAAT	1.15788898605226
ATCGAACG	1.12752747788174
ATCGAATG	1.15600121155177
ATCGACAG	0.415210407094762
ATCGACAT	0.411294405766509
ATCGACCG	0.54083073055442
ATCGACGA	0.250093222821925
ATCGACGG	0.491766447651127
ATCGACTA	0.489521590962653
ATCGAGAG	0.227666080868458
ATCGAGAT	0.262131653652908
ATCGAGGG	1.70408904244004
ATCGAGTA	0.202591769628052
ATCGAGTG	0.139173973041665
ATCGATAC	0.329110749927478
ATCGATCA	1.00698724368316
ATCGATGA	0.808062708125731
ATCGATGG	0.502838376026626
ATCGATTA	0.84442081650651
ATCGATTG	0.776944185716676
ATCGCAAC	0.300181141330779
ATCGCAAG	0.543819508467866
ATCGCAAT	0.683867142596138
ATCGCACA	0.608579934081086
ATCGCACC	0.975553298674718
ATCGCCAC	0.434380959493792
ATCGCCAG	0.636965587478083
ATCGCCCC	0.37343774247015
ATCGCCCG	0.134671166651156
ATCGCGAC	0.548450864446051
ATCGCGAG	0.632646083277407
ATCGCGCG	0.508807599935799
ATCGCGGA	0.31929575085369
ATCGCGGG	0.0214796838813419
ATCGCGTC	0.274665238451229
ATCGCGTG	0.391902462410928
ATCGCTAA	1.01816034534526
ATCGCTAC	0.776472837228536
ATCGCTAG	0.0704023241834012
ATCGCTCG	1.09774087203387
ATCGCTGC	0.326169582972429
ATCGCTTA	0.771735546867915
ATCGGAAA	0.92923497779704
ATCGGAAC	0.940402128089336
ATCGGAAT	0.0779034306790365
ATCGGAGG	0.902222900549829
ATCGGATC	1.39468565846753
ATCGGATG	0.048658399482948
ATCGGCAT	0.148605703900347
ATCGGCCA	0.175282123890851
ATCGGCCC	0.122583934587816
ATCGGCGC	0.343208354709183
ATCGGCTG	1.77634581345305
ATCGGGAA	0.141177204116269
ATCGGGGA	1.97207565370196
ATCGGGGG	2.28013997946952
ATCGGTAG	0.895479998566684
ATCGGTCA	2.00382859213167
ATCGGTGG	3.39065725218954
ATCGGTTA	0.592142250694107
ATCGGTTG	0.277686153761594
ATCGTAAC	0.320528874676204
ATCGTAAG	0.0639486587725284
ATCGTAAT	0.936524215527803
ATCGTACG	0.64207186276629
ATCGTATA	0.505773591611876
ATCGTATC	1.58301675578136
ATCGTCAG	0.902525230135658
ATCGTCAT	1.37051952625857
ATCGTCCG	1.3629124853805
ATCGTCGA	0.237928622951188
ATCGTCGG	0.0996414040096887
ATCGTCTG	0.481183721873171
ATCGTGAA	0.0817420641998903
ATCGTGAG	1.45124747704458
ATCGTGCC	1.12471605078832
ATCGTGGC	0.294473777692795
ATCGTGGG	0.0660887713525256
ATCGTGTC	0.571674299678727
ATCGTGTG	0.331248481959556
ATCGTTTG	1.02654820594106
ATCTAAAA	0.547795023494116
ATCTAAAC	1.04656980422146
ATCTAAAT	1.44148604029899
ATCTAACC	0.924372708670625
ATCTAACG	0.0595779727915731
ATCTAATC	1.36829490422741
ATCTACAA	0.735175091913946
ATCTACAC	1.43766764143545
ATCTACAT	0.69011131979006
ATCTACCA	0.139988120430273
ATCTACCC	0.491066566562673
ATCTACCG	1.01095561706565
ATCTACTA	2.2359332045968
ATCTACTG	0.459483837309236
ATCTAGAC	0.878423372720534
ATCTAGAG	0.0988094025116808
ATCTAGAT	0.446487235940492
ATCTAGCG	1.40779890668435
ATCTAGGG	0.4903643049263
ATCTAGTA	0.016163920376187
ATCTATAC	0.354046989388529
ATCTATAG	1.12491958763548
ATCTATCA	0.966995228902645
ATCTATCC	0.119968902697794
ATCTATCG	0.946741527200055
ATCTATGC	0.713166926394384
ATCTATGG	1.0070931780656
ATCTATTA	0.276268537475289
ATCTATTC	0.319279087018252
ATCTCAAA	2.57038471378259
ATCTCAAC	1.34883511525612
ATCTCAAG	0.0392314297201078
ATCTCAAT	0.527098539878425
ATCTCACA	0.884703258133256
ATCTCACC	1.36380162002858
ATCTCACG	0.504949922031586
ATCTCAGC	0.0355511026359288
ATCTCCAA	0.238692778833477
ATCTCCAC	1.86448560018769
ATCTCCAG	1.65437606022857
ATCTCCCA	1.62293140275449
ATCTCCCC	2.69671086970051
ATCTCCCG	0.751372339961009
ATCTCCTG	0.00740231375695947
ATCTCGAC	0.269530396587985
ATCTCGAG	1.87356024885839
ATCTCGCA	2.99154649067713
ATCTCGCG	0.871866153475144
ATCTCGGC	0.00328277558155378
ATCTCGGG	0.255961273444501
ATCTCTAA	0.324104457651907
ATCTCTAC	0.0966240595212031
ATCTCTAG	0.67724802910483
ATCTCTCA	0.977529153448244
ATCTCTCC	1.47038351149877
ATCTCTCG	1.26223316247773
ATCTCTGA	0.0177315111814463
ATCTCTGG	0.80809365524869
ATCTCTTA	0.892244833943528
ATCTGAAA	0.838171878216746
ATCTGAAC	0.695216404804307
ATCTGAAT	1.55333370376801
ATCTGACC	0.779832980617486
ATCTGACG	0.679817830584374
ATCTGAGG	0.970392270784356
ATCTGCAA	0.563320957027765
ATCTGCAC	0.415647237638064
ATCTGCAG	0.443105667620259
ATCTGCAT	0.343946324564353
ATCTGCCG	0.51484585973465
ATCTGCTA	1.07230709805756
ATCTGCTC	0.124763326208492
ATCTGCTG	0.244863159041884
ATCTGGAA	0.216501311124082
ATCTGGAC	0.813537968341523
ATCTGGAG	1.32433808688629
ATCTGGCG	2.24060383961566
ATCTGGGA	0.826476246286231
ATCTGGGC	1.03836881663737
ATCTGGGG	1.38740237210657
ATCTGTAA	0.813088044784662
ATCTGTAC	0.706427595233118
ATCTGTAG	0.0476014362065111
ATCTGTGC	0.291583792518025
ATCTGTGG	0.230087098103005
ATCTGTTG	1.25223248066619
ATCTTAAA	1.23832055862224
ATCTTAAC	2.16490598658442
ATCTTAAT	1.52623354624776
ATCTTACA	0.510196649647067
ATCTTACC	2.20323042754704
ATCTTAGA	0.215951404554583
ATCTTATA	0.273684452708227
ATCTTCAA	1.32540576262837
ATCTTCAC	1.17440760806851
ATCTTCAG	0.200646861977487
ATCTTCAT	1.8521472203188
ATCTTCCA	0.987415568959628
ATCTTCCC	1.31379225960109
ATCTTCGC	0.270089825349164
ATCTTCTA	0.770704769618593
ATCTTCTC	0.357771356609226
ATCTTGAA	0.464373482736731
ATCTTGAG	0.164380404691626
ATCTTGCA	0.431629046098377
ATCTTGCC	1.32923844477942
ATCTTGGA	0.575999755249202
ATCTTGGC	0.478791271213662
ATCTTGGG	0.832239552800333
ATCTTGTA	0.337804510930986
ATCTTGTG	1.84322016561914
ATCTTTAA	1.92920555648627
ATCTTTAC	0.615844176058687
ATCTTTAG	0.123157646636513
ATCTTTCA	1.95461552498338
ATCTTTCG	1.18653768999441
ATCTTTGC	0.356204956077927
ATCTTTTA	0.205865023017926
ATCTTTTC	0.0541265180549822
ATCTTTTG	1.36318505811733
ATGAAAAA	1.70748370377383
ATGAAAAC	1.47240697723069
ATGAAAAG	2.35047683858512
ATGAAAAT	2.67969709371691
ATGAAACA	1.8495762285653
ATGAAACC	0.0765834168574452
ATGAAACG	0.278445548548046
ATGAAAGA	1.06738293468523
ATGAAAGC	2.85493398719728
ATGAAAGG	0.958084838038423
ATGAAATA	0.0840785719832795
ATGAAATG	0.714126287206108
ATGAACAA	0.250443163366153
ATGAACGC	1.20269565900079
ATGAACGG	0.815970888315672
ATGAACTA	1.18561046657961
ATGAACTG	0.266857041273927
ATGAAGAA	1.62769964023806
ATGAAGAC	0.00141404546442848
ATGAAGAG	0.15219557016357
ATGAAGGC	0.910996409908656
ATGAAGGG	0.542172169307291
ATGAAGTA	0.222618129004291
ATGAATAA	2.53796284138739
ATGAATAC	0.204724740564291
ATGAATAG	0.7510783422929
ATGAATCA	1.3276518095908
ATGAATCC	2.57236294910404
ATGAATCG	0.871156750195013
ATGAATGA	1.37429507525954
ATGAATGC	0.554353433013465
ATGAATTA	3.59210873936395
ATGAATTG	2.26161812637866
ATGACAAA	0.103187230136394
ATGACAAG	0.831811054174748
ATGACAAT	0.116351660133493
ATGACACG	1.17388031670425
ATGACATG	0.256873023297827
ATGACCAA	2.62303053103139
ATGACCAC	0.343670181005643
ATGACCCA	2.11723313394031
ATGACCCC	0.946695106515615
ATGACCCG	1.66234732493838
ATGACCTC	0.894525398850802
ATGACGAA	1.23657799754487
ATGACGAC	2.06533837956025
ATGACGAG	1.00715745285944
ATGACGCA	1.0279705833232
ATGACGGG	0.519310577358439
ATGACGTG	1.5373578466775
ATGACTAC	1.93660787024323
ATGACTAG	0.428969974071838
ATGACTCA	0.0473669522363966
ATGACTCC	1.04103860112955
ATGACTGC	1.19119404172575
ATGACTGG	0.236069415025738
ATGACTTA	1.20634503896202
ATGACTTC	0.898254527167341
ATGAGAAA	0.605434040004922
ATGAGAAC	0.936226647037816
ATGAGAAG	0.0035732024277856
ATGAGAAT	1.00414248891887
ATGAGACA	0.693844018928477
ATGAGACC	0.16588491097701
ATGAGACG	1.37288102979512
ATGAGAGA	1.64318510445707
ATGAGAGC	0.55424154726123
ATGAGAGG	1.75055971838459
ATGAGCAC	1.12230217519754
ATGAGCAG	1.42415327089413
ATGAGCAT	0.927739993703339
ATGAGCCA	0.0412787009312275
ATGAGCCG	1.32511533578214
ATGAGCGG	0.324546049291053
ATGAGCTA	0.42309002070966
ATGAGCTG	1.22971963898761
ATGAGGAA	1.74863147456946
ATGAGGAG	0.593465835337578
ATGAGGCG	0.665600008132714
ATGAGGGG	0.136214951977216
ATGAGGTA	0.912885374683104
ATGAGGTG	1.83637132925356
ATGAGTAA	0.200646861977487
ATGAGTAC	0.177265120308136
ATGAGTAG	0.849848465763902
ATGAGTCA	0.45597609994925
ATGAGTCC	1.20892317235928
ATGAGTCG	0.532514286396218
ATGAGTTC	0.488487242891452
ATGAGTTG	1.63860373998521
ATGATAAA	1.04215388783003
ATGATAAC	1.02409029021375
ATGATAAG	3.63420872932755
ATGATAAT	3.42313506746086
ATGATACA	1.98883590133208
ATGATACC	1.07603741664806
ATGATACG	0.785487972201232
ATGATAGA	1.21755265856895
ATGATAGC	0.998970748562869
ATGATAGG	1.68324853567519
ATGATATA	0.896935703619712
ATGATATG	3.13518875216446
ATGATCAA	1.314002938092
ATGATCAC	0.895695438153439
ATGATCAT	0.512953324138323
ATGATCCA	2.67427420555536
ATGATCCC	0.716284253895505
ATGATCCG	1.16585906048812
ATGATCGA	0.651858295265036
ATGATCGC	0.126854637556133
ATGATCGG	0.03680565138972
ATGATCTA	0.151721841127508
ATGATCTC	0.324104457651907
ATGATCTG	1.90905897944008
ATGATGAA	2.73759678022495
ATGATGAC	2.19829793225699
ATGATGAG	1.40805124476386
ATGATGCA	1.73454339197944
ATGATGCG	0.180652639998166
ATGATGGC	1.07259633462983
ATGATGGG	1.8007440490842
ATGATGTA	1.61682172651804
ATGATGTG	1.59663587043117
ATGATTAA	3.63357193275898
ATGATTAC	5.06477757686584
ATGATTAG	6.61693886078329
ATGATTCA	0.988098786212641
ATGATTCC	0.81914296841895
ATGATTCG	1.52822249403485
ATGATTGA	5.80397103366859
ATGATTGC	7.25360568949743
ATGATTGG	3.6044483095068
ATGATTTA	1.24661200702729
ATGATTTC	1.57233642753869
ATGATTTG	2.43592660617027
ATGCAAAA	1.37421889772611
ATGCAAAC	0.831941984310343
ATGCAAAT	0.177548405510604
ATGCAACC	0.196302362023652
ATGCACAC	0.914619603842758
ATGCACAT	0.886298225239595
ATGCACCG	0.970392270784356
ATGCACTA	2.53689516564531
ATGCACTC	0.330572406350301
ATGCAGAA	2.03479237892593
ATGCAGAC	0.68829496172717
ATGCAGAG	0.0125597708254422
ATGCAGCG	0.23471607353327
ATGCAGTG	0.752526905702164
ATGCATAA	0.0932996243510506
ATGCATAC	0.0397289642353684
ATGCATAG	0.253286727856483
ATGCATCA	1.64016418914671
ATGCATCC	1.03136524465699
ATGCATGG	0.00143428012174534
ATGCATTA	0.480435039552358
ATGCATTC	0.667646089069877
ATGCCACC	1.64077003859233
ATGCCCAC	1.7308321177723
ATGCCCAT	0.791901168297466
ATGCCCCA	1.92732968472538
ATGCCCCC	1.2198427456679
ATGCCGCA	0.548768667593358
ATGCCGGA	0.410346947694387
ATGCCGGG	0.360697050002794
ATGCCGTA	0.656301587957546
ATGCCTAA	1.68561837112946
ATGCCTCA	0.20083016416732
ATGCCTCG	1.04409165383683
ATGCCTTG	1.29087353450216
ATGCGAAA	1.76454067631822
ATGCGAAC	0.334777644250821
ATGCGACA	0.262236397761384
ATGCGAGA	0.0420952288677598
ATGCGCAA	0.620364836558597
ATGCGCAC	2.17249517335309
ATGCGCCA	1.88017579152782
ATGCGCCG	0.650515666238208
ATGCGGAA	1.48806860199578
ATGCGGCA	1.21457221257322
ATGCGGCG	0.743773631000657
ATGCGGGG	0.173599076511475
ATGCGGTC	0.416567319409111
ATGCGGTG	0.544302759695608
ATGCGTAA	0.965219340154392
ATGCGTCA	1.0306844079519
ATGCGTCC	1.5574449100257
ATGCGTCG	1.5574449100257
ATGCTAAC	0.436023537558529
ATGCTAAG	0.348107522328355
ATGCTAAT	0.935890989781109
ATGCTACG	0.187094402669443
ATGCTAGC	0.356275182241563
ATGCTAGG	0.89959001455041
ATGCTCAG	0.115168527817297
ATGCTCCC	1.12381382312668
ATGCTCCG	1.81840533410201
ATGCTCGC	0.380104466919858
ATGCTCTC	0.383615775101723
ATGCTCTG	0.410066043039838
ATGCTGAA	0.856786572676479
ATGCTGAC	0.163423424427822
ATGCTGAG	0.0295985425621929
ATGCTGGG	1.24024642188945
ATGCTGTA	0.704145840051887
ATGCTGTC	0.91165701195643
ATGCTTAC	0.54898291690615
ATGCTTAG	1.05294372127702
ATGCTTCA	0.404600305015726
ATGCTTCC	0.687712917760752
ATGCTTGA	0.0849736580011681
ATGCTTGG	0.163671001411493
ATGCTTTC	0.746651713435828
ATGGAAAA	1.10321256142778
ATGGAAAC	1.54830598656116
ATGGAAAG	0.130320715327522
ATGGAAAT	1.46044948502899
ATGGAACA	1.04215388783003
ATGGAACC	0.255856529336024
ATGGAAGA	0.674802016117122
ATGGAAGG	0.252116688553846
ATGGAATA	0.00534075925831579
ATGGAATG	0.0482013342823265
ATGGACAA	0.551196826471665
ATGGACCC	0.0380304432945118
ATGGACCG	0.648884990913068
ATGGACGG	0.176608089082241
ATGGACTA	0.610852167070637
ATGGACTC	0.153170404536772
ATGGAGAA	0.680195147429677
ATGGAGCA	0.078689011492607
ATGGAGTA	0.898409262782134
ATGGATAA	0.0849212859469297
ATGGATCA	2.54016246766538
ATGGATCC	0.429841254610525
ATGGATCG	0.373555579592186
ATGGATGA	0.0396277909487733
ATGGATGC	0.68903531213026
ATGGATTA	0.117896635733513
ATGGATTG	0.800542557246739
ATGGCAAA	0.632202111090344
ATGGCAAC	0.186999180752646
ATGGCAAT	1.0768444223929
ATGGCACA	0.575024920876
ATGGCAGA	0.636758479809052
ATGGCCCA	1.05527903878644
ATGGCCCC	1.22971725843969
ATGGCCTG	1.31248652906702
ATGGCGAC	0.177560308250203
ATGGCGAG	0.642888390702817
ATGGCGGA	0.492509178602139
ATGGCTCA	1.1793389130846
ATGGCTCG	0.691190898271739
ATGGGAAA	0.250862139800055
ATGGGAAC	1.92473488749268
ATGGGAAT	0.213541099785676
ATGGGACA	0.104162064509596
ATGGGACG	0.688938899939507
ATGGGAGA	0.238504715547805
ATGGGAGG	0.195437032854763
ATGGGATA	1.66059405139537
ATGGGCAC	1.44953229226828
ATGGGCCA	1.75638134832273
ATGGGCCG	0.0545835832556037
ATGGGCGG	0.393599793077825
ATGGGCTA	0.507200730089861
ATGGGCTG	0.872104208267134
ATGGGGAA	2.06982690266324
ATGGGGAC	0.893932642418745
ATGGGGAG	2.201091505241
ATGGGGCA	0.713762063374361
ATGGGGCG	0.920074629401231
ATGGGGGA	2.50632297898387
ATGGGGGG	1.65476885063535
ATGGGGTA	0.573562074179215
ATGGGGTC	0.358881882213867
ATGGGGTG	1.15730337126396
ATGGGTAC	0.119229742568664
ATGGGTAG	0.0202917904693076
ATGGGTCA	0.596234412568433
ATGGGTCC	1.54035257596075
ATGGGTCG	0.852758685595991
ATGGGTTA	0.487926623856313
ATGGTAAA	1.37378206718281
ATGGTAAC	1.1211618927439
ATGGTAAG	0.703067451844168
ATGGTAAT	2.28534980859224
ATGGTACA	1.09202517647817
ATGGTACG	0.733263511934259
ATGGTAGA	1.53433336054526
ATGGTAGG	0.835290224959697
ATGGTATG	0.550554078533294
ATGGTCAA	2.00847304112342
ATGGTCAC	0.86435076369199
ATGGTCCA	0.971962242137534
ATGGTCCC	0.205522224117461
ATGGTCCG	0.291648067311863
ATGGTCGG	0.86612665244024
ATGGTCTG	0.518347645724837
ATGGTGAA	0.614614623058054
ATGGTGAG	1.33794410852253
ATGGTGCC	0.628009966203383
ATGGTGGG	1.79935618964689
ATGGTGTA	0.817932459801677
ATGGTGTG	0.663861017877218
ATGGTTAC	0.491828341897045
ATGGTTCA	1.18509745850287
ATGGTTCC	0.00230437038647303
ATGGTTTA	0.586465834179085
ATGGTTTC	0.0662339847756415
ATGGTTTG	0.255230445233088
ATGTAAAA	1.08858885555578
ATGTAAAC	2.06682503173623
ATGTAAAG	0.0452018439032412
ATGTAAAT	0.268724581117095
ATGTAACC	1.3188330698215
ATGTAAGA	0.601685867305026
ATGTAAGC	0.648014900648343
ATGTAATA	0.585581460626838
ATGTAATC	0.354518337876669
ATGTACAC	0.283889861640879
ATGTACCA	1.63833592834422
ATGTACCC	2.46533113407699
ATGTACTA	1.53902184967352
ATGTAGAA	2.2227152122715
ATGTAGAC	1.14440794318181
ATGTAGAG	1.93416423780344
ATGTAGGG	0.829243633243126
ATGTAGTA	2.11223398330851
ATGTAGTC	0.970149454896524
ATGTATAA	0.129280415886521
ATGTATAC	1.76369320125873
ATGTATAG	0.107093709272965
ATGTATCA	2.35646510687765
ATGTATCC	2.0704791727933
ATGTATCG	1.95539396415319
ATGTATGA	0.110845452794742
ATGTATGC	0.0788151805323603
ATGTATTA	1.18218009702702
ATGTATTC	0.897290405259778
ATGTCAAA	0.651134608697383
ATGTCAAC	0.766329322541799
ATGTCAAT	1.02594235649544
ATGTCACA	3.06064903569626
ATGTCAGC	0.449584328784293
ATGTCCAC	0.127047461937646
ATGTCCCA	0.54663807720504
ATGTCCCC	0.774501743550848
ATGTCCCG	1.07175838176202
ATGTCCTC	0.206038803016081
ATGTCGAA	0.554258211096668
ATGTCGCA	0.58027759986128
ATGTCGCC	0.849824660284703
ATGTCGGG	0.242163617700705
ATGTCGTA	1.09133957867723
ATGTCTCA	0.881493089263258
ATGTCTCC	1.92642031541998
ATGTCTCG	0.0704749308949592
ATGTCTTG	0.995299943670368
ATGTGAAA	2.03528991344119
ATGTGAAC	1.53297763850487
ATGTGAAG	0.898531861000011
ATGTGACA	1.15247562008239
ATGTGAGA	1.12046677275128
ATGTGAGG	0.455185758039839
ATGTGATA	0.295744990282027
ATGTGATC	0.850109135761131
ATGTGCAA	3.26804951212253
ATGTGCAG	0.796307562497219
ATGTGCCC	0.0473395759353191
ATGTGCCG	1.38840696332877
ATGTGCTG	0.467625311195326
ATGTGGAA	0.655507675226258
ATGTGGAC	0.0284427865470774
ATGTGGAG	1.9263988904887
ATGTGGGC	1.84771702063985
ATGTGGGG	1.67760544683104
ATGTGGTG	0.753871915276917
ATGTGTAC	1.40609919546953
ATGTGTCA	1.22690464107231
ATGTGTCC	0.708629602059036
ATGTGTTA	0.942327991356544
ATGTTAAA	0.615357354009066
ATGTTAAC	1.20395734939835
ATGTTAAT	1.01423125100345
ATGTTACA	0.00117122957659642
ATGTTAGA	0.176608089082241
ATGTTAGC	0.590773435640159
ATGTTATA	1.39264909972205
ATGTTATG	0.0325087623942823
ATGTTCAA	1.06643190579122
ATGTTCAC	0.12981127807266
ATGTTCCA	1.04576994012037
ATGTTCCC	0.917710745316759
ATGTTCGG	0.810338511937164
ATGTTCTA	0.275798379261106
ATGTTCTC	0.056846294053478
ATGTTGAA	1.49490553562176
ATGTTGAG	0.814499709701166
ATGTTGCG	0.105989135038128
ATGTTGGG	0.357474978393199
ATGTTGTA	1.39981573923493
ATGTTGTG	1.41573565344933
ATGTTTAA	0.698952674764603
ATGTTTAC	0.77298652479983
ATGTTTAG	2.52078718814524
ATGTTTCA	1.85384336071174
ATGTTTCC	1.59237230910661
ATGTTTCG	1.35414611766543
ATGTTTGA	0.194145585608214
ATGTTTGC	0.133760607071791
ATGTTTTA	0.432143244449076
ATGTTTTG	1.06023295900778
ATTAAAAA	1.14218451142462
ATTAAAAC	2.56525463301519
ATTAAAAG	2.40252513830602
ATTAAAAT	0.0261931687627648
ATTAAACA	0.0858330358002534
ATTAAACG	0.844460095547186
ATTAAAGA	1.27772695861446
ATTAAAGC	0.370871511812488
ATTAAAGG	1.01465260798527
ATTAAATA	1.16881808155256
ATTAAATG	0.22365009652757
ATTAACAC	0.886297034965636
ATTAACAG	0.463230819735175
ATTAACCG	0.0981785573129035
ATTAACGA	0.815331711199177
ATTAACGC	0.466250544771577
ATTAACTC	1.64959234918351
ATTAACTG	1.62258860385402
ATTAAGAA	0.73872686941045
ATTAAGAC	1.01382060648726
ATTAAGAG	1.02019095272094
ATTAAGCA	0.102270719187229
ATTAAGCG	0.431909950752927
ATTAAGGG	1.08009268002962
ATTAAGTA	0.676263672539948
ATTAAGTC	0.63049525823177
ATTAAGTG	2.11624758710147
ATTAATAA	0.856003372410828
ATTAATAC	0.994023969985297
ATTAATAG	1.40695500244674
ATTAATCA	2.30695804206126
ATTAATCC	0.233200854782247
ATTAATCG	2.47122537072669
ATTAATGA	1.01102822377721
ATTAATGC	2.03954514284803
ATTAATGG	1.34106857766741
ATTAATTA	2.16964803804088
ATTAATTC	0.433672746487621
ATTAATTG	1.78810333962948
ATTACAAC	4.43607249066984
ATTACAAG	0.836004389335669
ATTACAAT	0.774704090124041
ATTACACA	0.421492673055401
ATTACACC	0.228526648941506
ATTACACG	0.155517624785804
ATTACAGC	0.303912650195234
ATTACAGG	0.0842237854063954
ATTACCAA	0.158085045717425
ATTACCAG	0.495777670896174
ATTACCCA	0.33086997484029
ATTACCGA	0.173222949940129
ATTACCGG	0.691539648542007
ATTACCTA	0.90059936686845
ATTACGAA	1.96852744702734
ATTACGAG	0.496966754582171
ATTACGCG	0.813522494780042
ATTACGGA	1.00768355394974
ATTACGGC	0.6580477198568
ATTACGGG	1.40261764413667
ATTACGTC	0.220829147242476
ATTACGTG	0.317316325258287
ATTACTAC	0.984332759403345
ATTACTAG	0.774925481080593
ATTACTCA	0.161272599382185
ATTACTGG	0.34008745638618
ATTACTTA	1.10328873896122
ATTACTTC	1.50841157424536
ATTACTTG	0.337869975998783
ATTAGAAC	0.261469861331171
ATTAGAAG	2.31442105979017
ATTAGAAT	1.79147776630595
ATTAGACA	0.432855028277129
ATTAGACG	0.664481150610356
ATTAGAGA	0.717810185112166
ATTAGAGC	1.27093168457708
ATTAGAGG	1.08328023369438
ATTAGATC	0.84442081650651
ATTAGATG	0.846920391822415
ATTAGCAA	0.466632622712724
ATTAGCAC	1.53074468455599
ATTAGCAG	1.23216922279719
ATTAGCCC	0.179782549733439
ATTAGCCG	1.81106967568681
ATTAGCGC	1.72571870084033
ATTAGCTG	0.618519911920665
ATTAGGAA	0.345548433314451
ATTAGGAG	0.932612975295394
ATTAGGCA	1.73723579167686
ATTAGGCG	1.8495762285653
ATTAGGGG	1.23697078795165
ATTAGGTG	1.00883216832109
ATTAGTAA	0.115356591102972
ATTAGTAC	2.31691349346232
ATTAGTAG	2.92158932895475
ATTAGTCA	0.725374376127679
ATTAGTCC	0.221005307788549
ATTAGTGC	0.689237658703453
ATTAGTGG	3.1046915527625
ATTAGTTA	0.302948528287672
ATTAGTTC	0.829732835840669
ATTATAAA	1.11060178217118
ATTATAAC	4.04849310328147
ATTATAAG	2.36476488720042
ATTATAAT	2.44687950714977
ATTATACA	0.908092141446365
ATTATACC	2.12788608588191
ATTATACG	0.253759266618585
ATTATAGA	2.00257880447372
ATTATAGC	2.6149902304319
ATTATAGG	0.964650389201533
ATTATATA	1.49231788003281
ATTATATC	1.78752248593702
ATTATATG	0.444364977469892
ATTATCAA	0.242018404277592
ATTATCAC	2.60652381175474
ATTATCAG	2.13793913974769
ATTATCCC	3.4622141421141
ATTATCCG	3.50328216455441
ATTATCGC	1.10073203049524
ATTATCGG	0.714489320763895
ATTATCTA	1.2878645219314
ATTATCTC	1.17749517872063
ATTATCTG	0.714216748027063
ATTATGAA	1.45090824896599
ATTATGAC	1.56973567893619
ATTATGAG	3.80607238640541
ATTATGCA	0.681256871801958
ATTATGCC	0.923508569775699
ATTATGGA	2.15345555108966
ATTATGGC	1.20160655832744
ATTATGGG	1.08724622652895
ATTATGTA	0.839921580937879
ATTATGTC	0.433395412654948
ATTATGTG	1.48434304450112
ATTATTAA	5.6918757932159
ATTATTAC	4.58882272849875
ATTATTAG	3.9992229029831
ATTATTCA	3.73576052304297
ATTATTCC	1.75055971838459
ATTATTCG	4.3750281003596
ATTATTGA	5.95788416915637
ATTATTGC	3.54593444163543
ATTATTGG	8.70611366666559
ATTATTTA	3.49135680974963
ATTATTTC	4.2272651104229
ATTATTTG	2.50008475315975
ATTCAAAA	0.560641650343908
ATTCAAAC	3.05589032040436
ATTCAAAG	2.49680316785215
ATTCAAAT	0.705159953465768
ATTCAACA	2.9795747151879
ATTCAACC	0.395751808397419
ATTCAAGA	0.0490749953689332
ATTCAAGG	0.338887660234546
ATTCAATA	2.02644617791873
ATTCAATC	0.276916046509504
ATTCAATG	0.121355571861142
ATTCACAA	0.657867988488849
ATTCACAG	2.68092426616963
ATTCACCA	2.88741180246861
ATTCACCC	0.31586895212298
ATTCACCG	0.691746756211039
ATTCACTA	0.454595382155703
ATTCAGAA	1.66612644476124
ATTCAGAG	1.82648967483802
ATTCAGCA	1.57503953970175
ATTCAGCG	0.0186515929524904
ATTCAGGG	0.793339019241093
ATTCAGTA	0.837145862063266
ATTCAGTG	0.410493351391463
ATTCATAA	2.44120904200455
ATTCATAC	0.692913224691794
ATTCATAG	0.804532355560507
ATTCATCA	1.31350302302882
ATTCATCG	0.0652865267035172
ATTCATGA	0.884759201009373
ATTCATGG	0.569005705460508
ATTCATTA	2.41897472443259
ATTCATTG	1.65290607188802
ATTCCAAA	0.729917651832825
ATTCCAAC	1.20586059746032
ATTCCAAG	1.72420705291119
ATTCCAAT	0.127940167407613
ATTCCACC	0.912869901121626
ATTCCAGG	0.162611657587134
ATTCCATA	0.456729543365899
ATTCCATG	0.252540426083592
ATTCCCAA	1.928975833612
ATTCCCAC	1.97977315540099
ATTCCCCA	1.43077595520732
ATTCCCCC	5.16362506814424
ATTCCCCG	1.01470259949159
ATTCCCGA	1.6247084817767
ATTCCCGC	0.843167458026675
ATTCCCGG	0.0669850476443711
ATTCCGAA	0.606061314381818
ATTCCGCC	0.094464902557846
ATTCCGTA	0.981466579707774
ATTCCGTG	0.545660862283917
ATTCCTAA	1.20188627270803
ATTCCTAC	0.455615446939383
ATTCCTAG	0.666972394008541
ATTCCTCA	2.71748591139756
ATTCCTCG	1.27734488067331
ATTCCTGA	0.445336241021215
ATTCCTGG	0.163493650591458
ATTCCTTC	0.454732263661096
ATTCGAAA	1.60216826379703
ATTCGAAC	0.965713303847774
ATTCGAAG	0.358022504414776
ATTCGACA	2.05499965994408
ATTCGACG	0.550520750862412
ATTCGAGA	0.486364984420852
ATTCGCAA	1.49616484547139
ATTCGCAC	1.78284232872648
ATTCGCGG	1.10866758698625
ATTCGGAA	0.544039709150459
ATTCGGAG	0.223202553518628
ATTCGGCA	0.674242587355946
ATTCGGCG	1.43352072695897
ATTCGGGC	0.145168192703997
ATTCGGGG	1.74062331136689
ATTCGGTA	0.912909180162302
ATTCGGTC	0.616150076466394
ATTCGGTG	0.908155225966243
ATTCGTAA	1.20630933074322
ATTCGTAG	0.418417005142879
ATTCGTCG	1.01185665445334
ATTCGTGA	0.460518185380437
ATTCGTGC	0.13639587361913
ATTCGTGG	0.324104457651907
ATTCGTTA	1.21973562101151
ATTCGTTC	1.08349686355509
ATTCGTTG	0.300594166394883
ATTCTAAA	2.35308591910534
ATTCTAAC	0.885285302099674
ATTCTACA	1.00527682000271
ATTCTACC	0.717106733201836
ATTCTAGC	1.42505073745993
ATTCTAGG	1.60438098308859
ATTCTATC	0.0482608479803228
ATTCTATG	0.537791961134656
ATTCTCAA	1.7009276748024
ATTCTCCA	1.62287069878253
ATTCTCCC	0.874556172624643
ATTCTCCG	2.25088185525987
ATTCTCGA	0.40943757838898
ATTCTCTA	1.64906743836717
ATTCTCTC	1.00508161507328
ATTCTCTG	1.43291368723939
ATTCTGAA	0.7936270655394
ATTCTGAG	1.65402254886246
ATTCTGCA	1.24127005749501
ATTCTGCC	0.391738204604453
ATTCTGCG	1.64295895240468
ATTCTGGG	0.883216605957272
ATTCTTAC	2.37848636541077
ATTCTTAG	1.64370882499945
ATTCTTCA	2.52370216907317
ATTCTTCC	0.424251728094576
ATTCTTCG	1.57397543478155
ATTCTTGA	0.299696699829078
ATTCTTTA	0.489650140550328
ATTGAAAA	0.544881232840144
ATTGAAAC	0.2917242448453
ATTGAAAG	2.15255570397593
ATTGAAAT	1.92711900623447
ATTGAACA	0.0837357730828147
ATTGAAGA	0.542381657524242
ATTGAAGC	0.565243249473091
ATTGAATA	1.40446971041836
ATTGAATG	1.37197404103763
ATTGACAA	0.929299252590878
ATTGACAC	0.107093709272965
ATTGACAG	0.230921480148935
ATTGACCA	0.119463036264816
ATTGACCC	0.465087647112703
ATTGACGG	0.502401545483324
ATTGACTA	1.01972674587656
ATTGACTC	0.230389427688833
ATTGACTG	0.247222282030512
ATTGAGAA	1.25975025099726
ATTGAGAG	1.49921908845263
ATTGAGCG	0.33166745839346
ATTGAGGA	1.81208735992257
ATTGAGGG	0.646216396694851
ATTGAGTC	0.385310725220698
ATTGAGTG	0.343670181005643
ATTGATAA	0.533380805839064
ATTGATAC	1.60981934481162
ATTGATAG	1.6182583871877
ATTGATCA	1.22881265023012
ATTGATCC	0.059347059643343
ATTGATCG	0.139930987280196
ATTGATGC	0.418881211987261
ATTGATTA	1.58737077792688
ATTGATTC	1.90046520144921
ATTGATTG	2.19111819973054
ATTGCAAA	0.654040067433632
ATTGCAAC	1.1500260362728
ATTGCAAG	1.16326902435126
ATTGCCAA	0.257184875075335
ATTGCCAC	1.37695057646421
ATTGCCCA	0.622610883521028
ATTGCCCG	0.814499709701166
ATTGCCTA	0.141479533702098
ATTGCCTG	0.542015053144576
ATTGCGAA	0.409973201670961
ATTGCGAC	0.784915450426494
ATTGCGAG	0.630059617962425
ATTGCGCA	1.83637132925356
ATTGCGCG	0.360883923014509
ATTGCGGA	1.71928407981282
ATTGCGGC	1.39604138050792
ATTGCGGG	0.506025929691385
ATTGCGTG	0.300926252829708
ATTGCTAC	0.601969152507495
ATTGCTAG	0.288570018851421
ATTGCTCA	1.26996994321744
ATTGCTGA	1.21386161901913
ATTGCTGC	0.532016751880957
ATTGCTGG	0.572640802134212
ATTGCTTG	1.10997926889012
ATTGGAAA	0.00962693578811391
ATTGGAAC	1.94439821331113
ATTGGAAG	0.723331866012398
ATTGGACA	0.811312156036406
ATTGGACC	1.34061865411055
ATTGGACG	0.00377792954889513
ATTGGAGC	1.38291146845566
ATTGGATG	1.02723380374199
ATTGGCAA	1.41538333235718
ATTGGCAG	1.16241916874385
ATTGGCCA	0.938920237009194
ATTGGCCC	0.512953324138323
ATTGGCTG	1.76885660969701
ATTGGGAC	0.185293518168031
ATTGGGGA	1.77289878006502
ATTGGGGC	0.310055654102564
ATTGGGGG	2.16750316436504
ATTGGGTA	0.457973379654054
ATTGGGTC	0.229820476735974
ATTGGGTG	0.969843554488817
ATTGGTAA	0.756207232786346
ATTGGTAC	0.176280763743254
ATTGGTAG	0.338566286265355
ATTGGTCG	1.10572880057912
ATTGGTGA	2.56144337579541
ATTGGTTA	0.497057215403126
ATTGGTTC	0.331876946610411
ATTGGTTG	0.973282255959126
ATTGTAAC	2.0230289013797
ATTGTAAG	0.150769621959543
ATTGTACA	1.04992161569269
ATTGTACC	0.082985900488042
ATTGTACG	1.20442631733857
ATTGTAGA	0.679279826754474
ATTGTATA	1.70318443423047
ATTGTATC	1.34837090841173
ATTGTATG	0.818815643079964
ATTGTCAC	0.395964867436254
ATTGTCAG	0.7148011725414
ATTGTCCA	1.02306427406027
ATTGTCCC	2.04274102843051
ATTGTCCG	0.241232823464021
ATTGTCGA	2.00456656198684
ATTGTCTA	0.809874305092782
ATTGTCTC	0.444364977469892
ATTGTGAA	1.93888962542446
ATTGTGAC	0.421103453470496
ATTGTGAG	1.52388394545081
ATTGTGCG	2.63762328978043
ATTGTGGC	0.210590410638948
ATTGTGGG	1.32660198795812
ATTGTGTC	1.2541940521522
ATTGTTAC	1.40286165029846
ATTGTTAG	0.861029899343716
ATTGTTCA	0.352559146938586
ATTGTTCC	1.08598215558348
ATTGTTCG	2.54985248797338
ATTGTTGA	0.258265643830974
ATTGTTGG	0.0440996502163238
ATTGTTTA	2.2427665674009
ATTGTTTC	0.552740611797728
ATTGTTTG	0.801887566821488
ATTTAAAA	0.61758316631418
ATTTAAAT	1.18620560355958
ATTTAACA	0.609711884617
ATTTAACC	0.0313232495301673
ATTTAAGA	0.378070288722295
ATTTAAGC	0.619097194791241
ATTTAAGG	0.326482625023897
ATTTAATG	2.62559914223697
ATTTACAA	0.676263672539948
ATTTACAC	0.07306496703182
ATTTACAG	1.13723297175121
ATTTACCA	2.14057678684295
ATTTACCC	1.28521973319238
ATTTACGA	0.355411043346636
ATTTACTG	0.319437393454926
ATTTAGAA	0.90093502412516
ATTTAGAC	0.45652362597083
ATTTAGAG	0.275953114875902
ATTTAGCA	1.32885398629035
ATTTAGCG	0.952012060294735
ATTTAGGC	2.06607515914146
ATTTAGTG	0.683818341363779
ATTTATAC	2.19043022138169
ATTTATAG	0.956158974771218
ATTTATCA	1.27481197768653
ATTTATCG	0.0449661696591671
ATTTATGA	0.937474054147849
ATTTATTA	3.15566265454964
ATTTATTC	0.755088375263988
ATTTATTG	5.24502552371762
ATTTCAAA	0.184954290089443
ATTTCAAC	2.40458907335258
ATTTCAAG	0.52455849524788
ATTTCACA	1.93109571153468
ATTTCACC	0.110259838006445
ATTTCACG	0.441460709007601
ATTTCAGA	0.387648423278049
ATTTCAGG	0.0275834087479893
ATTTCATG	0.546452394467288
ATTTCCAA	1.99291377991889
ATTTCCAG	0.498710505933502
ATTTCCCA	0.475044288787723
ATTTCCCC	1.48191726617073
ATTTCCCG	1.64962686712835
ATTTCCGC	0.672247688199059
ATTTCCTA	0.67569234103917
ATTTCCTC	1.40811670983166
ATTTCGAA	2.08498147072138
ATTTCGAC	0.789368265310685
ATTTCGAG	0.782821758530932
ATTTCGCA	1.36046885294071
ATTTCGCG	1.115362878011
ATTTCGGC	0.184954290089443
ATTTCGGG	0.389744495721528
ATTTCGTA	0.100099659484273
ATTTCGTC	0.0809291070852424
ATTTCTAA	1.26168563645615
ATTTCTCA	1.40953194557005
ATTTCTCC	0.428698591608968
ATTTCTCG	0.634006566413637
ATTTCTGA	1.47534219281594
ATTTCTGC	0.498919994150456
ATTTCTGG	0.13747188127893
ATTTCTTA	1.05332103812232
ATTTCTTC	0.31929575085369
ATTTCTTG	1.33838331961375
ATTTGAAA	0.480599297358834
ATTTGAAC	2.52230240689626
ATTTGAAG	1.11070414573174
ATTTGACA	1.13464412588831
ATTTGACG	0.83992872258164
ATTTGAGA	0.760835017942649
ATTTGAGC	0.534735337605493
ATTTGAGG	0.0199287569115232
ATTTGATC	0.775693207784764
ATTTGATG	2.16398709508734
ATTTGCAG	0.437042412068249
ATTTGCCA	2.01638003103939
ATTTGCCG	0.725517209002873
ATTTGCGG	0.621284918329638
ATTTGGAA	0.282930500829156
ATTTGGAC	0.81808838569043
ATTTGGAG	0.601464476348473
ATTTGGCG	0.601823939084379
ATTTGGGA	1.68799653850145
ATTTGGGG	2.08390070196575
ATTTGGTA	0.837469616580373
ATTTGGTC	0.308922513292685
ATTTGTAA	0.0280273809350519
ATTTGTCA	0.0882992834452803
ATTTGTCG	1.30119320973497
ATTTGTGG	0.517978660797252
ATTTGTTA	1.43232093080734
ATTTGTTC	2.52421398687595
ATTTGTTG	0.0345036615511663
ATTTTAAA	0.804848968433854
ATTTTAAC	0.740868172264409
ATTTTAAG	1.83872807169427
ATTTTAGA	2.26265842581966
ATTTTATA	0.820960516755802
ATTTTATC	0.169299806968118
ATTTTATG	0.818991803626036
ATTTTCAA	1.52446717969119
ATTTTCAC	1.18650793314541
ATTTTCAG	0.277089826507657
ATTTTCCA	0.134700923500155
ATTTTCCC	0.342025222392987
ATTTTCCG	1.75807391789378
ATTTTCTA	1.04802312872656
ATTTTCTC	0.919536625571331
ATTTTCTG	0.377640599822751
ATTTTGAC	0.901232592615147
ATTTTGAG	1.47809053538947
ATTTTGCA	0.0322147647261742
ATTTTGCG	2.23629028678479
ATTTTGGA	2.02991344596408
ATTTTGGC	2.06570141311804
ATTTTGGG	3.45833265873069
ATTTTGTA	1.31106534195883
ATTTTGTG	0.442820001869872
ATTTTTAA	1.67750546381841
ATTTTTAG	0.520311597758762
ATTTTTCA	0.202012106209553
ATTTTTCG	2.02514639875446
ATTTTTGA	0.493462588044064
ATTTTTGG	2.17582555989305
ATTTTTTA	2.07833498092899
ATTTTTTC	0.922440894033619
CAAAAAAA	1.14623501371034
CAAAAAAC	0.925609403315019
CAAAAAAG	2.78869286077788
CAAAAACA	0.910732169089545
CAAAAACG	0.188585815941265
CAAAAAGA	1.97151027357098
CAAAAAGG	1.71536807848457
CAAAAATA	1.0306844079519
CAAAAATC	0.718443410858862
CAAAAATG	1.41157207513741
CAAAACAA	0.976857838934828
CAAAACAG	0.961918710463438
CAAAACCA	1.51505449321587
CAAAACCC	1.71786765380047
CAAAACCG	1.8318375757401
CAAAACGA	0.688799637886192
CAAAACGG	0.891136688886809
CAAAACTA	1.87360071817303
CAAAACTG	0.210249992286399
CAAAAGAA	0.640212654840839
CAAAAGAC	0.459443367994597
CAAAAGAG	0.699365699828707
CAAAAGGA	1.60981934481162
CAAAAGTA	0.127930645215933
CAAAAGTC	1.60435717760939
CAAAAGTG	0.347707590277808
CAAAATAA	1.91589234224418
CAAAATAG	0.627990921820023
CAAAATCA	0.923997772373242
CAAAATCC	2.08211886184769
CAAAATCG	0.982220023124426
CAAAATGA	1.85970545996451
CAAAATGG	0.373355613566915
CAAAATTA	2.96383096151958
CAAAATTC	0.886588652085825
CAAAATTG	0.442820001869872
CAAACAAA	1.51505449321587
CAAACAAG	0.561730751017266
CAAACACA	1.33497794581432
CAAACACC	0.0969882833529499
CAAACACG	0.107034195574968
CAAACAGA	1.62685097490461
CAAACAGC	0.600550345947228
CAAACAGG	1.89600048382541
CAAACATC	0.08723517852508
CAAACCAA	0.876998614790471
CAAACCAC	0.648296995576852
CAAACCAG	1.24965434726893
CAAACCCA	0.280499961402927
CAAACCCC	0.203151198389231
CAAACCGA	0.993107459036129
CAAACCGG	0.992400436303918
CAAACCTG	1.48797814117482
CAAACGAC	0.629759668924518
CAAACGAG	0.808828054281985
CAAACGCA	1.40552548342084
CAAACGGA	0.25731580521093
CAAACGGG	1.21224046588567
CAAACGTA	0.29250030346719
CAAACGTC	0.794279335669457
CAAACTAA	3.06256061567594
CAAACTCA	2.184535984732
CAAACTCC	0.10012584551139
CAAACTCG	1.2699056684236
CAAACTGC	0.330008216493283
CAAACTTA	1.22025815127993
CAAACTTG	0.592896884384719
CAAAGAAA	1.05506717002157
CAAAGAAC	1.66252705630634
CAAAGAAG	4.30564703123384
CAAAGACA	2.46043791782762
CAAAGACC	0.738415017632944
CAAAGAGA	2.22333891582652
CAAAGAGC	0.387569865196693
CAAAGATA	0.237193033643934
CAAAGATG	0.838221869723065
CAAAGCCA	0.104682214230098
CAAAGCGA	1.54144286690807
CAAAGGAA	1.60560101389755
CAAAGGAC	2.15345555108966
CAAAGGAG	0.044497201718949
CAAAGGGG	1.90226013458082
CAAAGGTC	0.114304388922371
CAAAGTAA	0.531446610654139
CAAAGTCG	0.779248556103149
CAAAGTGA	1.1278940822614
CAAAGTTA	1.13818281037125
CAAAGTTG	0.544932414620423
CAAATAAG	3.12723296101612
CAAATACA	2.28581044461474
CAAATACC	0.821622309077536
CAAATACG	0.441682099964154
CAAATAGA	1.52212353026404
CAAATAGC	0.34505089879919
CAAATAGG	0.396608805648588
CAAATATA	0.624830744456346
CAAATATC	0.467434867361735
CAAATATG	1.76524055740667
CAAATCAA	0.54056410918739
CAAATCAC	0.027833366279582
CAAATCAG	2.27807723469692
CAAATCCG	0.434839214968376
CAAATCTC	0.630059617962425
CAAATGAA	0.133853448440669
CAAATGAC	0.170640055447029
CAAATGAG	1.84275119767892
CAAATGCA	0.323342682317537
CAAATGCG	0.0546597607890407
CAAATGGA	0.371717796598017
CAAATGGG	0.0137000532790795
CAAATGTC	0.247210379290915
CAAATTAA	1.6541403859845
CAAATTAC	0.805040602541407
CAAATTAG	2.2259789434697
CAAATTCA	1.04888845789545
CAAATTCC	0.554839064789129
CAAATTCG	0.0160115653093105
CAAATTGG	1.04323584685963
CAAATTTA	1.38151527710063
CAACAAAA	1.11430115363872
CAACAAAC	1.40807743079098
CAACAAAG	0.267759268935574
CAACAACC	1.26751083721617
CAACAAGA	0.844785040338256
CAACAAGC	0.429096143111594
CAACAAGG	1.09720643902585
CAACAATA	0.700638102691901
CAACAATC	0.421072506347537
CAACAATG	1.43244233875125
CAACACAA	2.57578379646495
CAACACAC	2.21021019404822
CAACACCG	0.432447954582826
CAACACGA	0.132027568186097
CAACACGG	0.327125372962274
CAACACTA	0.625972217183941
CAACACTC	0.249352872418832
CAACAGAA	2.72983619400604
CAACAGAC	1.93647336928576
CAACAGCA	0.709098569999257
CAACAGGA	1.13514642149941
CAACAGTG	0.901715843842889
CAACATAC	0.218154601654461
CAACATAG	0.56241277799632
CAACATCA	0.649872918299832
CAACATCC	0.299644327774839
CAACATGA	0.836101991800388
CAACATTA	0.534941255000565
CAACATTC	0.312780191196898
CAACCAAA	1.24411124143742
CAACCAAG	2.21781485437837
CAACCACA	0.725293437498401
CAACCAGG	0.106396208732433
CAACCCAA	0.171087598455971
CAACCCAC	2.09886839701218
CAACCCAG	0.217055978789422
CAACCCCA	0.98839873525055
CAACCCCG	0.0344072493604125
CAACCCTC	0.901420655900818
CAACCCTG	0.40291963818427
CAACCGAC	1.34939692456521
CAACCGCC	1.64334103034583
CAACCGGC	0.911902208392182
CAACCGTA	0.877410449580615
CAACCTAA	2.06573950188475
CAACCTAC	0.602483350858196
CAACCTCC	0.585132727343934
CAACCTGC	1.15891381193178
CAACGAAA	1.11162303722882
CAACGAAC	0.984637469537093
CAACGACA	0.486036468807906
CAACGACC	0.283356618906818
CAACGAGA	0.343923709359112
CAACGAGG	0.264960934855716
CAACGATA	0.66485370635982
CAACGCAA	0.118860757641076
CAACGCCG	0.15510578999566
CAACGCTA	0.100735265778889
CAACGCTC	1.1626346083306
CAACGCTG	0.106604506675424
CAACGGAC	0.555912691901007
CAACGGCA	1.21831562417728
CAACGGGG	1.63883227258552
CAACGTAA	0.107046098314567
CAACGTAG	1.24014286805493
CAACGTGA	1.08964819938014
CAACTAAA	0.144344523123707
CAACTAAC	1.12739416719822
CAACTACA	0.712630112838444
CAACTACG	0.180376496439456
CAACTAGA	0.747897930271902
CAACTAGC	0.430644689533493
CAACTATC	1.64048794366382
CAACTCAA	1.85351603537275
CAACTCAG	0.424694510007679
CAACTCCA	0.642117093176768
CAACTCCC	0.261203239964143
CAACTCCG	0.219790038075437
CAACTCGA	1.04695545298448
CAACTCTA	1.58094329854312
CAACTGAC	0.264326518835063
CAACTGAG	1.67815178257866
CAACTGGA	0.513574647145418
CAACTGGG	0.821798469623608
CAACTTAG	0.0214654005938233
CAACTTCA	0.545779889679912
CAACTTCC	0.535813725813212
CAACTTGA	0.376881205036298
CAACTTGG	0.331017568811326
CAAGAAAA	0.0996390234617694
CAAGAAAG	1.55808289686823
CAAGAACA	0.360837502330071
CAAGAACC	0.219586501228284
CAAGAACG	0.120816377757283
CAAGAAGA	0.964300448657308
CAAGAAGC	0.312724248320781
CAAGAAGG	0.452371950398508
CAAGAATA	0.0668981576452946
CAAGAATC	0.0414834280523424
CAAGAATG	0.235706381467953
CAAGACAA	0.604294947825247
CAAGACAC	0.158827776668438
CAAGACAG	0.221606396138329
CAAGACCA	0.342851272521194
CAAGACCC	1.13630693861036
CAAGACCG	0.164362550582226
CAAGACGA	1.07406513269641
CAAGACGC	0.648325562151892
CAAGACGG	0.629878696320511
CAAGACTA	1.87759170676076
CAAGACTC	0.126599918928704
CAAGAGAA	0.630386943301411
CAAGAGAC	0.150836277301302
CAAGAGAG	0.233826938885183
CAAGAGCC	0.72275101231994
CAAGAGCG	0.115080447544261
CAAGAGGG	0.0675456666795098
CAAGAGTA	0.674802016117122
CAAGAGTG	0.969759045037659
CAAGATAA	1.76506558713456
CAAGATAG	2.21407382332223
CAAGATCA	0.639998405528047
CAAGATCC	2.81313632681952
CAAGATCG	0.537791961134656
CAAGATGA	0.141923505889161
CAAGATGG	0.431629046098377
CAAGATTA	1.04861469488466
CAAGATTG	0.059347059643343
CAAGCAAA	2.91719007639876
CAAGCAAG	1.26916412774655
CAAGCACG	1.1421107144391
CAAGCAGG	2.83517782000996
CAAGCATC	0.162979452240759
CAAGCCAA	0.575471273610982
CAAGCCCA	0.000520149720502251
CAAGCCGA	0.725949278450336
CAAGCCTA	0.525953496328946
CAAGCCTG	1.3797774771191
CAAGCGAA	1.7571669291363
CAAGCGAC	0.615302601406908
CAAGCGAG	0.974951020050983
CAAGCGCA	0.897027354714627
CAAGCGGG	1.25627822185608
CAAGCTAG	1.79626385789893
CAAGCTCC	0.641781435920061
CAAGGAAA	2.0184308730724
CAAGGAAG	1.37072901447552
CAAGGACA	1.36305055715985
CAAGGACG	1.12111309151154
CAAGGCAG	0.394287771426677
CAAGGCCC	1.07858579319632
CAAGGCGA	0.541503235341796
CAAGGCTG	1.28110733666073
CAAGGGAA	0.396104129489569
CAAGGGAC	0.471054490473955
CAAGGGGA	1.34856730361512
CAAGGGGG	1.85471821207231
CAAGGGTA	0.0583424684211417
CAAGGTAG	0.680566512905184
CAAGGTCG	1.02410457350127
CAAGGTGC	0.938433414959573
CAAGTAAA	1.29688798882181
CAAGTAAG	1.67210876168397
CAAGTACA	0.690354135677892
CAAGTAGG	0.628788405373196
CAAGTATA	0.529660009440246
CAAGTCAA	0.203077401403713
CAAGTCCA	0.508905202400516
CAAGTCCC	2.07030301224722
CAAGTCCG	0.411103961932918
CAAGTCGG	0.255566102489795
CAAGTCTC	0.642139708382007
CAAGTCTG	0.0834715322637034
CAAGTGAC	0.17473697841719
CAAGTGAG	1.20300036913455
CAAGTGCA	0.0157663688735618
CAAGTGCG	0.962111534844948
CAAGTGGG	0.154066680828618
CAAGTTAA	2.12238821046088
CAAGTTCA	1.92118191972222
CAAGTTCC	1.00346165221378
CAAGTTGC	0.117849024775114
CAAGTTTA	0.125019235109883
CAATAAAA	1.89181071948637
CAATAAAC	0.101187569883671
CAATAAAG	1.2855994305856
CAATAACC	0.965822809052087
CAATAACG	0.380709126091515
CAATAAGA	0.718575531268417
CAATAAGC	1.17620254120012
CAATAAGG	0.797638288784447
CAATAATA	6.26723994217048
CAATAATC	3.82184351637481
CAATAATG	4.59348503159989
CAATACAA	1.63706947685083
CAATACAC	0.352559146938586
CAATACAG	0.69801235833624
CAATACCA	0.00131406245179032
CAATACCG	0.644378613700682
CAATACGA	0.941610256158693
CAATACGC	0.682674488088262
CAATAGAA	0.0389076752030002
CAATAGAG	1.95427986772668
CAATAGCC	0.102944414248562
CAATAGGA	0.232436698899958
CAATAGGG	0.224034555016633
CAATAGTA	0.707444089194921
CAATAGTC	0.0546169109264822
CAATATAA	2.22757510085
CAATATAC	1.524354103665
CAATATAG	1.44195738878713
CAATATCA	1.19855826671599
CAATATCG	0.0589328443052772
CAATATGA	2.20555384231687
CAATATGG	0.947934181707928
CAATATTA	0.605444752470562
CAATCAAA	2.59982018881227
CAATCAAC	1.82921064111047
CAATCAAG	1.01302788402993
CAATCACC	0.809874305092782
CAATCACG	1.54576832247854
CAATCAGA	1.26035371989496
CAATCAGC	1.80398635535112
CAATCAGG	2.2301639467129
CAATCATA	2.432546228124
CAATCATC	3.10864326230955
CAATCATG	5.44777440950838
CAATCCAG	1.10286024033563
CAATCCCC	0.476289315349837
CAATCCCG	0.329110749927478
CAATCCTC	0.453439626140588
CAATCGAA	1.06950757370374
CAATCGAC	0.337311737511564
CAATCGAG	0.272986952167692
CAATCGCG	0.11037886540244
CAATCGGA	0.0779034306790365
CAATCGGC	0.134824711991989
CAATCGGG	0.0483739240065199
CAATCGTC	0.316918773755661
CAATCGTG	0.377634648452952
CAATCTAA	1.5878516486067
CAATCTAG	1.61620635488074
CAATCTCG	1.22291841358043
CAATCTGA	0.765377103373836
CAATCTTA	0.365954490083915
CAATCTTC	0.431686179248454
CAATGAAA	0.750759348871634
CAATGAAG	1.27231240237063
CAATGAGA	1.28518164442566
CAATGATA	1.75837029610981
CAATGATC	1.14942732847094
CAATGATG	4.25281553124729
CAATGCAA	0.376756226270504
CAATGCCC	0.642048057287089
CAATGCTC	0.0514341183575612
CAATGCTG	0.771718883032474
CAATGGAA	0.377984588997178
CAATGGAC	0.850838773698585
CAATGGAG	0.76737200253072
CAATGGCC	0.448420240851457
CAATGGGC	0.72275101231994
CAATGGGG	2.69947468583552
CAATGGTA	1.46014715544316
CAATGGTC	0.278193210468535
CAATGGTG	1.22865791461533
CAATGTAA	1.51384041377672
CAATGTAC	0.09222718751313
CAATGTAG	1.18909677900831
CAATGTCC	0.247334167782749
CAATGTCG	0.628750316606476
CAATGTGA	0.757428453869259
CAATGTGG	0.75475747910312
CAATGTTA	0.500373318655561
CAATTAAC	1.159472050419
CAATTAAG	1.67563197260544
CAATTACA	0.217652306043359
CAATTACC	0.468175217764825
CAATTACG	1.01544175962072
CAATTAGA	0.84442081650651
CAATTAGC	0.714126287206108
CAATTAGG	1.13625932765196
CAATTATA	2.44941360041051
CAATTATC	4.42424354805581
CAATTATG	1.74380372338789
CAATTCAA	0.664379977323761
CAATTCAC	0.366028287069433
CAATTCAG	0.646630612032914
CAATTCCA	0.304433990189696
CAATTCCC	0.516275378760556
CAATTCCG	0.673460577364255
CAATTCGG	1.00175598962916
CAATTCTA	0.321782233156036
CAATTCTC	0.0570534017225123
CAATTGAA	0.0613538615398262
CAATTGAC	0.430664924190813
CAATTGAG	1.30588765023303
CAATTGCG	0.0440996502163238
CAATTTAC	0.949062561421969
CAATTTCA	0.464990044647987
CAATTTGA	0.107348427900396
CAATTTGG	1.94139158128829
CACAAAAA	0.152812132074826
CACAAAAC	0.23178085794802
CACAAACA	0.841576061742217
CACAAAGA	1.76958981845634
CACAAAGG	0.364541634893449
CACAAATA	1.00481023261041
CACAAATC	0.883762941704892
CACAACAA	0.180941876570436
CACAACAG	1.19335795978495
CACAACCA	1.30304646629062
CACAACCG	0.806848628686579
CACAACGA	1.99210082280424
CACAACTA	1.80778570983129
CACAACTC	1.53080300798003
CACAAGAC	0.628855060714953
CACAAGAG	0.316862830879544
CACAAGCA	1.12590632474828
CACAAGGA	0.000371365475504665
CACAAGTC	0.955246034643932
CACAATAA	2.75155274240542
CACAATAG	0.714907106923837
CACAATCA	3.3474764934703
CACAATCG	0.133108336941735
CACAATGA	1.15842937043008
CACAATGG	1.45817130066963
CACAATTA	3.59943368531352
CACAATTC	0.214413570598321
CACACAAA	2.44301587787576
CACACAAG	1.25898609511497
CACACACA	0.18951184908211
CACACACC	1.21143465041478
CACACACG	0.0248148315171368
CACACAGA	3.19442630660349
CACACAGC	1.39598186680992
CACACAGG	0.0719806274543028
CACACATA	0.0626143616634158
CACACATC	0.48177290748335
CACACCAG	0.696382873285062
CACACCCA	0.580727523418144
CACACCCC	0.674037860234831
CACACCTA	0.387355615883901
CACACCTC	1.24258888104264
CACACGAA	1.41970402683182
CACACGCA	1.29050931067041
CACACGCG	0.486462586885569
CACACGGA	1.42905719960914
CACACGTC	0.305981346337639
CACACTAA	0.993769251357866
CACACTAC	2.35558430414729
CACACTAG	1.3020811541091
CACACTCA	0.785404653024035
CACACTCC	1.92069866849448
CACACTCG	0.144033861620158
CACACTGA	0.326099356808791
CACACTGG	0.233826938885183
CACACTTA	0.369688379496292
CACACTTC	1.69154712572399
CACAGAAA	0.0181421556976304
CACAGAAG	0.296535332191436
CACAGAGA	1.52851411115504
CACAGATA	0.900680305497728
CACAGATC	0.641194630857802
CACAGCAC	0.4199322238939
CACAGCCA	0.0608229993536871
CACAGCGA	0.13907399002903
CACAGCTA	1.20173391764115
CACAGCTC	2.12913230271798
CACAGGCC	0.201918074566716
CACAGGGA	0.0973084670481758
CACAGGGG	0.992832505751381
CACAGGTA	0.165507594131705
CACAGTAC	0.208831185726135
CACAGTAG	0.94847456608575
CACAGTCC	0.340842090076791
CACAGTTA	0.909116967325886
CACAGTTC	0.346802982068242
CACATAAA	2.04119843337841
CACATAAC	0.316112958284771
CACATAAG	1.25639843952603
CACATACA	0.372005842896324
CACATAGA	2.63927539003685
CACATATA	0.697173215194474
CACATATC	0.0032411159929577
CACATCAA	1.02549124266462
CACATCAC	1.40634677245321
CACATCAG	0.00795817169625681
CACATCCA	0.560564282536511
CACATCCC	0.472631603470897
CACATGAA	1.55029850517013
CACATGAC	1.71946976255057
CACATGCA	0.471405621292143
CACATGCC	0.0412822717531091
CACATGTA	0.416851794885539
CACATTAC	0.780231722394071
CACATTAG	0.0686050105038688
CACATTCC	0.708565327265199
CACATTCG	0.91798331805359
CACATTGA	0.0156663858609236
CACATTGC	0.661659011051303
CACATTGG	0.948128196363403
CACATTTC	1.4476028581792
CACCAAAA	0.0324016377378889
CACCAAAC	0.124790702509573
CACCAAAG	0.311787502714296
CACCAACA	1.13930642898945
CACCAAGA	1.64473246060502
CACCAATA	1.64183533378648
CACCAATC	2.95909486143292
CACCACAA	1.37732670303555
CACCACAC	0.0950052869356651
CACCACCA	1.99079747281809
CACCACCG	1.86061482926992
CACCACGA	1.2150602248968
CACCACTA	4.15164224465114
CACCACTC	2.39885909450936
CACCAGAC	1.30616141324382
CACCAGCA	0.0795174421687359
CACCAGCG	1.11702688100701
CACCAGGA	0.360274502747011
CACCAGTA	1.2736002787953
CACCAGTC	0.761525376839423
CACCATAA	1.27177558881469
CACCATAC	1.16210017532258
CACCATAG	0.381594689917721
CACCATCA	1.46284907733226
CACCATCG	0.270089825349164
CACCATGA	1.33380790651169
CACCATTA	0.916230044510576
CACCATTC	1.0539399805815
CACCCAAA	1.18431068741534
CACCCAAG	1.25364176503478
CACCCACA	0.445914714165754
CACCCACC	0.0604932934667785
CACCCAGA	2.24368069780215
CACCCAGC	0.913881633987587
CACCCATA	1.55291115651223
CACCCCAA	0.0127740201382344
CACCCCAC	1.28066217419971
CACCCCCA	0.458110261159449
CACCCCCC	0.843749501993093
CACCCCCG	0.847801194552779
CACCCCGA	0.440568003537637
CACCCCTA	1.5063535905686
CACCCCTC	0.0585579080078935
CACCCCTG	0.701247522959396
CACCCGAC	0.02027393635991
CACCCGAG	0.281642624404483
CACCCGTA	0.330261744846755
CACCCTAA	1.11546048047571
CACCCTAC	1.5626345044911
CACCCTCA	0.871142466907491
CACCCTCC	0.789301609968925
CACCCTCG	2.24663495777075
CACCCTGA	0.754990772799272
CACCCTTA	0.697072041907876
CACCGAAG	0.343746358539082
CACCGAGA	1.08964819938014
CACCGATA	0.846008641969088
CACCGATC	0.793417577322449
CACCGCAA	0.728352441575485
CACCGCCA	0.331017568811326
CACCGCCC	1.09833362846593
CACCGCCG	0.243286046044942
CACCGCGA	0.365072497079588
CACCGCGC	0.502940739587183
CACCGCTC	0.201918074566716
CACCGCTG	0.620166060807283
CACCGGCA	0.288377194469908
CACCGGCG	0.60263570592507
CACCGGGA	0.69144442662521
CACCGGGC	0.13455332952912
CACCGGGG	1.22019506676005
CACCGGTA	0.390765750779173
CACCGGTC	0.491147505191951
CACCGGTG	0.330729522513016
CACCGTAG	0.495201578299557
CACCGTCA	0.349370402999867
CACCGTGA	0.500732781391467
CACCGTTA	0.547492693908287
CACCTAAA	0.90121116768387
CACCTAAC	0.35928538508629
CACCTACA	1.66290318287769
CACCTACC	0.392992753358247
CACCTAGA	1.91347013473567
CACCTATC	0.485963862096351
CACCTCCA	1.25609134884436
CACCTCCG	0.451060268494637
CACCTCTA	0.589637914282363
CACCTGCA	0.454820343934135
CACCTGCG	0.516024230955004
CACCTGGC	0.129989819166654
CACCTGTC	0.086930468391335
CACCTTAC	1.43299343559471
CACCTTCA	0.229769294955695
CACCTTCC	0.811415709870926
CACCTTCG	0.316518841705114
CACCTTGA	1.06647832647566
CACCTTTA	2.62971629986446
CACCTTTC	1.97576193215594
CACGAAAA	1.83910538853958
CACGAAAC	0.132863140505986
CACGAAAG	0.739904050356844
CACGAAGA	1.0337993549051
CACGAAGC	0.725517209002873
CACGAAGG	0.0861746444267613
CACGAATA	1.937327985989
CACGAATC	0.401174696558975
CACGAATG	2.17676825686933
CACGACAG	0.833184630324538
CACGACCA	0.362227742315296
CACGACCG	1.46814341590613
CACGACGG	0.492509178602139
CACGAGAA	0.186870631164968
CACGAGAC	1.07031338917463
CACGAGAG	0.210590410638948
CACGATAA	0.271387223965514
CACGATAC	0.0783057432775003
CACGATAG	2.98309792610937
CACGATCA	0.967566560403424
CACGATTA	1.36145320950559
CACGATTC	0.726755093921226
CACGCAAA	1.62475252191322
CACGCAAC	0.0492892446817254
CACGCAAG	2.18631901512401
CACGCACA	0.53059794532069
CACGCAGA	1.46719952865589
CACGCATA	0.735110817120108
CACGCCAA	1.62951361775303
CACGCCAC	0.439968105461819
CACGCCCA	0.563292390452727
CACGCCCC	0.196284507914252
CACGCCGA	0.596384387087387
CACGCCTA	0.302948528287672
CACGCGAA	2.4114783790328
CACGCGAC	0.716534211427095
CACGCGCC	0.175974863335544
CACGCGGG	0.107781687621819
CACGCGTA	0.821469954010662
CACGCTAC	0.353032875974648
CACGCTCG	0.175493992655724
CACGCTGC	0.247017554909402
CACGCTGG	1.11634842484984
CACGCTTC	0.892091288602694
CACGGAAA	0.425627684792285
CACGGAAG	1.2294434954289
CACGGACA	0.11908690969347
CACGGACG	0.76238951573435
CACGGAGA	1.97212088411244
CACGGAGG	0.280479726745607
CACGGATG	0.00634654075447944
CACGGCAA	0.0962788800728163
CACGGCAC	1.16012670109698
CACGGCAG	0.0409001938119649
CACGGCTA	0.338631751333155
CACGGCTC	0.217603504810999
CACGGGAC	0.356787000044345
CACGGGAG	0.694113020843427
CACGGGCA	0.150707727713627
CACGGGGA	1.36658448054696
CACGGGGG	0.751706806943759
CACGGTAG	0.299568150241402
CACGGTGC	0.527815084802316
CACGGTGG	1.419223156152
CACGTAAA	0.278140838414296
CACGTAAC	1.26223197220377
CACGTAGA	0.468175217764825
CACGTATA	0.306978795916079
CACGTCAC	0.261469861331171
CACGTCAG	0.756112010869547
CACGTCCA	0.173059882407613
CACGTCCG	0.0138952582085118
CACGTCTC	1.14894764806508
CACGTGCG	0.069631026657352
CACGTGGA	1.06716868537243
CACGTGGC	0.228652817981259
CACGTTAA	0.616692841392136
CACGTTAC	0.0158377853111574
CACGTTAG	0.269482785629586
CACGTTCC	0.395949393874773
CACGTTCG	0.993505010538757
CACGTTGC	0.693215554277622
CACTAAAA	1.87365309022727
CACTAAAC	1.149069056009
CACTAAAG	2.09755314428643
CACTAACC	0.079486495045774
CACTAAGC	0.108167336384845
CACTAAGG	1.42312011309689
CACTAATA	1.45649063383818
CACTACAC	0.503977468206303
CACTACCA	0.736561761077291
CACTACCC	0.140188086455546
CACTACCG	0.520552033098672
CACTACGA	0.725019674487612
CACTACGC	0.650846562399074
CACTACTA	1.69114005202969
CACTACTC	2.32343976558475
CACTAGAG	0.751810360778273
CACTAGCA	1.12767507185277
CACTAGGA	0.366609140761891
CACTAGTC	0.482759644596151
CACTAGTG	0.987541737999382
CACTATAA	1.59567531934548
CACTATAC	1.38105345080417
CACTATAG	0.461398988110801
CACTATCA	2.72447639036437
CACTATCC	0.709014060548103
CACTATCG	0.236343178036526
CACTATGA	0.212075872540972
CACTATGG	1.18772915422832
CACTATTA	2.9653580830102
CACTATTC	0.299568150241402
CACTCAAA	0.891566377786356
CACTCAAC	0.292945465928212
CACTCACA	0.42367325495004
CACTCAGA	0.734156217404223
CACTCATA	0.440913182986024
CACTCATC	0.152812132074826
CACTCATG	0.184090151194513
CACTCCAA	0.450004495492157
CACTCCAC	0.389124362988393
CACTCCAG	0.169440259295393
CACTCCCA	1.75201899425949
CACTCCCC	0.464721042733037
CACTCCCG	0.223216836806147
CACTCCTA	0.101111392350232
CACTCCTC	2.00983947562944
CACTCCTG	0.378866582001505
CACTCGAG	1.8355440888514
CACTCGGA	0.0650960828699236
CACTCGGG	0.438480263011876
CACTCTAA	0.0571688582966259
CACTCTAC	0.697931419706964
CACTCTAG	1.17373153245926
CACTCTCA	0.429718656392648
CACTCTCG	0.946532038983104
CACTCTGA	2.15257474835929
CACTCTGC	0.73559525862181
CACTCTGG	0.454251392981273
CACTCTTA	1.41120547075774
CACTGAAA	1.00042050224609
CACTGAAC	1.09929417955161
CACTGAAG	0.0131799035585799
CACTGATA	1.49431396946366
CACTGATC	0.740314694873031
CACTGCAC	0.909631165676587
CACTGCCA	0.585764762816671
CACTGCCC	0.458484007182873
CACTGCGA	1.10017617255594
CACTGCGG	1.04226101248642
CACTGCTA	2.33569125545456
CACTGCTC	0.0571688582966259
CACTGGAA	0.858308933071261
CACTGGAC	0.679685710174819
CACTGGGA	0.662186302415563
CACTGGGG	2.36395073981181
CACTGGTC	0.0344060590864502
CACTGTAA	0.587453761565845
CACTGTAC	0.553421448502822
CACTGTAG	1.15511564772557
CACTGTCC	0.403050568319864
CACTGTCG	1.01055687528907
CACTGTGA	1.25855521594147
CACTGTGC	0.251043061441968
CACTGTTA	1.04681738120513
CACTTACG	0.317041371973536
CACTTAGA	0.264117030618112
CACTTAGC	0.522320780203164
CACTTAGG	0.244863159041884
CACTTATA	1.99749514439075
CACTTATC	0.160184688982786
CACTTATG	1.39444403285366
CACTTCAA	0.760982611913685
CACTTCAC	1.29941017934296
CACTTCAG	0.0224176197617862
CACTTCCA	0.814041454226585
CACTTCCC	0.188415606764991
CACTTCCG	1.35965113473023
CACTTCTA	1.61168093328499
CACTTCTC	0.791439342001006
CACTTGAA	0.0772273550697841
CACTTGAG	0.0682860170826025
CACTTGCG	0.457578208699348
CACTTGGG	0.116552816432726
CACTTGTA	1.66538847490607
CACTTGTC	0.17473697841719
CACTTTAC	0.33480621082586
CACTTTAG	0.689311455688971
CACTTTCA	0.76577703542438
CACTTTCC	0.50461188422696
CACTTTGA	1.95477502169402
CACTTTTA	0.716842492382724
CACTTTTC	0.584449510090921
CAGAAAAA	2.24460435039507
CAGAAAAG	2.01069171178477
CAGAAACC	0.00460636022502405
CAGAAACG	0.78134819936851
CAGAAAGA	2.41007861685589
CAGAAAGG	0.191512699608795
CAGAAATA	1.57075931454175
CAGAAATG	1.74797444334357
CAGAACAC	0.154957005750665
CAGAACAG	0.413798742178255
CAGAACCC	1.61959149402285
CAGAACCG	0.0589387956750781
CAGAACGC	0.0438187455617719
CAGAACTA	1.09911325790969
CAGAAGAA	0.925226135099915
CAGAAGAG	0.287228580098551
CAGAAGCC	0.368882564025405
CAGAAGGA	1.47038351149877
CAGAAGGC	1.26918436240387
CAGAATAA	1.39005668303727
CAGAATAG	2.1381617209782
CAGAATCC	0.169673552991545
CAGAATGA	0.531319251340423
CAGAATGG	0.627624317440357
CAGAATTA	2.61939543435769
CAGACAAC	0.119698710508885
CAGACAAG	2.42893017583366
CAGACAGA	1.45190926936631
CAGACAGC	0.2139446026581
CAGACAGG	1.92576804528992
CAGACCAA	1.8464672329819
CAGACCAG	1.50756528945984
CAGACCCA	0.335835797801223
CAGACCGG	0.54478601092335
CAGACCTA	0.560100075692126
CAGACCTC	0.277402868559125
CAGACGAA	1.25898609511497
CAGACGAC	0.253787833193622
CAGACGAG	2.91296936493676
CAGACGGC	0.85435603325025
CAGACGTA	0.214413570598321
CAGACTAC	0.743214202239481
CAGACTAG	0.739689801044055
CAGAGAAC	0.683254151506761
CAGAGAAG	0.0947957987187116
CAGAGACG	0.31066269382214
CAGAGAGA	0.972639508020749
CAGAGATA	0.217270228102212
CAGAGATG	0.263330259530582
CAGAGGAC	0.206038803016081
CAGAGGAG	0.528964889447634
CAGAGGCA	0.332217364962959
CAGAGGCC	0.200880155673636
CAGAGGCG	0.33086997484029
CAGAGGTA	0.353882731582053
CAGAGGTC	0.0949957647439879
CAGAGTAA	0.993745445878667
CAGAGTAG	0.325497078185053
CAGAGTCA	0.882307236651868
CAGAGTCC	0.114501974399722
CAGAGTCG	0.245023846026478
CAGAGTGA	2.26817891644593
CAGAGTGC	0.018225474874828
CAGAGTGG	1.73862841221
CAGAGTTC	0.200632578689968
CAGATAAA	0.737567542573455
CAGATAAC	0.192135212889849
CAGATAAG	1.26547784929257
CAGATAGA	0.970392270784356
CAGATAGC	0.315615423769511
CAGATAGG	0.55746837996667
CAGATATA	1.80747385805378
CAGATATG	0.688302103370931
CAGATCAA	0.544528911748
CAGATCCG	0.380978128006465
CAGATCGA	0.144605193120939
CAGATCTC	0.223019251328795
CAGATCTG	0.132509629139879
CAGATGAA	1.6020861348938
CAGATGAG	2.2873601813106
CAGATGGC	0.127930645215933
CAGATGTA	0.407035605537791
CAGATTAG	1.90139361513797
CAGATTCA	1.61166426944955
CAGATTCG	1.28895362260475
CAGATTTA	0.401948374632947
CAGCAAAA	1.10319946841422
CAGCAAAC	0.472336415528827
CAGCAAAG	0.216371571262447
CAGCAACA	0.301539243919088
CAGCAAGA	0.262313765568781
CAGCAAGC	0.648856424338031
CAGCAAGG	0.967523710540865
CAGCAATA	0.580975100401814
CAGCAATC	0.583247333391366
CAGCAATG	1.21524590763456
CAGCACAA	0.164314939623829
CAGCACAC	0.147849879935773
CAGCACCC	0.252628506356628
CAGCAGAC	0.614812208535406
CAGCAGCG	0.400095118077294
CAGCAGTA	0.0251100194592045
CAGCATAC	1.97591190667489
CAGCATAG	1.45941037586195
CAGCATCA	1.67640446040545
CAGCATGC	0.628131374147298
CAGCATGG	0.323137955196425
CAGCCAAG	1.60023525888607
CAGCCACC	1.25364176503478
CAGCCAGC	0.0411168236726764
CAGCCCAA	0.164604176196096
CAGCCCCA	0.690449357594689
CAGCCCCC	0.368224342525547
CAGCCCCG	0.486376887160452
CAGCCCGG	0.292864527298937
CAGCCCTG	0.480294587225083
CAGCCGAA	0.866784873940098
CAGCCGAG	1.94819756779131
CAGCCGCC	1.7754911967498
CAGCCGTC	0.494570733100783
CAGCCTAA	0.0121931664457762
CAGCCTAC	0.575374861420226
CAGCCTCA	0.0604492533302604
CAGCCTCC	0.482691798980434
CAGCGAAA	1.95864460233783
CAGCGAAG	1.06032699065061
CAGCGACC	1.0801141049609
CAGCGAGA	1.05553970878367
CAGCGATA	0.0426070466705391
CAGCGCCG	0.389763540104888
CAGCGCGC	0.638702197185657
CAGCGGAA	0.34214186924106
CAGCGGGA	0.102183829188152
CAGCGGGG	1.18731017779442
CAGCGGTA	1.04412498150771
CAGCGGTC	0.0377673927493656
CAGCGTCC	0.686142946407571
CAGCGTGA	0.824834858495454
CAGCGTGC	1.11634842484984
CAGCGTTA	0.398533478641836
CAGCGTTC	0.0926878235356332
CAGCTAAG	0.134151016930656
CAGCTAGA	0.449655745221892
CAGCTATA	0.70144629871071
CAGCTCAC	0.157651785996
CAGCTCAG	0.975446174018322
CAGCTCCA	0.243177731114586
CAGCTCCC	0.336945133131898
CAGCTCGC	0.134872322950389
CAGCTGCA	0.2139446026581
CAGCTGCC	0.130432601079757
CAGCTGGC	0.390638391465457
CAGCTGGG	0.290024533630483
CAGCTTCG	0.437079310561009
CAGGAAAA	1.11483439637278
CAGGAAAC	0.822726883312375
CAGGAAAG	0.489545396441851
CAGGAACA	0.0887920568647023
CAGGAAGA	0.422715084412276
CAGGAATC	0.534297316788232
CAGGACAA	0.455510702830909
CAGGACCA	0.42520870835838
CAGGACTA	0.246380758340827
CAGGAGAA	0.97577587990523
CAGGAGAG	0.354373124453556
CAGGAGCA	0.130445694093316
CAGGAGCC	0.680177293320279
CAGGAGTC	0.519716460778785
CAGGATAA	0.576786526336732
CAGGATCC	0.381547078959321
CAGGATCG	0.368364794852824
CAGGATGA	0.988541568125744
CAGGATTA	0.535601857048339
CAGGCAAG	0.642732464814064
CAGGCAGC	0.54478601092335
CAGGCCAG	0.133432091458842
CAGGCCGG	0.144261203946512
CAGGCGAA	0.126178561946881
CAGGCGGG	0.0017235166940148
CAGGCGTC	0.419676314992511
CAGGCTCC	1.13427633123468
CAGGCTTA	0.328958394860604
CAGGGACA	0.874791846868714
CAGGGACG	0.188208499095959
CAGGGAGA	0.731153156203259
CAGGGATG	0.0758966287825532
CAGGGGAA	0.744703234963384
CAGGGGAC	1.46311807924721
CAGGGGCG	0.21917466643814
CAGGGGGA	1.58736601683104
CAGGGGGC	2.66798003685512
CAGGGGGG	2.16360025605035
CAGGGTAA	1.87365309022727
CAGGGTCA	0.584569727760876
CAGGGTGA	0.809670768245632
CAGGGTTC	1.19140710076458
CAGGTAAA	1.51358450487533
CAGGTAAG	0.275837658301785
CAGGTACA	0.261288939689257
CAGGTAGA	2.04957320096065
CAGGTAGG	1.01937204423649
CAGGTATC	0.959841682403316
CAGGTCAA	0.217055978789422
CAGGTCCA	0.152259844957408
CAGGTCGG	0.442420069819327
CAGGTCTA	0.799616524105894
CAGGTGAG	0.732763596871079
CAGGTGGA	0.867788274888342
CAGGTGGG	0.248466118318666
CAGGTGTC	0.31356101091463
CAGGTTAA	0.506606783383844
CAGGTTAC	1.70986663224166
CAGGTTCA	0.726290887076844
CAGGTTGA	0.486036468807906
CAGGTTGC	0.320695513030597
CAGGTTGG	0.0388481615050038
CAGTAAAA	0.624221324188846
CAGTAAAG	1.18609490808131
CAGTAAGC	0.184604349545217
CAGTAATA	0.440568003537637
CAGTAATC	0.146018048311405
CAGTACCC	0.388443526283299
CAGTACCG	0.420545214983279
CAGTACGA	0.580005027124451
CAGTAGAA	0.288289114196872
CAGTAGAG	0.383232506886619
CAGTAGGA	0.354690927600866
CAGTAGGC	1.25881707621266
CAGTAGTA	0.351429576950588
CAGTATAA	0.319139824964937
CAGTATCA	1.05466128660123
CAGTATCG	0.203110729074592
CAGTATGA	0.323290310263299
CAGTATTA	1.34201960656141
CAGTCAAC	1.25449876228594
CAGTCAAG	1.26816786844206
CAGTCAGA	0.0604587755219404
CAGTCAGG	2.19135387397462
CAGTCCCA	1.19125950679355
CAGTCCCG	0.143583938063295
CAGTCCGC	0.340842090076791
CAGTCGAC	1.34125068958328
CAGTCGTC	0.40473123515132
CAGTCTAA	0.424694510007679
CAGTCTAC	0.546095312279302
CAGTCTCA	1.17191517439637
CAGTCTCG	0.568855730941556
CAGTCTTA	0.508660005964764
CAGTGAAA	0.594494232038977
CAGTGAAC	0.570653044621085
CAGTGAAG	0.431629046098377
CAGTGAGA	0.787892325600338
CAGTGAGC	0.438338620410641
CAGTGAGG	0.71642351594882
CAGTGCAC	0.32137634973569
CAGTGCCC	0.403050568319864
CAGTGCTA	1.42855252345012
CAGTGCTC	0.409963679479281
CAGTGGAC	1.0890221152772
CAGTGGGG	1.95076617899689
CAGTGGTA	0.642495600296033
CAGTGTAC	0.491066566562673
CAGTGTAG	1.23127651732723
CAGTGTGA	1.19183559939017
CAGTGTGG	0.932562983789075
CAGTGTTA	0.302289116513858
CAGTTACG	0.352473447213466
CAGTTAGA	2.12376535743255
CAGTTAGC	0.730386619773048
CAGTTAGG	1.71939001419526
CAGTTATA	0.233336546013683
CAGTTCAC	0.551139693321588
CAGTTCCC	0.212704337191827
CAGTTCGA	2.33501041874947
CAGTTCGC	0.640530457988148
CAGTTCTA	0.949307757857717
CAGTTGAC	1.07370805050842
CAGTTGCA	0.448440475508777
CAGTTGCC	0.0747480144111957
CAGTTGGG	0.620125591492644
CAGTTTAA	0.42863669736305
CAGTTTAC	0.789301609968925
CAGTTTAG	0.0613931405805057
CAGTTTCA	0.105435657646747
CAGTTTCG	1.11257049530094
CAGTTTGC	0.0675456666795098
CAGTTTTC	0.506016407499705
CATAAAAA	0.955785228747791
CATAAAAG	0.131388391069602
CATAAACA	2.53677018687951
CATAAAGA	1.92473488749268
CATAAAGC	1.82847743235114
CATAAAGG	0.760113711922917
CATAAATA	1.34334319120488
CATAACAG	0.572188498029429
CATAACCC	1.49743605806062
CATAACTA	0.334775263702901
CATAACTC	0.225168886100472
CATAAGAA	0.853177662029896
CATAAGAC	0.826476246286231
CATAAGAG	1.64805332495329
CATAAGCA	0.460146819904929
CATAAGCC	0.929299252590878
CATAAGGA	1.31278647810493
CATAAGGG	0.789790812566468
CATAAGTA	2.48292338320512
CATAATAA	0.329910614028567
CATAATAC	1.17662865927779
CATAATCA	1.87131182134803
CATAATCC	1.42768719428124
CATAATCG	2.20127361715688
CATAATGA	0.544740780512873
CATAATGC	1.08861028048706
CATAATGG	1.64839850440168
CATAATTA	3.50163244484592
CATAATTC	1.84261193562561
CATACAAA	1.5572306607129
CATACAAC	1.27211719744119
CATACAAG	2.20605018655818
CATACACA	1.06248614761397
CATACACC	0.492509178602139
CATACAGA	1.08251845836001
CATACAGC	0.175901066350026
CATACAGG	0.480435039552358
CATACATA	0.492757945859772
CATACATG	0.140747515216723
CATACCAA	1.44428318410488
CATACCAC	1.19075959173037
CATACCAG	0.278445548548046
CATACCCA	0.700278639955993
CATACCCC	0.850265061649887
CATACCTC	1.85535857946276
CATACGAA	1.17433143053508
CATACGAC	1.18556999726497
CATACGCC	0.128255590007
CATACGGG	0.829842341044985
CATACGTA	0.348933572456562
CATACTAA	1.234047475106
CATACTAC	0.82306968221284
CATACTAG	0.342396587868491
CATACTCA	3.92272875667265
CATACTCC	0.648665980504437
CATACTGA	0.28383987013456
CATACTGC	0.00634654075447944
CATACTTA	0.102423074254103
CATAGAAA	2.43777867245196
CATAGAAC	0.725598147632151
CATAGAAG	0.0471419904579675
CATAGACA	0.924614334284498
CATAGACC	2.73503054956729
CATAGAGC	0.00219843600403659
CATAGAGG	2.28245506232163
CATAGATC	1.12894152334616
CATAGCAA	0.383144426613583
CATAGCAC	0.375507628886511
CATAGCAG	0.253686659907027
CATAGCCC	0.719503944957184
CATAGCGC	0.11066691170075
CATAGCTC	0.933523534874761
CATAGGAA	0.624146336929368
CATAGGAG	1.40224032729136
CATAGGCA	0.27015171959508
CATAGGGG	1.78312799447687
CATAGGTC	1.46410124553813
CATAGTAC	0.539982065220972
CATAGTAG	0.680627216877143
CATAGTCC	0.781502934983303
CATAGTGA	0.297722035329513
CATAGTGC	0.0477335566160626
CATAGTGG	0.364693989960323
CATATAAA	3.50016007595745
CATATAAC	1.91062537997138
CATATAAG	1.58479383480358
CATATAGA	1.50225071622864
CATATAGC	0.101717241795851
CATATAGG	0.845891995121012
CATATATA	0.484196305265815
CATATATC	1.16954890976398
CATATCAA	0.504807089156392
CATATCAC	0.969711434079262
CATATCAG	0.0719722955365798
CATATCCA	1.97626779858892
CATATCCC	2.33297386000398
CATATCGG	0.0661518558724036
CATATCTC	1.01257081882931
CATATGAA	2.19417720380763
CATATGAC	0.380707935817555
CATATGAG	0.927221034256799
CATATGCC	2.29559330629161
CATATGGA	1.81208735992257
CATATGGG	2.32505258680049
CATATTAA	0.14349942861214
CATATTAC	3.33619745742577
CATATTAG	1.20983968330844
CATATTCA	0.653519917713135
CATATTCC	1.95257063432018
CATATTCG	0.520442527894356
CATATTGA	0.250862139800055
CATATTGC	1.62715925586024
CATATTGG	0.581301235466841
CATATTTC	1.00277248359096
CATCAAAA	1.38838434812353
CATCAAAC	1.82047879134025
CATCAAAG	1.11969071412939
CATCAACA	1.45170335197124
CATCAACC	0.670743181913675
CATCAACG	0.776922760785397
CATCAAGA	2.08229145157188
CATCAAGC	0.633523315185892
CATCAAGG	1.40347107056595
CATCAATA	1.50184483280829
CATCAATC	0.399146469731213
CATCACAG	0.209760789688856
CATCACCA	0.08723517852508
CATCACCC	0.540309390559961
CATCACGG	0.0964990807554095
CATCACTA	0.366609140761891
CATCACTC	1.41760200301854
CATCAGAG	0.962353160458821
CATCAGCA	0.271794297659819
CATCAGGG	0.249056494202804
CATCAGTA	0.247719816545773
CATCATAA	1.36458005919839
CATCATAC	2.00498791896867
CATCATAG	1.00922614900184
CATCATCA	1.0685815405629
CATCATCC	0.988541568125744
CATCATCG	0.329110749927478
CATCATGC	1.0323341276604
CATCATGG	0.169984214495094
CATCATTA	1.81169933061162
CATCATTC	2.51138878495744
CATCCAAA	0.423462576459127
CATCCAAC	1.60810535030929
CATCCACA	0.469998717471478
CATCCACC	0.644695226574029
CATCCACG	0.0799364186026376
CATCCAGC	0.464114003013461
CATCCATA	0.808128173193528
CATCCATG	0.182787991482325
CATCCCAA	0.330008216493283
CATCCCCA	1.74121130670311
CATCCCCC	0.687852179814067
CATCCCCG	0.224359499807703
CATCCCGC	0.503581106977638
CATCCCGG	0.554603390545055
CATCCCTA	0.785928373566413
CATCCCTC	1.41020087953554
CATCCGAC	0.386422441099298
CATCCGAG	0.410193402353551
CATCCGCA	0.839103862727392
CATCCGGA	0.931832155577662
CATCCGTA	0.901552776310375
CATCCTAC	0.785885523703855
CATCCTCA	0.0700988043236132
CATCCTCC	0.895503804045886
CATCCTCG	0.0156009207931263
CATCCTGA	0.0227747019497723
CATCCTGG	0.383615775101723
CATCCTTA	0.0845487301974626
CATCGACC	0.511970157847398
CATCGACG	0.885772124149295
CATCGAGA	0.911814128119146
CATCGATG	0.603629584681632
CATCGCAA	0.42520870835838
CATCGCAC	0.589637914282363
CATCGCCA	0.344403389764975
CATCGCCC	1.23438551291063
CATCGCGG	0.412160925209357
CATCGCTC	0.10256352658138
CATCGGAC	0.378572584333394
CATCGGGG	1.31967459351118
CATCGGTC	0.333454059607353
CATCGTCA	1.49075862114528
CATCGTCC	0.230087098103005
CATCGTTA	0.10803878679717
CATCTAAA	0.155259335336493
CATCTAAC	1.24930916782054
CATCTAAG	0.0641914746603577
CATCTACA	1.83480730927018
CATCTACC	1.16926562456151
CATCTACG	0.91165701195643
CATCTAGG	0.00595375034769285
CATCTATC	0.622451386810396
CATCTCAA	0.899324583457342
CATCTCAC	1.04251216029197
CATCTCCA	1.14772642698217
CATCTCCC	1.58688752669914
CATCTCGC	1.98701716272127
CATCTCTA	0.770433387155724
CATCTCTC	1.5548858210118
CATCTGAA	0.547116567336941
CATCTGCA	0.572795537749005
CATCTGCC	0.431091042268478
CATCTGGA	0.10775788214262
CATCTGGG	0.15588303889151
CATCTTAA	1.23832055862224
CATCTTAC	0.84442081650651
CATCTTCA	2.54794804963745
CATCTTCC	0.987415568959628
CATCTTGC	0.256151717278094
CATCTTGG	0.425350350959617
CATCTTTA	1.60672463251574
CATGAAAA	1.78644290745534
CATGAAAC	2.00196462311038
CATGAAAG	4.59075573340971
CATGAACG	0.569627028467605
CATGAAGA	0.526139179066698
CATGAAGG	0.0390921676667928
CATGAATC	1.8644260864897
CATGAATG	0.695091426038511
CATGACAA	0.057080778023587
CATGACCC	1.26610631394342
CATGACGA	1.18431068741534
CATGACTA	0.998539869389366
CATGACTC	0.692046705248948
CATGAGAA	0.730717515933914
CATGAGAC	0.909112206230047
CATGAGAG	1.75408769040189
CATGAGCA	1.71619531888674
CATGAGGA	0.549604239913247
CATGAGGC	0.960870079104716
CATGAGTA	0.836803063162798
CATGAGTC	0.681562772209665
CATGATAA	2.39432177017401
CATGATAC	0.0148355746368754
CATGATAG	2.53667377468876
CATGATCC	2.34161881977514
CATGATGA	0.42520870835838
CATGATGC	1.23640778836859
CATGATGG	1.14840726368726
CATGATTA	8.32150758362919
CATGATTC	0.486364984420852
CATGCAAC	0.375889706827658
CATGCACC	0.359340137688445
CATGCAGG	0.10724011297004
CATGCCCA	0.791967823639226
CATGCCCC	1.50683565152238
CATGCCCG	0.257487204661164
CATGCCGG	0.369342009773946
CATGCCTC	0.759044845906878
CATGCGCC	1.59161648514204
CATGCGGC	0.582445088742357
CATGCGTC	0.0988796286753167
CATGCTAC	2.73588754681846
CATGCTCA	0.804818021310894
CATGCTCC	1.40777629147911
CATGCTCG	0.0788151805323603
CATGGAAC	2.35039113886
CATGGAAG	0.994192988887609
CATGGACA	1.20460842925444
CATGGAGA	0.0514269767138033
CATGGAGG	0.226084206775678
CATGGATC	1.50740936357108
CATGGCTC	0.0606313652461338
CATGGGAA	0.273693974899907
CATGGGAC	0.400134397117974
CATGGGAG	0.336945133131898
CATGGGCC	0.92846844136683
CATGGGGA	2.64221298617002
CATGGGGG	1.65476885063535
CATGGGTC	1.18504389617467
CATGGTAA	1.24447070417333
CATGGTCA	0.512667658387932
CATGGTCC	0.702949614722132
CATGTAAC	1.01169477719478
CATGTAAG	0.0964788460980899
CATGTACC	0.462128626048254
CATGTAGA	1.59768212124197
CATGTAGG	1.83479064543474
CATGTATC	1.2262035697099
CATGTCAA	0.926450927004707
CATGTCAC	1.19046321351434
CATGTCCC	1.18330490591917
CATGTCGC	0.285249154503147
CATGTCTC	0.00864376949719183
CATGTGAA	0.55583770464153
CATGTGAC	0.0550430290041473
CATGTGCA	1.79909551964966
CATGTGCC	0.443017587347223
CATGTGGA	0.876936720544553
CATGTTAA	0.486557808802368
CATGTTCC	0.299568150241402
CATGTTCG	0.182787991482325
CATGTTGA	0.564223184689411
CATGTTTA	0.158632571739005
CATGTTTC	1.81664015781939
CATTAAAA	0.858247038825342
CATTAAAC	0.644557154794674
CATTAAAG	3.10974069490063
CATTAAGA	0.514136456454516
CATTAAGG	0.747063548225974
CATTAATA	0.572864573638681
CATTAATC	2.73328560794199
CATTAATG	0.639809151968413
CATTACAA	0.732833823034713
CATTACAC	1.37116703529278
CATTACCA	2.76794995647775
CATTACCG	0.144208831892274
CATTACGA	0.468594194198729
CATTAGAA	0.443997182816264
CATTAGAC	0.111932172920181
CATTAGAG	2.08220575184677
CATTAGCC	0.59314327109443
CATTAGGC	1.48162921987242
CATTAGGG	0.0397182517697315
CATTAGTA	1.52171050519994
CATTATAA	2.42494275806781
CATTATAC	2.00770174359736
CATTATAG	3.53879755897154
CATTATCA	2.99390085256992
CATTATCC	1.37863124329566
CATTATGA	2.74284469811439
CATTATGC	1.26052154852332
CATTATGG	0.545526361326443
CATTATTA	5.77512355397513
CATTATTC	3.0369554422494
CATTCAAA	1.31273172550277
CATTCAAC	1.18140165785721
CATTCAAG	1.12773339527681
CATTCACA	1.51958229535954
CATTCACC	0.955409102176445
CATTCATA	0.804532355560507
CATTCATC	0.0652865267035172
CATTCCAC	0.239980655258149
CATTCCCA	1.61998904552548
CATTCCCC	1.50077120569641
CATTCCCG	2.26810988055626
CATTCCTA	0.799899809308362
CATTCCTC	1.90189472047511
CATTCGAA	1.19347460663303
CATTCGTA	1.07504829898733
CATTCGTC	0.529416003278457
CATTCTAA	2.4099952976787
CATTCTAC	3.69266784459677
CATTCTCA	1.76495013056044
CATTCTCC	1.09537341712752
CATTCTCG	0.123308811429428
CATTCTGC	1.40497914767322
CATTCTGG	0.627624317440357
CATTCTTA	1.84845499049502
CATTCTTC	1.88254681725605
CATTGAAA	0.767557685268475
CATTGAAC	0.934181756374613
CATTGAAG	1.2450420356741
CATTGACA	0.561083241983051
CATTGAGA	0.25940116518877
CATTGAGG	0.0918320165584268
CATTGATA	0.558618184611984
CATTGATC	0.663080198159489
CATTGCAA	0.172465935701599
CATTGCAC	1.67351447523068
CATTGCCA	0.831999117460423
CATTGCCC	2.07439517412155
CATTGCCG	0.219310357669576
CATTGCGA	0.98973422263362
CATTGCGC	0.560688071028345
CATTGCTC	0.58027759986128
CATTGGAA	0.971861068850939
CATTGGAC	0.493576854344221
CATTGGAG	1.38291146845566
CATTGGCC	0.65018477007734
CATTGGGG	1.84822050652491
CATTGGTA	0.536067254166681
CATTGTAA	0.920074629401231
CATTGTAC	2.69146176153711
CATTGTAG	0.00272810791621609
CATTGTCA	0.536651678681021
CATTGTCG	0.815970888315672
CATTGTGA	1.07358664256451
CATTGTTA	1.13340505069599
CATTGTTC	0.914893366853547
CATTTAAC	0.283711320546885
CATTTAAG	0.692182396480384
CATTTACA	1.38163192394871
CATTTACC	1.48397048875165
CATTTAGA	0.666972394008541
CATTTATA	0.958339556665854
CATTTATC	0.347438588362861
CATTTCAA	2.46369926847789
CATTTCAC	1.01926015848425
CATTTCCA	1.5373578466775
CATTTCCC	2.50765489554506
CATTTCGA	0.0337561695043157
CATTTCGC	1.61246175300272
CATTTCTA	0.101298265361947
CATTTCTC	0.600997888956172
CATTTGAA	1.15814846577553
CATTTGAC	0.359953128777822
CATTTGAG	0.420689238132433
CATTTGCA	0.160178737612985
CATTTGGA	0.506656774890163
CATTTGGC	0.0546597607890407
CATTTGGG	0.885023441828485
CATTTGTC	1.25673885787858
CATTTTAA	0.740868172264409
CATTTTAG	0.104296565467072
CATTTTCA	1.2472595160615
CATTTTGA	0.419919130880341
CATTTTGC	0.704936181961296
CATTTTGG	1.03821765184446
CCAAAAAC	0.64991695843635
CCAAAAAG	2.13748683564291
CCAAAACA	0.0408299676483262
CCAAAACC	0.945663138992336
CCAAAACG	1.04310372645007
CCAAAAGA	0.751819882969953
CCAAAATA	1.68134052651738
CCAAAATC	1.26297827397666
CCAAACAA	0.427792793125443
CCAAACAC	1.24659891401373
CCAAACAG	0.318731560996672
CCAAACCA	0.492647250381494
CCAAACCC	0.0588757111552001
CCAAACCG	0.646880569564507
CCAAACGA	1.53119460811286
CCAAACGC	1.3938869846404
CCAAACTA	1.86315963499631
CCAAACTC	0.439814560120983
CCAAAGAC	1.17335302533999
CCAAAGAG	0.61678806330893
CCAAAGCC	0.547089191035864
CCAAAGGA	0.658514307249104
CCAAAGTA	0.335019269864693
CCAAAGTC	1.17573119271198
CCAAATAA	1.71723918914962
CCAAATAC	0.821622309077536
CCAAATAG	0.414434348472871
CCAAATCA	1.28728128769102
CCAAATCG	0.630264345083537
CCAAATGC	0.461182358250093
CCAAATGG	1.2540869274958
CCAAATTA	1.80654782491294
CCAAATTC	0.113721154681993
CCAACAAA	0.760887389996888
CCAACAAC	0.167158504114161
CCAACACA	1.25351797654294
CCAACACC	0.0340513574463834
CCAACACG	0.132027568186097
CCAACAGA	0.975510448812159
CCAACATA	1.87147012778471
CCAACATC	1.56607439623537
CCAACCAA	2.10001939193145
CCAACCCA	0.154066680828618
CCAACCCG	0.424905188498592
CCAACCGA	0.483175050208176
CCAACCTC	0.209566775033386
CCAACGAA	2.20251983399295
CCAACGAC	1.10776416905065
CCAACGAG	0.127502146590348
CCAACGGA	0.92901358684049
CCAACTAA	0.0738874463381506
CCAACTAC	0.00352321092146652
CCAACTCA	0.368304090880866
CCAACTCC	0.492680578052373
CCAACTGC	0.709746079033472
CCAACTGG	0.431909950752927
CCAACTTA	1.17505987819857
CCAACTTC	1.27147444950282
CCAAGAAA	1.79746484432452
CCAAGAAG	1.30953464964633
CCAAGACA	1.60931704920052
CCAAGACG	0.513198520574072
CCAAGATA	1.80986630871329
CCAAGATC	0.525953496328946
CCAAGCAA	1.24746186263469
CCAAGCAG	0.621582486819628
CCAAGCCA	1.75408769040189
CCAAGCGA	0.746651713435828
CCAAGCTA	0.0302329585828491
CCAAGGGA	0.183252198326707
CCAAGGTA	1.04544142450742
CCAAGGTC	0.235351679827884
CCAAGTCC	0.634194629699309
CCAAGTCG	0.175974863335544
CCAAGTGA	0.444674448699478
CCAAGTGC	0.741312144451472
CCAAGTTC	0.747204000553249
CCAATAAA	1.45457667331057
CCAATAAC	0.126599918928704
CCAATAAG	1.422284540777
CCAATACA	0.236943076112344
CCAATACC	0.333381452895795
CCAATACG	1.77239291363204
CCAATAGA	1.98454377343248
CCAATATA	1.41563090934085
CCAATATC	0.51484585973465
CCAATCAA	2.25592742657612
CCAATCAC	1.36228044990776
CCAATCAG	2.68221095232034
CCAATCCA	0.317309183614526
CCAATCCC	1.78742012237646
CCAATCGA	3.07525607773282
CCAATCGG	0.986745444720174
CCAATCTA	0.742567883479225
CCAATCTC	0.703206713897483
CCAATGAA	1.59594551153439
CCAATGAG	0.760292253016911
CCAATGCC	1.53696148544884
CCAATGTA	1.32540576262837
CCAATTAA	1.87299010763157
CCAATTAG	1.12726680788451
CCAATTCA	0.494462418170427
CCAATTGA	0.600411083893913
CCAATTTA	1.60865763742671
CCAATTTC	1.56666120129763
CCACAAAC	0.705805081952064
CCACAACA	1.29447292295706
CCACAATA	0.359588904946078
CCACAATC	0.690354135677892
CCACACAA	1.92710829376883
CCACACAC	1.76261719359893
CCACACCA	0.744930577289735
CCACACCG	0.578382683717031
CCACACGA	0.363678686272482
CCACACGC	0.605523310551921
CCACACTA	1.09245724592563
CCACACTC	0.730321154705251
CCACAGAG	0.307925063714244
CCACAGGC	1.04517480314039
CCACAGTA	0.117804984638598
CCACATAA	1.00715745285944
CCACATAG	0.747063548225974
CCACATCA	0.801606662166939
CCACATCC	0.292765734560261
CCACATGA	1.00247134427909
CCACATGC	0.88197395994308
CCACATTA	1.04158612715113
CCACATTC	2.25387777481708
CCACCAAA	0.384101406877384
CCACCACA	1.47042874190925
CCACCACC	3.21414200447618
CCACCAGA	0.115385157678009
CCACCAGC	1.28866914712833
CCACCATA	1.56008612794284
CCACCATC	2.08112498309113
CCACCCAA	0.310532953960505
CCACCCAC	1.48800908829778
CCACCCAG	1.74545939446618
CCACCCCA	2.17167507459468
CCACCCGA	0.0181385848757515
CCACCCTA	2.55367564793275
CCACCCTC	2.32883527744522
CCACCGAA	1.21983798457206
CCACCGAC	1.16926086346567
CCACCGAG	0.102944414248562
CCACCGCA	0.0555000942047688
CCACCGCC	1.25600802966717
CCACCGCG	0.373555579592186
CCACCGGC	0.841597486673497
CCACCGGG	0.0583019991065026
CCACCTAC	0.392992753358247
CCACCTAG	2.05645060390127
CCACCTCC	0.707087007006935
CCACCTGC	0.401248493544493
CCACCTGG	0.260520022711128
CCACCTTA	1.61897255156367
CCACGAAA	0.608691819833318
CCACGAAG	0.158454030645011
CCACGACA	0.390356296536948
CCACGACC	0.0837738618495318
CCACGAGA	0.843610239939781
CCACGATA	1.12774886883829
CCACGATC	0.81544716777329
CCACGCAA	0.85150294656824
CCACGCCA	0.439968105461819
CCACGCCC	0.462461902757042
CCACGCGA	0.477875950538456
CCACGCTC	1.53618423655299
CCACGGCA	1.04725659229635
CCACGGGC	0.439825272586625
CCACGGTC	0.549673275802923
CCACGTCC	0.272284690531319
CCACGTGA	0.0887194501531444
CCACGTGG	0.693161991949424
CCACGTTA	0.785487972201232
CCACTAAA	2.16972302530036
CCACTAAC	0.486364984420852
CCACTAAG	0.104218007385716
CCACTACG	0.787418596564276
CCACTAGA	0.590610368107649
CCACTAGC	0.503762028619551
CCACTATA	1.91692192921954
CCACTATC	0.0348702659308324
CCACTCAA	0.781364863203948
CCACTCAC	0.776501403803573
CCACTCCA	0.0789877702565564
CCACTCGA	1.0896791465031
CCACTCGC	0.0220236390810427
CCACTCTA	0.258483463965645
CCACTGAA	0.989758028112818
CCACTGAC	0.179200505767021
CCACTGCA	0.492835313667168
CCACTGCG	0.784338167555915
CCACTGGA	0.0189765377435603
CCACTGTA	0.626743514709992
CCACTGTC	3.74335923200332
CCACTTGA	0.749069159848498
CCACTTTC	1.11983830810043
CCAGAAAG	1.07205833079993
CCAGAACA	0.28437787396446
CCAGAACG	0.86643255284795
CCAGAAGA	0.148429543354272
CCAGAAGG	1.03579663460991
CCAGACAA	0.327864533091407
CCAGACAG	0.778839101860925
CCAGACCA	0.432364635405629
CCAGACCC	0.0719972912897407
CCAGACGA	1.56182749874625
CCAGACGG	0.604452063987959
CCAGAGCA	0.576411590039349
CCAGAGGA	0.741766829104174
CCAGAGTA	0.248232824622517
CCAGAGTC	0.905237864490396
CCAGATAA	2.32946493237004
CCAGATAC	0.199198298568223
CCAGATAG	0.828023602434173
CCAGATCA	2.78252843193928
CCAGATCC	1.38018217026548
CCAGATGA	1.47534219281594
CCAGATGG	0.60367362481815
CCAGATTA	1.73550989443492
CCAGATTC	1.19115714323299
CCAGCAAA	0.0160115653093105
CCAGCAAG	1.68701575275845
CCAGCACA	1.86728750508943
CCAGCAGA	1.25749587211711
CCAGCATA	1.49394855535795
CCAGCATC	0.168115484377963
CCAGCCAA	0.203967726325758
CCAGCCAG	0.577445938110547
CCAGCCCA	1.29383255556661
CCAGCCCC	0.511921356615039
CCAGCCGA	1.88751740131282
CCAGCCTA	0.169942554906492
CCAGCCTC	1.61042281370932
CCAGCGAA	1.58268347907258
CCAGCGAC	1.00175598962916
CCAGCGAG	1.57915550705527
CCAGCGGA	0.278232489509214
CCAGCGTA	0.354811145270821
CCAGCGTC	2.30929574011861
CCAGCTAA	0.218712840141678
CCAGCTAG	0.830545792955317
CCAGCTCA	1.3366550418239
CCAGCTGG	0.604141402484411
CCAGGAAA	1.3171178850452
CCAGGAAC	0.0887920568647023
CCAGGAAG	0.0670731279174073
CCAGGACA	0.560566663084431
CCAGGACC	0.297931523546464
CCAGGAGA	0.773265048906457
CCAGGAGC	0.231653498634304
CCAGGATA	0.369353912513545
CCAGGCAC	0.00277928969649483
CCAGGGAA	0.309662863695777
CCAGGGAC	0.922324247185543
CCAGGGCG	0.290303057737113
CCAGGGTA	0.678240717587432
CCAGGTAA	1.218234685548
CCAGGTAG	0.560564282536511
CCAGGTCA	0.94847456608575
CCAGGTGA	0.583879368864103
CCAGGTTA	0.275488908031517
CCAGGTTC	0.0705023071960394
CCAGTAAA	1.72894077244993
CCAGTACA	1.2305373571981
CCAGTACG	0.228634963871862
CCAGTAGA	3.18386619603077
CCAGTATA	0.686973757631619
CCAGTATC	1.04050178757361
CCAGTCAA	1.30701126885123
CCAGTCAG	1.98277383605403
CCAGTCCC	0.513015218384239
CCAGTCGA	0.154485657262522
CCAGTCGC	0.786600878353789
CCAGTCTA	0.235279073116328
CCAGTCTC	0.45519170940964
CCAGTGAA	0.633818503127963
CCAGTGAC	0.8730564274351
CCAGTGAG	0.996713989134793
CCAGTGGA	0.783564489481944
CCAGTGTA	1.19438516621239
CCAGTTAC	0.815897091330154
CCAGTTAG	1.67336092988985
CCAGTTCG	0.7774310077663
CCAGTTGA	0.668589976320119
CCAGTTTC	0.589554595105166
CCATAAAG	1.36717723697902
CCATAACA	1.04095171113047
CCATAAGA	0.883464182940943
CCATAAGG	0.475504924810226
CCATAATA	1.03613586268849
CCATAATC	1.76869473243846
CCATACAG	0.670774129036637
CCATACCA	0.114951897956586
CCATACCC	1.29582031307973
CCATACTA	0.594191902453149
CCATACTC	2.11498113560808
CCATAGAA	0.713762063374361
CCATAGCA	1.0070931780656
CCATAGCC	1.45298051593027
CCATAGGA	1.56539236925631
CCATAGGG	0.867227655853201
CCATATAA	2.42760421064227
CCATATAG	0.750990262019864
CCATATCA	2.58678906949869
CCATATCC	1.42217503557269
CCATATGA	2.21666147891117
CCATATGC	0.628620576744841
CCATATGG	2.22201176036117
CCATATTA	1.6368028554838
CCATATTC	1.25106482191148
CCATCAAA	2.74155325086784
CCATCAAC	0.83728869493846
CCATCAAG	0.808705456064108
CCATCACA	0.217603504810999
CCATCAGA	0.32221192205558
CCATCATA	1.11523670897124
CCATCATC	1.00464002343413
CCATCCAA	0.228608777844741
CCATCCGC	0.656018302755078
CCATCCGG	0.0606765956566115
CCATCGAC	0.52825667644146
CCATCGAG	0.643733485214386
CCATCGCA	2.1240581648267
CCATCGCC	1.13958376282212
CCATCGCG	0.345548433314451
CCATCGTC	1.22999221172444
CCATCTAC	1.1735934606799
CCATCTAG	0.393042744864566
CCATCTCA	0.034010888131747
CCATCTCC	1.27240048264366
CCATCTCG	0.116298097805295
CCATCTGC	0.443119950907778
CCATCTTA	0.35930681001757
CCATCTTC	0.11667779519852
CCATGAAA	0.970890995573576
CCATGACC	0.0892622150788828
CCATGAGA	1.59379825731063
CCATGATA	4.32805512880395
CCATGATC	1.39299784999231
CCATGCAC	0.317659124158751
CCATGCTC	0.431449314730421
CCATGTAA	0.564438624276163
CCATGTCA	1.61555408475069
CCATGTCC	0.513114011122917
CCATGTCG	0.488626504944767
CCATTAAA	3.17127666835633
CCATTACA	1.50932689492057
CCATTAGA	1.57024749673897
CCATTAGC	0.13980243769252
CCATTAGG	0.84594674772317
CCATTATA	1.74906830511276
CCATTATC	2.68532351872562
CCATTCAA	0.880846770503005
CCATTCAC	1.23732191876984
CCATTCCC	1.43077595520732
CCATTCGA	1.52361018244003
CCATTCTA	1.26075841304135
CCATTGAA	1.23194069019688
CCATTGAC	1.16448429406437
CCATTGAG	0.309166519454476
CCATTGCC	1.75040260222187
CCATTGGA	0.394604384300024
CCATTGTA	1.23540795824223
CCATTGTC	0.961093850609191
CCATTTAA	0.301729687752679
CCATTTCA	0.398041895496376
CCATTTCC	0.160563196102052
CCATTTGA	0.0168649917386003
CCATTTTC	0.134700923500155
CCCAAAAA	0.375712356007624
CCCAAAAC	0.672242927103221
CCCAAAAG	2.04438836759109
CCCAAACA	0.316767608962747
CCCAAACG	2.93216610336291
CCCAAAGG	1.32516532728846
CCCAAATA	1.70261786382553
CCCAAATC	1.25960384730019
CCCAACAG	0.646734165867431
CCCAACCA	0.00616561911256573
CCCAACCC	0.634742155720888
CCCAACCG	0.330029641424562
CCCAACGA	1.31470758027629
CCCAACGC	0.058955459510516
CCCAACTA	0.0350440459289881
CCCAACTC	0.304936285800798
CCCAAGAA	0.100901904133281
CCCAAGAC	1.76254577716133
CCCAAGAG	0.148265285547799
CCCAAGCA	0.56294959155226
CCCAAGCG	0.324424641347135
CCCAAGGA	0.559559691314307
CCCAAGTA	0.292926421544855
CCCAAGTC	0.585310078163969
CCCAATAA	0.442124881877257
CCCAATAC	0.215557423873837
CCCAATCA	0.818231218565627
CCCAATCC	1.31192710030584
CCCAATCG	1.40050490785775
CCCAATGA	0.374573263827949
CCCAATGC	0.310532953960505
CCCAATTA	0.821624689625458
CCCAATTC	0.60367362481815
CCCACACA	0.422509167017204
CCCACACC	1.15382301020505
CCCACACG	1.23438551291063
CCCACAGA	1.52851411115504
CCCACAGC	0.323565263548047
CCCACATA	1.42913337714258
CCCACATC	0.926937749054328
CCCACCAG	1.80760240764146
CCCACCCA	1.69663792745072
CCCACCCG	0.3821541186789
CCCACCGA	2.812081744091
CCCACCGC	1.25855521594147
CCCACCTA	1.28866914712833
CCCACGAA	0.324104457651907
CCCACGAG	0.371959422211887
CCCACGCA	0.177548405510604
CCCACGCC	0.223864345840362
CCCACGCG	1.61647535679569
CCCACGGC	0.996416420644806
CCCACGTA	0.706646605641752
CCCACGTC	0.504807089156392
CCCACTAA	0.548411585405372
CCCACTAC	0.140188086455546
CCCACTAG	0.563537586888476
CCCACTCG	0.580615637665909
CCCACTGA	0.238659451162598
CCCACTGC	0.857944709239514
CCCACTTA	0.264117030618112
CCCAGAAG	0.812773812459232
CCCAGACC	0.175753472378994
CCCAGACG	1.24161404666943
CCCAGAGC	2.20323042754704
CCCAGATA	1.33177372831413
CCCAGATC	1.20825423839378
CCCAGCAC	0.0719806274543028
CCCAGCCA	1.74379658174412
CCCAGCCG	1.44280486384662
CCCAGCTA	0.346354248785341
CCCAGCTC	1.48995518622231
CCCAGGAC	1.19907008451877
CCCAGGAG	0.594884641897845
CCCAGGGG	0.16799645698197
CCCAGGTA	0.326135065027591
CCCAGTAG	1.11011615039552
CCCAGTCA	0.929425421630634
CCCAGTCC	0.728864259378267
CCCAGTGA	1.12522667831714
CCCAGTTC	0.617149906592757
CCCATAAA	0.753685042265199
CCCATAAC	0.183197445724549
CCCATAAG	1.21156439027642
CCCATACC	0.266528525660978
CCCATACG	1.08613570092431
CCCATAGC	1.58185980949229
CCCATATA	0.158868245983077
CCCATATC	1.46499990237789
CCCATCAA	0.20317262332051
CCCATCGA	1.53902184967352
CCCATCGC	2.91101017399867
CCCATCTA	1.26499578833879
CCCATCTC	0.250169400355362
CCCATGAC	0.268286560299834
CCCATGAG	0.576287801547512
CCCATGCA	0.317659124158751
CCCATGGG	0.429334197903584
CCCATGTA	1.72635787795683
CCCATGTC	1.61555408475069
CCCATTAG	0.514531627409222
CCCATTCG	0.307861979194366
CCCATTGA	2.01517071269608
CCCATTGC	0.956694598053196
CCCCAAAA	1.04096123332215
CCCCAAAC	0.259577325734842
CCCCAACC	0.205600782198817
CCCCAACG	0.586440838425926
CCCCAAGA	1.48612607489313
CCCCAAGC	0.456593852134466
CCCCAAGG	0.0560011995419112
CCCCAATC	2.82701016009675
CCCCACAC	1.66374827738925
CCCCACAG	0.639067611291363
CCCCACCA	0.130930135595018
CCCCACCG	1.53411554041058
CCCCACGA	0.0396646894415308
CCCCACGC	0.560749965274261
CCCCACGG	0.267137945928476
CCCCACTA	2.25507995151663
CCCCACTC	0.998061379257462
CCCCAGAC	0.943120713813872
CCCCAGAG	2.06279714465575
CCCCAGCA	0.512953324138323
CCCCAGCC	1.2856529929138
CCCCAGCG	1.90720334233651
CCCCAGGA	0.0382934938396634
CCCCAGGG	0.386132014253069
CCCCAGTA	0.235664721879352
CCCCAGTC	1.27547853110411
CCCCATAA	0.139376319614858
CCCCATAC	1.14650044480341
CCCCATAG	1.16610663747179
CCCCATCA	1.76524055740667
CCCCATCG	3.00968983664872
CCCCATGA	2.01140587616074
CCCCATGC	1.55315516267402
CCCCATTA	1.39228963698614
CCCCATTC	1.71118307524137
CCCCCAAA	1.20253378174224
CCCCCAAG	1.75468758847771
CCCCCACA	0.9891700327766
CCCCCACC	0.0953433247402913
CCCCCACG	0.17661761127392
CCCCCAGA	0.660590145035264
CCCCCAGC	0.354811145270821
CCCCCAGG	0.304643478406647
CCCCCATA	1.10271978800836
CCCCCATC	2.99400797722631
CCCCCCAA	1.04524621957799
CCCCCCAC	0.181240635334382
CCCCCCAG	1.80083570017912
CCCCCCCA	1.3598213439065
CCCCCCCC	1.05464462276579
CCCCCCCG	0.0440282337787255
CCCCCCGA	0.951186010166525
CCCCCCGC	1.73063215174703
CCCCCCGG	0.252180963347683
CCCCCCTA	0.927682860553259
CCCCCCTC	0.611239006107623
CCCCCGAA	0.329548770744739
CCCCCGAC	0.289463914595347
CCCCCGAG	0.847801194552779
CCCCCGCA	1.775395974833
CCCCCGGA	0.446959774702594
CCCCCGGC	1.45003577815334
CCCCCGGG	0.749140576286094
CCCCCGTA	1.12882963759393
CCCCCTAC	2.09901480070925
CCCCCTAG	3.16963051946971
CCCCCTCG	0.828782997220623
CCCCCTGA	1.96792040730776
CCCCCTGC	2.55228778849544
CCCCCTTA	1.04582469272252
CCCCCTTC	0.413665431494739
CCCCGAAC	0.871156750195013
CCCCGACG	2.71559099525331
CCCCGATA	0.547835492808755
CCCCGATC	1.32540576262837
CCCCGCCG	1.69184945530982
CCCCGCGC	0.367087630893792
CCCCGCTA	0.579996695206731
CCCCGCTC	0.980648861497285
CCCCGGAA	0.110527649647435
CCCCGGAG	0.867278837633479
CCCCGGCA	0.369342009773946
CCCCGGGA	0.148411689244871
CCCCGTAA	0.0876136856443453
CCCCGTCA	0.069331077619443
CCCCGTCG	0.859169501144308
CCCCGTGC	1.67397511125318
CCCCGTTA	1.12834162527035
CCCCGTTC	0.264366988149702
CCCCTAAC	0.291586173065944
CCCCTAAG	0.659259418748035
CCCCTACA	2.20986263405191
CCCCTACC	0.648665980504437
CCCCTACG	0.805114399526925
CCCCTAGA	1.33952479234135
CCCCTAGC	1.31948533995155
CCCCTATA	2.01926644539228
CCCCTATC	1.90277909402736
CCCCTCAA	0.875948793157789
CCCCTCAC	0.0507116220638714
CCCCTCAG	0.041371542300105
CCCCTCCA	0.257996641916024
CCCCTCCG	0.47518712166292
CCCCTCGA	2.2433997931476
CCCCTCGC	1.31714288079836
CCCCTGAA	0.343221447722741
CCCCTGAC	1.45351494893829
CCCCTGCC	0.245215480134029
CCCCTGCG	1.743919179962
CCCCTGTA	2.29478630054676
CCCCTGTC	1.80495761890244
CCCCTTAA	0.771735546867915
CCCCTTAC	2.6574437317616
CCCCTTCG	1.02286668858292
CCCCTTGA	1.04046607935481
CCCCTTGC	1.1000702381735
CCCCTTTA	0.550661203189687
CCCCTTTC	0.665338147861522
CCCGAAAG	0.0784676205360541
CCCGAACG	0.15559380231924
CCCGAAGC	0.538072865789208
CCCGAATA	0.688799637886192
CCCGAATC	1.48849948116928
CCCGACCA	0.837948106712274
CCCGACCG	0.58550885391528
CCCGACGA	0.107348427900396
CCCGACGC	0.983073449553713
CCCGAGAG	0.805951162120774
CCCGAGCG	1.00676347217869
CCCGAGTC	0.429369906122382
CCCGATAG	1.77005878639657
CCCGATCG	0.103907345882167
CCCGATGA	0.54663807720504
CCCGCAAA	0.627990921820023
CCCGCAAC	0.863590178631577
CCCGCACA	0.262754166933962
CCCGCATC	0.922403995540862
CCCGCCCA	0.663763415412502
CCCGCCCG	0.123162407732355
CCCGCCGA	1.6473129745502
CCCGCCTA	2.16338957755944
CCCGCGAG	0.0388172143820447
CCCGCGGC	0.652633163612966
CCCGCGTA	0.00396599283456949
CCCGCTAG	0.617159428784437
CCCGCTGA	0.125776249348414
CCCGCTGC	1.02252388968245
CCCGCTTA	0.460883599486143
CCCGGAAC	0.747706296164348
CCCGGAAG	0.376069438195612
CCCGGAGA	2.88567757330896
CCCGGAGC	0.123162407732355
CCCGGAGG	0.992412339043517
CCCGGCTA	0.238659451162598
CCCGGCTC	0.209550111197946
CCCGGGTA	0.361670694102039
CCCGGTCA	0.286936962978362
CCCGGTCG	0.100025862498755
CCCGGTGC	0.271025380681687
CCCGGTTC	0.523205153755413
CCCGTAAG	0.00868185826390894
CCCGTACA	0.207621867382822
CCCGTAGC	0.251638198421945
CCCGTATC	1.69839001071977
CCCGTCAA	1.92658814404833
CCCGTCCG	0.639381843616791
CCCGTCTC	0.610474850225329
CCCGTGAA	0.230891723299935
CCCGTGAG	0.694113020843427
CCCGTTAG	1.41808525424628
CCCGTTCG	0.461687034409114
CCCGTTGA	1.43014153918666
CCCGTTTC	1.04110882729318
CCCTAAAA	0.106164105310241
CCCTAAAC	0.506753187080919
CCCTAACA	0.852955080799386
CCCTAACG	0.950786078115981
CCCTAAGA	1.45195807059867
CCCTAAGC	0.487138662494824
CCCTAATA	0.066710094359623
CCCTAATC	0.809236318250247
CCCTACAA	0.161098819384029
CCCTACAC	3.47668787346715
CCCTACAG	1.17336968917543
CCCTACCA	0.491914041622162
CCCTACCC	0.628238498803694
CCCTACCG	0.211348615151438
CCCTACGG	0.0742159619510969
CCCTACTA	1.09002908704732
CCCTACTC	0.129039980546611
CCCTAGAA	0.952977372476259
CCCTAGAC	0.900263709611743
CCCTAGAG	0.964374245642825
CCCTAGCA	0.729918842106785
CCCTAGTA	1.72908836642097
CCCTAGTC	1.54121552458172
CCCTATAA	1.6908008239511
CCCTATAC	1.79959900553472
CCCTATAG	0.53348793049546
CCCTATCA	1.42566848964515
CCCTATCG	0.411294405766509
CCCTATGA	0.874791846868714
CCCTATGC	0.979276475621458
CCCTATTA	1.35435560588238
CCCTATTC	1.3923384382185
CCCTCAAA	0.894367092414127
CCCTCAAC	0.917789303398115
CCCTCAAG	0.620266043819918
CCCTCAGA	1.75204994138245
CCCTCAGC	0.756921397162318
CCCTCAGG	0.588489299911006
CCCTCATA	0.0990403156599109
CCCTCATC	0.230670332343382
CCCTCCAA	0.359826959738069
CCCTCCAC	0.0558000432426779
CCCTCCAG	1.69231009133233
CCCTCCCA	0.537908607982732
CCCTCCCG	0.0334169414257271
CCCTCCGA	0.555662734369417
CCCTCCGG	0.233750761351746
CCCTCGAG	1.09696838423386
CCCTCGCA	0.735341730268338
CCCTCGTC	0.634194629699309
CCCTCTAA	0.590898414405956
CCCTCTAG	0.315372607881681
CCCTCTTA	1.87577891951974
CCCTCTTC	0.304617292379529
CCCTGAAC	0.858481522795451
CCCTGAAG	0.340877798295589
CCCTGACA	1.08557746243709
CCCTGACC	0.557017266135846
CCCTGACG	0.0894705130218767
CCCTGAGG	0.112596345789837
CCCTGATA	1.23231324594635
CCCTGATC	1.19140710076458
CCCTGCCC	1.23389035894329
CCCTGCCG	0.288317680771909
CCCTGCGC	1.06167438077328
CCCTGGAG	0.495351552818509
CCCTGGCA	0.1970974650289
CCCTGGCG	0.61498955935544
CCCTGTTA	1.05980565065615
CCCTTAAA	0.326482625023897
CCCTTAAC	0.2749128154349
CCCTTAAG	0.928253001780078
CCCTTACA	0.232472407118753
CCCTTACC	0.551125410034069
CCCTTAGA	0.664046700614973
CCCTTATA	1.74478331885693
CCCTTATC	0.90065650001853
CCCTTCAG	0.544108745040136
CCCTTCCG	1.26987472130064
CCCTTCGC	0.480770696809068
CCCTTCTA	0.0179921811786759
CCCTTCTC	1.26811073529199
CCCTTGAA	1.56995945044066
CCCTTGAG	0.928649363008744
CCCTTGCG	0.953135678912931
CCCTTGGC	0.567122692055861
CCCTTGTC	0.56060713239907
CCCTTTAC	0.310853137655734
CCCTTTAG	0.123664703343454
CCCTTTCA	0.524246643470372
CCCTTTCC	0.620668356418382
CCCTTTGA	1.22618690587446
CCCTTTGC	0.207351675193912
CCCTTTTA	1.39162546411649
CCCTTTTC	0.0308947509045856
CCGAAAAA	0.486907749346593
CCGAAAAG	1.23288338717317
CCGAAACC	0.529174377664584
CCGAAAGA	1.16785157909708
CCGAAATA	2.00512718102198
CCGAAATC	0.563035291277377
CCGAACAA	2.16153036963399
CCGAACAG	0.220581570258808
CCGAACCA	0.707351247826044
CCGAACGA	0.304931524704957
CCGAACGC	1.52450407818395
CCGAACGG	0.262998173095754
CCGAACTA	0.934557882945959
CCGAACTC	1.23775874931314
CCGAAGAA	0.252622554986827
CCGAAGCA	0.254672206745868
CCGAAGGC	0.264071800207634
CCGAAGTA	0.548659162389042
CCGAATAA	0.950062391548328
CCGAATAC	0.543888544357542
CCGAATAG	0.765867496245339
CCGAATCA	0.874556172624643
CCGAATGA	2.2038112812395
CCGAATGC	0.355134899787928
CCGAATTA	2.42983716459114
CCGACAAA	0.715810524859443
CCGACAAC	0.273922507500217
CCGACAAG	1.09050638690527
CCGACAGA	0.688880576515467
CCGACAGC	1.12894152334616
CCGACATC	0.744930577289735
CCGACCAG	0.154957005750665
CCGACCCC	0.439860980805423
CCGACCGA	0.296069935073094
CCGACCTC	0.0487083909892671
CCGACGAC	0.0697857622721452
CCGACGAG	1.15081875873013
CCGACGGA	0.717642356483811
CCGACGTA	0.798029888917274
CCGACTCC	0.399911815887464
CCGACTGA	1.27115069498571
CCGACTTA	1.23149790828378
CCGAGAAA	1.48281949383238
CCGAGAAG	1.67647825739097
CCGAGACA	0.358654539887516
CCGAGAGA	0.897854595116796
CCGAGAGG	0.187094402669443
CCGAGATA	1.08964819938014
CCGAGCCC	0.543245796419168
CCGAGCGC	0.937355026751854
CCGAGCGG	0.283575629315449
CCGAGCTC	0.560664265549147
CCGAGGGA	0.132351322703204
CCGAGGTA	0.266877275931244
CCGAGTAA	0.524779886204431
CCGAGTGA	0.12488354387845
CCGAGTTA	0.134417638297687
CCGATAAA	0.428865229963361
CCGATAAG	0.912594947836875
CCGATACA	0.925754616738135
CCGATACC	0.649244453648976
CCGATAGC	0.472201914571353
CCGATAGG	0.858280366496221
CCGATATA	0.850628095207671
CCGATATC	1.64921027124237
CCGATCCG	0.294544003856431
CCGATCGA	0.122075687606916
CCGATCGC	1.04948597542335
CCGATCTA	0.0290200694176566
CCGATGAC	0.666237994975249
CCGATGAG	0.894445650495486
CCGATGCA	0.554353433013465
CCGATGGA	0.27777423403463
CCGATGGC	0.379426010762681
CCGATTAC	0.970454165030274
CCGATTCA	2.00382859213167
CCGATTCC	0.476346448499917
CCGATTGA	1.72357144661657
CCGATTGC	0.869508220760475
CCGCAAAA	1.54906776189554
CCGCAAAG	0.170018732439932
CCGCAACA	0.815357897226294
CCGCAACC	0.344574789215209
CCGCAACG	0.201172963067785
CCGCAAGA	1.5757572748996
CCGCAAGC	0.0494296970089999
CCGCAATC	1.422284540777
CCGCACAA	0.187703822936938
CCGCACTA	0.411151572891318
CCGCAGAA	0.224868937062563
CCGCAGAC	0.27229302244904
CCGCAGTC	0.397307496463082
CCGCATCA	0.431217211308231
CCGCATCC	0.615357354009066
CCGCATGA	0.62178959448866
CCGCATGC	0.672877343123877
CCGCATTA	0.507726831180161
CCGCCAAA	0.539717824401863
CCGCCAAG	0.214719471006031
CCGCCACA	0.161784417184964
CCGCCACC	0.0924866672364026
CCGCCAGA	1.33244147200566
CCGCCATA	0.492509178602139
CCGCCATC	0.560100075692126
CCGCCCAC	0.233200854782247
CCGCCCAG	1.59173908335991
CCGCCCCC	1.43059146274352
CCGCCCCG	0.251352532671557
CCGCCCGA	0.498029669228411
CCGCCCGC	0.939852221519837
CCGCCCTA	0.255856529336024
CCGCCCTC	0.339339964339326
CCGCCGAA	0.770552414551719
CCGCCGCA	0.0872708867438805
CCGCCGCC	0.973859538829702
CCGCCGCG	0.0888372872751801
CCGCCGGC	0.144261203946512
CCGCCGTA	0.112378525655166
CCGCCTAA	0.892315060107166
CCGCCTAC	0.177653149619081
CCGCCTCA	0.671713255191041
CCGCGAAA	0.710691156557677
CCGCGATA	1.08995886088368
CCGCGCAA	0.877791337247799
CCGCGCAC	0.77609790093115
CCGCGCCC	0.0890896253546921
CCGCGCCG	0.701013038989285
CCGCGCGC	0.746837396173583
CCGCGCTA	0.851526752047436
CCGCGGCG	0.548659162389042
CCGCGGGA	1.21636476515692
CCGCGGGC	1.22648804518633
CCGCGGTA	0.375054134507769
CCGCGTAG	0.645195141637209
CCGCGTCA	0.21707264262486
CCGCGTCC	0.183252198326707
CCGCGTCG	0.463037995353662
CCGCGTGA	0.763703578186143
CCGCGTTC	0.146018048311405
CCGCTAAG	0.137148126761819
CCGCTAGA	1.68893923547773
CCGCTATA	1.0412659434559
CCGCTATC	1.16733261965054
CCGCTCAC	0.193636148353352
CCGCTCCG	0.475543013576946
CCGCTCGA	0.160184688982786
CCGCTCGC	0.100025862498755
CCGCTCTC	1.09349635509267
CCGCTGAG	0.898968691543313
CCGCTGCC	0.136920784435471
CCGCTGGA	0.260922335309591
CCGCTGGC	0.871006775676058
CCGCTTAA	0.174147792807015
CCGCTTAG	1.15893523686306
CCGCTTCA	0.713241913653861
CCGCTTGA	0.458708968961305
CCGCTTGC	0.0881540700221644
CCGCTTTA	0.42704411080463
CCGGAAAC	0.383906201947952
CCGGAAAG	0.168257126979197
CCGGAACC	0.00310423448756209
CCGGAATA	0.442869993376188
CCGGACAA	0.351780707768773
CCGGACCA	0.0252016705541224
CCGGAGAA	0.370082360177038
CCGGAGGA	0.383368198118052
CCGGAGTC	0.309166519454476
CCGGATAA	0.446959774702594
CCGGATAG	0.410346947694387
CCGGATCA	0.906893535568691
CCGGATGA	0.316274835543325
CCGGATGC	0.436309203308919
CCGGATTA	0.348412232462103
CCGGATTC	0.42572052616116
CCGGCACA	0.870823473486222
CCGGCATA	0.410346947694387
CCGGCCGA	0.458381643622319
CCGGCCGC	0.85201476437102
CCGGCGAA	0.121713844323088
CCGGCGTA	0.584295964750088
CCGGCTAC	0.562202099505409
CCGGGAAA	0.0325087623942823
CCGGGACA	1.02990120768625
CCGGGAGA	1.18906940270723
CCGGGAGC	0.706852523036823
CCGGGATA	1.20681162635432
CCGGGCAA	0.34323692128422
CCGGGCAC	0.209966707083931
CCGGGGAA	0.828043837091493
CCGGGGGA	0.901108804123313
CCGGGGGC	0.380104466919858
CCGGGGTA	0.941551932734651
CCGGGTAC	0.141971116847558
CCGGTAGA	2.57942365423449
CCGGTAGG	0.129673206293307
CCGGTCAA	0.541434199452118
CCGGTCCA	0.280957026603548
CCGGTCCC	0.862877204529568
CCGGTCGC	0.931739314208784
CCGGTGAG	0.520498470770474
CCGGTGCA	0.570872055029719
CCGGTGCG	0.200349293487497
CCGGTGTA	0.176329564975611
CCGGTTAC	1.11060178217118
CCGGTTAG	0.0353344727752173
CCGGTTCA	0.473650477980617
CCGGTTGC	0.713762063374361
CCGGTTTA	0.080674388457811
CCGGTTTC	0.722695069443819
CCGTAAAC	0.331136596207321
CCGTAAAG	0.502883606437106
CCGTAACC	0.96788674409865
CCGTAAGA	1.53837315036534
CCGTAAGG	0.241232823464021
CCGTAATC	1.69593090471851
CCGTACAA	1.13334553699799
CCGTACCC	1.33035135093198
CCGTACGC	0.283575629315449
CCGTACTC	0.793643729374841
CCGTAGAA	0.573039543910796
CCGTAGCA	0.251638198421945
CCGTAGCC	0.908623003632507
CCGTAGTA	0.0870875845540474
CCGTAGTC	0.188681037858062
CCGTATAC	0.433169260602559
CCGTATGA	0.851705293141433
CCGTATTA	1.07992842222315
CCGTATTC	1.3361229893638
CCGTCAAA	0.692718019762361
CCGTCAAG	0.995033322303337
CCGTCAGA	1.36074737704734
CCGTCATA	1.08192808247587
CCGTCATC	0.324916224492595
CCGTCCCA	0.810795577137788
CCGTCCGC	0.00613229144168725
CCGTCCTA	1.12161419684868
CCGTCCTC	0.500755396596706
CCGTCGAA	0.517961996961811
CCGTCGGA	0.209395375583153
CCGTCTAA	0.176608089082241
CCGTCTCA	1.21638142899236
CCGTCTCC	1.79204314643693
CCGTCTGA	0.539898746043777
CCGTCTTA	0.329563054032261
CCGTGAAA	1.343488404628
CCGTGAAC	0.0267811640989809
CCGTGAGA	1.02634943018975
CCGTGAGC	0.00897704620597939
CCGTGAGG	1.21540659461915
CCGTGATA	0.0605242405897377
CCGTGCAA	1.68744425138403
CCGTGCAG	0.493289998319871
CCGTGCGA	0.090345364382443
CCGTGCTA	0.814697295178518
CCGTGCTC	0.159056309268748
CCGTGGAG	0.0483251227741605
CCGTGGTA	0.291312410055156
CCGTGTAA	0.208591940660182
CCGTGTCC	0.323723569984722
CCGTGTGA	0.158868245983077
CCGTGTGC	1.00873337558242
CCGTTAAA	0.129773189305943
CCGTTAAC	0.0255111417837087
CCGTTAAG	0.450512742473058
CCGTTACA	0.144208831892274
CCGTTACC	0.673261801612941
CCGTTAGC	0.798064406862113
CCGTTAGG	0.798747624115126
CCGTTATA	1.98033496471009
CCGTTCCC	1.08619878544419
CCGTTCGA	0.268052076329722
CCGTTCGC	0.604452063987959
CCGTTCTC	0.644639283697909
CCGTTGAA	1.49118116840106
CCGTTGAC	0.732166079343181
CCGTTGAG	0.129610121773427
CCGTTGCG	1.30991553731352
CCGTTGGA	1.30211448177997
CCGTTGTA	0.871422181288084
CCGTTGTC	1.34934693305889
CCGTTTAC	0.424206497684098
CCGTTTCC	1.38004766930801
CCGTTTGA	0.434755895791178
CCGTTTGC	1.64711538907284
CCGTTTTC	1.43478003680861
CCTAAAAC	0.31304443201601
CCTAAAAG	1.32109697089333
CCTAAACA	0.600705081562024
CCTAAACC	1.33520409786671
CCTAAACG	0.0233388918067927
CCTAAATA	0.770017981543701
CCTAAATC	1.20188627270803
CCTAACAC	0.668766136866192
CCTAACAG	1.0539399805815
CCTAACCG	0.173916879658782
CCTAACGA	0.870077171713331
CCTAACGC	0.69116590251858
CCTAACTC	0.55037196661742
CCTAAGAC	0.0408692466890057
CCTAAGAG	0.160563196102052
CCTAAGCG	1.64118782475227
CCTAAGGA	0.355901436218139
CCTAAGTC	0.982469980656016
CCTAATAA	3.89941128979714
CCTAATAC	0.334074192340488
CCTAATCA	2.79472874002882
CCTAATGC	0.55369521151361
CCTAATTA	2.57228915211852
CCTAATTC	0.40260302531092
CCTACAAA	0.130444503819356
CCTACACC	1.09469853179222
CCTACACG	1.09247867085691
CCTACAGC	0.617293929741911
CCTACAGG	3.18838685653067
CCTACATC	1.26682285886731
CCTACCAG	0.202679849901088
CCTACCCC	0.799824822048885
CCTACCGC	0.612441182807176
CCTACGCA	0.0814647303672201
CCTACGCC	0.171482769410677
CCTACGGA	0.524465653879003
CCTACGTA	1.18126596662577
CCTACGTC	0.175290455808571
CCTACTAA	0.246315293273027
CCTACTAG	0.695743696168567
CCTACTCA	0.227137599230239
CCTACTCG	0.363909599420712
CCTACTTA	1.19924148396901
CCTAGAAC	1.09813247216669
CCTAGAAG	1.09985122776487
CCTAGACA	0.454965557357248
CCTAGAGA	1.89912019187446
CCTAGAGC	0.340002946935023
CCTAGCAG	0.0214654005938233
CCTAGCCA	0.105322581620553
CCTAGCGA	1.35586487326361
CCTAGCTC	0.129423248761715
CCTAGGCA	0.325768460647925
CCTAGTAA	0.278978791282105
CCTAGTAG	1.29465146405106
CCTAGTCA	1.60832436071792
CCTAGTCC	0.279257315388735
CCTAGTTC	0.0310256810401803
CCTATAAA	0.934612635548119
CCTATAAC	0.302948528287672
CCTATACA	0.620562422035948
CCTATACC	0.557962343660049
CCTATACG	0.82256976714966
CCTATAGG	2.95977093704218
CCTATATC	1.10954957999058
CCTATCAC	0.694536758373173
CCTATCAG	1.06303843473139
CCTATCCC	0.0837619591099325
CCTATCGC	1.47933199112971
CCTATCTC	0.381661345259478
CCTATGAA	0.298521899430602
CCTATGAC	1.34507503981662
CCTATGAG	1.52774519417691
CCTATGCA	0.330572406350301
CCTATGCC	1.35928095952868
CCTATGGA	0.393016558837445
CCTATTAG	0.0217296414129346
CCTATTCA	0.567475013148008
CCTATTCC	0.730475890320044
CCTCAAAA	0.758585400158334
CCTCAAAG	1.37707793577792
CCTCAACA	1.09113604183008
CCTCAACC	0.245855847524486
CCTCAAGA	0.902763284927649
CCTCAAGG	0.231308319185918
CCTCAATA	0.0398372791657242
CCTCAATC	2.24907501938866
CCTCACCA	0.754558703351809
CCTCACTA	0.269754168092455
CCTCAGAA	1.22573460176968
CCTCAGAC	1.05834161368541
CCTCAGAG	0.541737719311906
CCTCAGTA	0.75818308755987
CCTCATAA	0.193662334380472
CCTCATAG	0.899913769067518
CCTCATCA	0.0180921641913113
CCTCATCC	0.585075594193857
CCTCATCG	0.621284918329638
CCTCATGC	1.062633741585
CCTCATTA	0.224069072961474
CCTCATTC	0.617299881111712
CCTCCAAA	0.601464476348473
CCTCCAAG	1.88452981367333
CCTCCAGA	1.43849131101574
CCTCCAGG	0.345507963999812
CCTCCATC	0.384556091530086
CCTCCCAA	1.87596698280542
CCTCCCAC	0.143706536281174
CCTCCCAG	0.566396624940287
CCTCCCCA	1.91914298042881
CCTCCCGC	0.0141273616307042
CCTCCGAG	1.22653684641869
CCTCCGCA	0.245697541087811
CCTCCGGA	0.348412232462103
CCTCCTAA	1.04524621957799
CCTCCTCG	0.673601029691526
CCTCCTTA	1.36630833698825
CCTCGAAA	1.04691498366984
CCTCGAAG	1.08009268002962
CCTCGACA	0.138283648119618
CCTCGAGA	0.437326887544679
CCTCGAGC	0.368146974718151
CCTCGAGG	0.631797417943958
CCTCGGAG	0.315761827466583
CCTCGTAC	0.108030454879449
CCTCGTCA	1.00778710778425
CCTCGTTA	0.479412594220759
CCTCTAAA	0.584519736254557
CCTCTAAC	0.176210537579615
CCTCTAAG	1.05519095851341
CCTCTACC	0.397720521527188
CCTCTAGA	1.48748060665956
CCTCTAGC	0.526203453860539
CCTCTATC	0.313057525029569
CCTCTCTA	0.280641604004164
CCTCTCTC	1.93482126902934
CCTCTGAA	2.10981653689584
CCTCTGAC	0.0984558911455737
CCTCTGGA	0.0946077354330399
CCTCTGTA	1.11897178865758
CCTCTGTC	0.766235290898964
CCTCTTAA	0.396127934968768
CCTCTTAC	0.406002447740552
CCTCTTAG	0.655336275776024
CCTCTTCA	0.692644222776844
CCTCTTCC	0.403986123652389
CCTCTTTA	1.89429244069288
CCTGAAAA	0.190600949755468
CCTGAAGA	1.3748818803218
CCTGAAGC	0.064829461502893
CCTGAATC	0.265340632248944
CCTGACAA	1.22637734970805
CCTGACAC	0.148327179793717
CCTGACGC	0.352788869812856
CCTGAGTC	0.277386204723685
CCTGATAA	0.122767236777649
CCTGATAC	1.05167726978362
CCTGATAG	0.739424369950984
CCTGATCC	0.990656684952583
CCTGATGA	0.0646318760255414
CCTGATTA	3.17513434626054
CCTGATTC	0.968065285192644
CCTGCAAC	0.0577497119890842
CCTGCCCG	0.260343862165055
CCTGCCGA	0.263976578290837
CCTGCCGC	0.0722055892327319
CCTGCCTC	0.100859054270723
CCTGCGAA	0.260321246959814
CCTGCGCA	0.907055412827245
CCTGCGTC	0.388779183540006
CCTGCTCA	0.514257864398433
CCTGCTGC	0.195285868061849
CCTGGAAA	0.721065584392642
CCTGGAAG	0.986460969243743
CCTGGACG	0.0648735016394111
CCTGGAGA	1.83674507527699
CCTGGATC	0.758537789199937
CCTGGCAA	0.211127224194888
CCTGGCTA	0.0916391921769138
CCTGGCTC	0.267725941264692
CCTGGGGA	1.67950036297529
CCTGGTCG	0.261171102567224
CCTGTAAA	1.42069909586234
CCTGTAAC	0.125070416890162
CCTGTACG	0.203005984966115
CCTGTAGA	0.972290757750483
CCTGTAGC	0.0618716307124065
CCTGTATA	0.545597777764039
CCTGTATC	1.50347788868135
CCTGTCGC	0.576097357713918
CCTGTGGA	0.495896698292172
CCTGTTAA	0.262044763653828
CCTGTTAG	0.149878106763536
CCTGTTCA	0.444364977469892
CCTGTTCG	0.559193086934641
CCTGTTGA	0.274018919690974
CCTGTTTC	0.14955792306831
CCTTAAAA	1.86075528159719
CCTTAAGC	0.440170452035012
CCTTAAGG	0.60367362481815
CCTTAATC	1.08009268002962
CCTTACAA	1.58036006430274
CCTTACGA	0.684939579434056
CCTTACTA	0.573246651579825
CCTTAGGC	0.525953496328946
CCTTATAA	0.474195623454277
CCTTATCA	2.39432177017401
CCTTATCC	1.21635286241732
CCTTATGA	0.075376479062051
CCTTATTC	0.0316505748691539
CCTTCAAA	0.19893048692723
CCTTCACA	0.059713664023009
CCTTCACC	0.440667986550273
CCTTCAGA	0.37242719987815
CCTTCATA	1.06248614761397
CCTTCATC	0.0779462805415949
CCTTCCAC	0.479831570654661
CCTTCCCC	0.472174538270273
CCTTCCGA	0.0977286337560426
CCTTCGAA	1.25600802966717
CCTTCGAC	0.940575908087489
CCTTCGAG	0.0156235359983652
CCTTCGGC	0.340246953096814
CCTTCTAA	2.76976036317085
CCTTCTAC	0.370581084966259
CCTTCTCA	0.0963193493874554
CCTTCTCG	1.34641528829553
CCTTCTGA	0.169440259295393
CCTTGAAA	1.18313707729082
CCTTGAAC	0.158007677910029
CCTTGAAG	0.778839101860925
CCTTGACA	0.0658602387522148
CCTTGACG	1.17713809653265
CCTTGAGA	0.943052868198156
CCTTGAGC	0.0408216357306059
CCTTGCCA	0.0769773975381914
CCTTGCCC	0.638210614040195
CCTTGCGA	0.641245812638078
CCTTGGAG	1.91398790390825
CCTTGGGA	2.01369239243782
CCTTGTAA	1.44511637587685
CCTTGTCA	0.709746079033472
CCTTGTTA	0.176108174019058
CCTTTAAA	1.90149597869852
CCTTTACG	0.0967264230817606
CCTTTAGA	0.90065650001853
CCTTTAGC	0.474688396873697
CCTTTATA	1.61777275541204
CCTTTATC	0.918703433799363
CCTTTCAA	1.40099768127717
CCTTTCAC	0.718671943459176
CCTTTCAG	0.602261959901643
CCTTTCCA	1.35926191514532
CCTTTCCC	0.270395725756872
CCTTTCCG	0.896426266364849
CCTTTCTA	1.77271547787519
CCTTTGAA	2.09743173634251
CCTTTGAC	1.06536065922726
CCTTTGAG	1.16584001610476
CCTTTTAA	1.26547784929257
CCTTTTAG	0.525290513733253
CCTTTTCA	1.97790799610574
CCTTTTGA	0.535601857048339
CCTTTTGC	0.079546008743773
CCTTTTTC	0.401968609290264
CGAAAAAA	0.757428453869259
CGAAAAAC	1.25364176503478
CGAAAAAG	1.55315516267402
CGAAAAGA	0.901390899051822
CGAAAAGC	1.07167030148898
CGAAAATA	0.0344881879896881
CGAAACAA	1.05980327010823
CGAAACAG	0.74216914170264
CGAAACCA	0.598021013782323
CGAAACCC	1.11689118977558
CGAAACCG	1.68352825005578
CGAAACGA	0.277066021028459
CGAAACGC	0.548659162389042
CGAAACTA	1.22763189846185
CGAAAGAA	0.849848465763902
CGAAAGAG	1.16785157909708
CGAAAGGC	0.105635623672021
CGAAAGTA	0.54326007970669
CGAAATAA	0.00936745606484396
CGAAATAC	1.90989812258185
CGAAATCA	1.08992672348677
CGAAATCC	0.436309203308919
CGAAATCG	0.682284078229398
CGAAATGA	0.178910078920792
CGAAATGC	0.177588874825243
CGAAATTA	1.46889685932279
CGAACAAC	1.61542315461509
CGAACAAG	0.472219768680751
CGAACCAA	1.17852119487412
CGAACCAC	0.245334507530024
CGAACCAG	1.14888575381916
CGAACCCC	0.0316029639107568
CGAACCGC	0.26778188414081
CGAACCTA	1.2120940621886
CGAACGAA	0.497084591704206
CGAACGCA	0.822053188251042
CGAACGCG	0.274599773383432
CGAACGGC	0.794186494300579
CGAACTAA	0.518386924765514
CGAACTAC	0.634251762849386
CGAACTCA	0.524384715249727
CGAACTGA	1.76285524839092
CGAACTGC	1.06639262675054
CGAACTTA	2.32799970512534
CGAACTTC	0.210726101870381
CGAAGAAA	2.14861351662056
CGAAGAAG	0.346293544813385
CGAAGAGA	0.223963138579038
CGAAGAGC	1.30506160010482
CGAAGCAA	0.674548487763651
CGAAGCGA	0.125531052912663
CGAAGGAA	1.5794935448599
CGAAGGCA	0.959726225829203
CGAAGGCC	0.0561487935129437
CGAAGTAA	1.01743189768177
CGAAGTCC	0.160184688982786
CGAATAAA	0.54981729895208
CGAATAAC	1.31013097690027
CGAATAAG	0.628562253320801
CGAATACA	1.88929090951315
CGAATACC	0.616150076466394
CGAATAGC	2.21140522910401
CGAATATA	1.54816791478181
CGAATCAA	1.26767271447472
CGAATCAG	0.800423529850743
CGAATCCA	0.572676510353009
CGAATCCC	0.303910269647315
CGAATCCG	1.57600485188327
CGAATGAA	0.46123830112621
CGAATGAC	0.712852694068956
CGAATGGA	0.0634094646686662
CGAATGTA	1.5053489993464
CGAATTAA	0.303651980198007
CGAATTAC	0.920074629401231
CGAATTAG	0.539326224269036
CGAATTGC	1.72151346293981
CGAATTTA	2.06239959315312
CGACAAAA	1.38400533022486
CGACAAAC	0.22630916855411
CGACAATA	0.726524180772993
CGACAATC	0.613748103615205
CGACACAA	1.00781448408533
CGACACCA	0.0259777291760129
CGACACCC	0.0248148315171368
CGACAGAA	0.468052619546951
CGACAGAC	1.12857729951442
CGACAGCC	0.694579608235731
CGACAGGC	0.847206057572803
CGACAGTA	2.18652493251908
CGACATAC	1.75468044683395
CGACATCA	0.257587187673799
CGACATCC	0.480513597633717
CGACATTA	0.177391289347892
CGACATTC	0.0553691640691742
CGACCAGC	0.467083736543547
CGACCCCA	0.0709308058216211
CGACCCCC	1.0232951872085
CGACCGAC	1.02990120768625
CGACCGCA	0.212075872540972
CGACCGCC	0.134151016930656
CGACCGGC	0.592894503836799
CGACCTCA	0.260096285181382
CGACCTTA	0.146278718308635
CGACGAAA	0.914189914943214
CGACGAAG	0.101927920286761
CGACGACC	0.381858930736829
CGACGACG	1.66912593514033
CGACGAGA	0.683350563697517
CGACGAGC	0.189508278260231
CGACGATA	0.803812239814733
CGACGCAA	0.162984213336598
CGACGCAG	0.000213059038832538
CGACGCTA	0.583885320233904
CGACGCTC	0.844080398153961
CGACGGGA	0.58870473949776
CGACGGTA	0.202756027434525
CGACGTGA	0.682991100961612
CGACGTTA	2.53595484921694
CGACTACC	0.758494939337379
CGACTCAA	0.577463792219947
CGACTCAC	0.17370263034599
CGACTCAG	0.428596228048411
CGACTCCA	0.711864766682193
CGACTGAA	0.175113104988536
CGACTGCG	0.349881030528686
CGACTTAC	0.242039829208871
CGACTTTA	1.59475761812236
CGAGAAAA	0.0420952288677598
CGAGAAAG	0.276877957742785
CGAGAAGC	2.24823587624689
CGAGACAA	1.03087842260737
CGAGACAG	0.975331907718168
CGAGACCA	1.04139687359149
CGAGACCG	0.657850134379448
CGAGACTA	0.568773602038318
CGAGAGAA	1.58094329854312
CGAGAGAG	0.292006339773811
CGAGAGTA	0.786747282050862
CGAGATAA	0.318081671414537
CGAGATAC	2.84530943195709
CGAGATGA	0.540872390143019
CGAGCACG	0.198492466109968
CGAGCATA	0.546485722138167
CGAGCCCC	0.0151867054550632
CGAGCCCG	0.0216272778523771
CGAGCTGA	0.656676524254933
CGAGGACA	0.649877679395673
CGAGGACG	0.945029913245639
CGAGGATA	0.00480037488049668
CGAGGCAG	0.0513412769886864
CGAGGCTA	0.785487972201232
CGAGGGAA	1.24358752089504
CGAGGGAG	0.743261813197878
CGAGGGGA	0.865508900255027
CGAGGGGC	1.30716600446602
CGAGGTAA	1.16358920804648
CGAGGTGC	0.228780177294975
CGAGTAAG	1.12967949320133
CGAGTAGA	0.195984558876343
CGAGTATC	0.0724745911476845
CGAGTCAA	2.55629187009673
CGAGTCTA	0.986659744995057
CGAGTGAA	0.654522128387414
CGAGTGTA	0.146789345837454
CGAGTTAC	0.670252789042178
CGAGTTCC	0.289895984042811
CGAGTTTC	0.0366818628978834
CGATAAAC	0.237039488303101
CGATAAAG	0.697314857795708
CGATAAGC	0.310572233001185
CGATAATA	1.1653186761103
CGATACAA	2.19421053147851
CGATACAG	0.333279089335238
CGATACTA	0.0838893184236482
CGATAGAG	1.1741909782078
CGATAGCA	0.487086290440585
CGATAGCC	0.0250219391861683
CGATAGCG	0.509819332801761
CGATAGGA	1.47643486431118
CGATAGGC	0.224259516795068
CGATAGTA	1.49712539655707
CGATATAA	0.122288746645745
CGATATAC	0.189584455793665
CGATATAG	0.15219557016357
CGATATCC	0.639067611291363
CGATATGC	0.764561765711269
CGATATTA	0.178945787139592
CGATATTC	0.259284518340693
CGATCAAG	0.0661768516255618
CGATCACA	0.202591769628052
CGATCATA	1.78855326318634
CGATCATC	0.222858564344201
CGATCCAC	0.391902462410928
CGATCGCC	0.594289504917868
CGATCGGA	1.03098197644189
CGATCTAA	0.408751980588045
CGATCTGC	0.87565836631156
CGATGAAG	0.349614409161658
CGATGAGA	0.571168433245746
CGATGATA	1.28972611040477
CGATGCAC	0.100473405507699
CGATGCCC	0.445336241021215
CGATGGAA	0.0440972696684018
CGATGGCA	0.55246446823902
CGATGGTA	1.24575977087196
CGATGTAA	0.403238631605536
CGATGTAC	1.50960422875324
CGATGTAG	0.291978963472731
CGATGTCC	0.23047393713999
CGATTAAC	1.7481934537522
CGATTAAG	0.911245177166287
CGATTACC	1.65024580958752
CGATTACG	1.35114186619051
CGATTAGA	0.452864723817928
CGATTAGC	0.314960773091535
CGATTCAC	1.03638701049404
CGATTCCC	2.13527768717323
CGATTCCG	0.340425494190809
CGATTCGC	1.12742273377326
CGATTCTC	0.0271810961495255
CGATTGAC	0.171389928041799
CGATTGAG	1.56134305724455
CGATTGCC	0.375571903680349
CGATTGCG	0.5587931548841
CGATTGGC	1.2844817633372
CGATTTCA	0.777516707491414
CGATTTTA	0.107567438309027
CGCAAAAC	0.992938440133817
CGCAAAAG	1.41968855327034
CGCAAACC	0.409786328659249
CGCAAAGA	0.0753014918025764
CGCAAATA	0.936226647037816
CGCAACAA	0.983002033116115
CGCAACAC	0.466792119423358
CGCAACCC	1.89406985946237
CGCAACCG	1.66390777409989
CGCAACGA	0.864407896842069
CGCAACTC	0.0557107726956794
CGCAAGAA	2.12387605291082
CGCAAGAC	1.17024164920867
CGCAAGGC	0.536776657446815
CGCAAGTA	0.686559542293556
CGCAAGTC	0.655091079340273
CGCAATAA	1.517042250729
CGCAATCA	2.4571063410137
CGCAATGA	1.43244233875125
CGCAATTA	2.60809140256
CGCAATTC	2.8260841269559
CGCACAAA	0.614295629636788
CGCACACG	0.883839119238329
CGCACAGA	0.6580477198568
CGCACATC	0.118986926680832
CGCACCCC	0.0377888176806421
CGCACCCG	0.0037267477686164
CGCACGCA	0.936226647037816
CGCACGTC	0.602639276746949
CGCACTAA	0.129229234106245
CGCACTAC	0.746185126043526
CGCACTAG	0.123185022937591
CGCACTCA	1.73406252129962
CGCACTGC	0.861446495229701
CGCACTTA	0.094464902557846
CGCAGAAA	0.132351322703204
CGCAGAAC	0.151293342501924
CGCAGACC	0.03705560892131
CGCAGATA	0.501965905213981
CGCAGCGC	0.371396422628829
CGCAGGAC	0.274405758727959
CGCAGGGA	0.54898291690615
CGCAGGGC	0.0897466565805845
CGCAGGTA	0.24547972095314
CGCAGTCA	0.125776249348414
CGCAGTGA	0.02921170352521
CGCAGTGC	0.885246023058994
CGCAGTTA	0.869426091857237
CGCAGTTC	2.80995115370268
CGCATAAA	1.41971592957142
CGCATAAC	0.735110817120108
CGCATAAG	2.24310698575345
CGCATACA	1.43337670380982
CGCATACC	0.68881511144767
CGCATAGA	0.0584424514337771
CGCATATA	0.990334120709435
CGCATATC	0.335835797801223
CGCATCAA	0.936012397725024
CGCATCAC	0.60100503059993
CGCATCCG	0.0476835651097463
CGCATCGC	0.893055410510259
CGCATGAC	1.51757192264117
CGCATGAG	0.289086597750042
CGCATTAA	1.56072768560725
CGCATTAC	0.534171147748476
CGCATTCA	1.42045389942659
CGCATTCC	0.0093031812710063
CGCATTGA	0.344105821274988
CGCATTGC	0.0793579454581014
CGCATTTC	0.461203783181369
CGCCAAAA	1.50819732493257
CGCCAAAC	0.739785022960852
CGCCAATC	1.42176558133046
CGCCACAA	0.695736554524807
CGCCACAC	0.532813045160165
CGCCACCA	0.454285910926114
CGCCACCG	1.57009990276794
CGCCACTA	0.878983991755675
CGCCAGAA	0.0348119425067957
CGCCAGCA	0.158868245983077
CGCCAGTA	0.326604032967812
CGCCATCA	2.31345931843053
CGCCATCC	0.234348278879642
CGCCCAAA	0.896935703619712
CGCCCAAC	1.6771936120409
CGCCCAGA	0.706628751532351
CGCCCATA	0.289988825411685
CGCCCCAG	1.10670482522629
CGCCCCCA	1.42913337714258
CGCCCCCC	0.829480497761157
CGCCCCGC	1.59960441368729
CGCCCCTA	0.659259418748035
CGCCCCTC	1.59592884769895
CGCCCGAA	0.912594947836875
CGCCCGCC	1.40665148258696
CGCCCGGA	0.123162407732355
CGCCCGTA	0.44603255128779
CGCCCTCA	0.3037888617034
CGCCGAAA	0.766312658706361
CGCCGAAG	0.593801492594284
CGCCGAGC	0.962222230323226
CGCCGATC	0.139930987280196
CGCCGCAA	1.0065730283451
CGCCGCAC	0.784229852625559
CGCCGCAG	0.131199137509968
CGCCGCCA	0.945663138992336
CGCCGCCC	0.387662706565568
CGCCGCCG	1.99798910808413
CGCCGCTA	1.49059079251692
CGCCGGGC	0.346022162350513
CGCCGTAA	0.123725407315413
CGCCGTCC	0.225423604727904
CGCCGTGC	1.04405356507011
CGCCTAAA	0.728208418426331
CGCCTAAC	0.55271680631853
CGCCTACA	1.01664750714216
CGCCTAGA	0.108228040356804
CGCCTAGC	0.113581892628678
CGCCTCAC	0.233200854782247
CGCCTCGA	0.238843943626391
CGCCTCTA	1.22889477913336
CGCCTCTC	0.153140647687773
CGCCTGAA	0.878123423682627
CGCCTGAG	0.319279087018252
CGCCTGGC	0.201172963067785
CGCCTGTC	1.11814097743353
CGCCTTAA	0.260227215316979
CGCCTTGA	0.134543807337443
CGCCTTGC	0.392563064458702
CGCCTTTA	0.911327306069522
CGCCTTTC	0.635997894748639
CGCGAAAC	1.04228719851354
CGCGAACC	0.632286620541501
CGCGAACG	0.18292606326168
CGCGAATA	1.77908701438282
CGCGAATC	1.13437869479524
CGCGACAG	0.664573991979233
CGCGACCA	0.723156895740285
CGCGACCC	1.72435226633431
CGCGACCG	3.06198452307933
CGCGACTA	0.737240217234469
CGCGAGTA	0.458028132256211
CGCGATAA	0.922440894033619
CGCGATAC	1.16790514142528
CGCGATCA	0.388799418197326
CGCGATGA	0.892091288602694
CGCGCAAC	1.22016888073293
CGCGCACA	0.0989081952503566
CGCGCCCC	0.294217868791404
CGCGCCGA	0.955143671083374
CGCGCCGC	0.0585698107474928
CGCGCCTA	1.38917111921106
CGCGCCTC	0.502940739587183
CGCGCGAA	1.04079578524171
CGCGCGAC	0.514979170418164
CGCGCGAG	0.990945921524853
CGCGCGCG	0.526593863719404
CGCGCGGC	0.450547260417896
CGCGCGTA	0.360250697267812
CGCGCTAA	1.43717010692019
CGCGCTAC	0.212704337191827
CGCGCTGA	2.58427521089526
CGCGCTGC	0.55427249438419
CGCGCTTA	0.690846909097311
CGCGGAAC	0.24736035380987
CGCGGACA	1.63985709846504
CGCGGACG	0.68566445627567
CGCGGAGC	0.0907964782132663
CGCGGCAG	0.0480918290780111
CGCGGCCG	0.812519093831803
CGCGGCTA	1.14040386158052
CGCGGCTC	0.0429117568042868
CGCGGGAA	0.262364947349057
CGCGGGGA	0.371990369334846
CGCGGGTA	0.828023602434173
CGCGGTAG	0.229756201942137
CGCGGTGA	0.147403527200791
CGCGGTTA	0.428096312985231
CGCGGTTC	0.908155225966243
CGCGTAAA	0.106081976407005
CGCGTAAC	0.188836963746815
CGCGTATC	1.808002339692
CGCGTCAG	0.867114579827006
CGCGTCCA	0.365830701592081
CGCGTCCC	0.890132097664611
CGCGTCGA	0.674782971733765
CGCGTCTA	0.856047412547346
CGCGTCTC	0.0309423618629827
CGCGTGAA	0.458076933488571
CGCGTGGA	0.352296096393437
CGCGTTAG	0.110933533067778
CGCGTTCA	0.372790233435935
CGCGTTTA	1.30394631340434
CGCGTTTC	0.411927631513208
CGCTAAAG	1.20497741418203
CGCTAAGA	0.00123312382251477
CGCTAATA	1.64351004924814
CGCTAATC	0.322484494792409
CGCTACAC	0.618030709323124
CGCTACAG	0.179637336310325
CGCTACCC	0.704431505802274
CGCTACTA	0.807305693887201
CGCTACTC	1.51290842926607
CGCTAGAA	0.441367867638726
CGCTAGAG	0.612279305548622
CGCTAGCA	0.17923145288998
CGCTAGGA	1.46700551400042
CGCTAGGC	0.731978016057506
CGCTAGTA	0.965176490291834
CGCTAGTC	0.380205640206453
CGCTATAA	0.240290126487738
CGCTATAG	1.01721288727313
CGCTATCC	0.106673542565103
CGCTATGA	1.25975501209311
CGCTATGC	0.906326965163754
CGCTATTA	0.634056557919953
CGCTATTC	0.678645410733818
CGCTCAAA	0.79075850529591
CGCTCATA	0.3821541186789
CGCTCATC	0.580944153278855
CGCTCCAA	0.628009966203383
CGCTCCCA	0.0848296348520145
CGCTCCCC	3.09225318988097
CGCTCCTA	1.01943869957825
CGCTCGAC	1.03631440378249
CGCTCGAG	1.06900170727076
CGCTCGGA	0.642117093176768
CGCTCGGC	0.47015583363419
CGCTCGTC	0.708565327265199
CGCTCTCA	0.983073449553713
CGCTCTCC	0.475510876180027
CGCTCTGA	0.465594703819644
CGCTCTTA	0.117721665461401
CGCTCTTC	1.59640733783085
CGCTGAAA	1.23424506058336
CGCTGACA	1.32673410836768
CGCTGACC	0.56772020958376
CGCTGAGA	1.1110112364134
CGCTGAGC	0.230670332343382
CGCTGATC	0.674211640232984
CGCTGCCG	1.0098308081735
CGCTGCTA	2.54132060422842
CGCTGCTC	1.01081397446442
CGCTGGAA	0.861575044817374
CGCTGGAG	0.813598672313482
CGCTGGCA	0.213411359924039
CGCTGGCC	0.344418863326453
CGCTGGTA	2.10067642315735
CGCTGGTC	0.0817789626926478
CGCTGTAG	0.826390546561117
CGCTTAAA	0.506025929691385
CGCTTAAC	0.743465350045031
CGCTTAGA	0.215925218527465
CGCTTATC	0.0722972403276498
CGCTTCAA	1.46250151733595
CGCTTCCA	1.39602233612456
CGCTTCCC	0.0226128246912212
CGCTTCTA	0.932446336940999
CGCTTCTC	0.322529725202887
CGCTTGAA	0.781629104023059
CGCTTGGA	0.656564638502698
CGCTTGTC	0.201641931008008
CGCTTTGA	2.81212697450147
CGCTTTGC	0.126854637556133
CGCTTTTA	1.69231009133233
CGCTTTTC	1.35205837713967
CGGAAAAG	1.91973454658691
CGGAAACA	0.345696027285486
CGGAAACG	0.273951074075257
CGGAAATA	0.858044692252152
CGGAAATC	0.54875200375792
CGGAACCA	0.0939459431113061
CGGAACCG	0.337173665732211
CGGAACGC	0.132769108863149
CGGAACTA	0.760482696850502
CGGAACTC	0.20762781875262
CGGAAGAA	0.512165362776831
CGGAAGAG	1.45163669662948
CGGAAGCA	0.70488500018102
CGGAAGTA	1.31531700054379
CGGAAGTC	0.620029179301887
CGGAATAA	0.0344084396343722
CGGAATAC	1.40578972423995
CGGAATAG	0.725225591882684
CGGAATCA	0.0890741517932112
CGGAATGC	0.0207155279990534
CGGAATTA	0.429549637490334
CGGACACG	1.06626645771079
CGGACATA	0.697324379987385
CGGACCCC	0.513392535229544
CGGACCCG	0.726526561320915
CGGACGGC	0.509616986228569
CGGACGTA	0.584140038861335
CGGACTCA	0.489447793977135
CGGACTCC	0.395658967028544
CGGACTGA	0.11458529357692
CGGACTGC	0.390638391465457
CGGACTTA	0.323723569984722
CGGAGAAA	0.00833548854156246
CGGAGAAC	0.295671193296509
CGGAGACC	0.211403367753596
CGGAGAGA	0.332580398520744
CGGAGCAG	0.177653149619081
CGGAGCCG	0.131199137509968
CGGAGGCA	0.504095305328339
CGGAGGTA	0.283923189311758
CGGAGTAA	1.19183559939017
CGGAGTTA	0.728122718701214
CGGATAAA	0.00323754517107603
CGGATAAG	0.797647810976127
CGGATAGA	0.13899781249559
CGGATATA	0.940447358499814
CGGATCTA	1.08964819938014
CGGATGAA	1.26089172372486
CGGATGAC	0.211753308297824
CGGATGGA	0.0583424684211417
CGGATGGC	0.435641459617384
CGGATGTA	0.489557299181453
CGGATTAA	0.348412232462103
CGGATTAG	0.041371542300105
CGGATTCA	2.27145693093165
CGGATTTA	0.880129035305151
CGGATTTC	0.449526005360257
CGGCAAAA	0.045920769375052
CGGCAAAC	1.99438733908131
CGGCAAAG	0.147286880352715
CGGCAACC	0.471405621292143
CGGCAAGA	0.74110503678244
CGGCAATC	0.272986952167692
CGGCACAA	0.870823473486222
CGGCACGA	0.231616600141547
CGGCAGAC	0.44910583865239
CGGCAGAG	0.822410270439026
CGGCAGCC	0.214406428954563
CGGCAGTA	0.14378628463649
CGGCATAA	1.3061233244771
CGGCATAG	0.348412232462103
CGGCATCC	0.258607252457482
CGGCATGA	0.321250180695937
CGGCATTC	0.139523913585891
CGGCCAAC	0.459508833062397
CGGCCCCA	0.278983552377944
CGGCCCCC	1.775395974833
CGGCCGAA	0.468460883515215
CGGCCGAC	0.60685879793499
CGGCCGCC	0.0145618116260869
CGGCCGTA	1.05345672935375
CGGCGAAA	0.0837738618495318
CGGCGACC	0.148465251573072
CGGCGATC	0.0179017203577204
CGGCGCAC	0.506033071335146
CGGCGCCG	1.50859249588728
CGGCGCTA	1.3691721361359
CGGCGGAA	0.500167401260489
CGGCGGCA	0.225423604727904
CGGCGGGA	0.213606564853471
CGGCGTGC	1.41538333235718
CGGCTAAC	0.0588281001968031
CGGCTGAA	1.77634581345305
CGGCTGAG	0.565009955776939
CGGCTGGA	1.42000159532181
CGGCTTAA	0.0313625285708468
CGGCTTTA	0.670795553967916
CGGGAACG	0.511774952917966
CGGGAATA	1.51738147880758
CGGGACCA	0.514457830423704
CGGGAGAA	0.129016175067412
CGGGAGAC	0.370667974965335
CGGGAGAG	0.105294015045513
CGGGAGCA	0.917954751478553
CGGGATAA	0.500850618513502
CGGGATAC	1.30413080586814
CGGGATTA	0.414550995320947
CGGGCAAG	0.823249413580794
CGGGCAGA	0.490483332322298
CGGGCGGA	0.094464902557846
CGGGCGTA	0.534628212949097
CGGGCTAC	0.34505089879919
CGGGGAAA	0.697324379987385
CGGGGAAC	1.05009539569084
CGGGGAAG	0.634685022570809
CGGGGACA	0.663763415412502
CGGGGAGA	2.32374090489662
CGGGGAGC	1.49562803191545
CGGGGATA	0.12981127807266
CGGGGCAC	1.02607328663104
CGGGGCGA	1.31876522420578
CGGGGCTA	1.28032532666904
CGGGGGAA	2.0504992341015
CGGGGGCA	1.12882963759393
CGGGGGGA	0.619019826983845
CGGGGGTA	0.962597166620613
CGGGGTAA	0.621772930653222
CGGGGTAC	1.84364866424473
CGGGGTAG	1.60865763742671
CGGGGTCA	0.442695023104075
CGGGGTGA	0.644638093423952
CGGGGTGC	0.0795745753188129
CGGGGTTA	0.272660817102665
CGGGTAAC	0.407130827454588
CGGGTACA	1.23797537917385
CGGGTACC	0.268052076329722
CGGGTATA	0.0263324308160797
CGGGTCAC	0.443598441039682
CGGGTCAG	0.0654888732767075
CGGGTCCA	0.248800585301414
CGGGTCGC	0.706265717974567
CGGGTTAC	0.961291436086543
CGGGTTGC	1.25354416257006
CGGTAAAC	0.575310586626388
CGGTAAAG	1.03163186602403
CGGTAATA	0.287244053660031
CGGTAATC	1.11070414573174
CGGTAGAA	0.563035291277377
CGGTAGAG	0.910567911283072
CGGTAGCA	1.00107991401991
CGGTAGGA	0.245620173280415
CGGTAGTA	1.23364516250754
CGGTATAA	0.653762733600964
CGGTATAC	0.781019683755561
CGGTATGC	0.563292390452727
CGGTCAAA	0.204020098379999
CGGTCACC	0.183116507095274
CGGTCACG	0.0752895890629744
CGGTCAGA	0.486719686060919
CGGTCATA	0.816482706118451
CGGTCCCA	0.459205313202606
CGGTCGAG	0.134151016930656
CGGTCGCC	0.251553688970791
CGGTCGGC	0.408615099082652
CGGTCTCA	0.87932679065614
CGGTCTCC	0.385063148237027
CGGTCTGA	0.174908377867427
CGGTCTTC	0.514979170418164
CGGTGACA	0.700972569674648
CGGTGACG	1.11325966392376
CGGTGAGC	0.553602370144736
CGGTGCAA	0.247199666825276
CGGTGCAG	0.281246263175818
CGGTGCCA	0.528159073976743
CGGTGCTC	0.358831890707545
CGGTGGAA	0.841597486673497
CGGTGGAC	1.13008656689564
CGGTGGAG	0.379705725143273
CGGTGGCA	0.233381776424161
CGGTGGCC	0.784183431941119
CGGTGGGC	0.321992911646949
CGGTGGTA	0.118867899284836
CGGTGTAC	0.334488407678554
CGGTGTAG	0.618030709323124
CGGTGTCA	0.524620389493799
CGGTTACA	2.12124078636348
CGGTTACC	0.282252044671982
CGGTTCAC	0.466818305450476
CGGTTCCA	0.093466262705443
CGGTTCTA	0.534628212949097
CGGTTGAA	1.41097455760951
CGGTTGAG	0.920176992961785
CGGTTGTA	1.26737157516285
CGGTTTAC	1.04310610699799
CGGTTTAG	1.27557851411674
CGGTTTGA	0.0373972175478179
CGGTTTGC	0.53958213317043
CGGTTTTC	0.272225176833323
CGTAAAAA	1.21704441158805
CGTAAACC	0.421270091824891
CGTAAAGA	1.66998412266545
CGTAACAA	0.443917434460948
CGTAACAC	0.144243349837112
CGTAACCA	0.96788674409865
CGTAACCC	1.13797094160638
CGTAACTA	0.457003306376691
CGTAACTC	0.9613580914283
CGTAAGAA	0.207002924923643
CGTAAGAG	0.0577497119890842
CGTAAGGA	0.758527076734297
CGTAAGGC	0.392207172544676
CGTAATAA	1.62652126901771
CGTAATAG	0.934705476916994
CGTAATCA	2.02739601653877
CGTAATCC	0.724741150380982
CGTAATGC	1.23198830115528
CGTAATTA	0.509680070748446
CGTACAAA	0.208225336280516
CGTACAAC	0.924478643053062
CGTACAAG	0.367401863219219
CGTACACA	0.744856780304217
CGTACACC	0.164869607289167
CGTACCCA	0.134700923500155
CGTACCCC	0.27860861608056
CGTACGAA	1.14604814069863
CGTACGCA	0.0492630586546075
CGTACTAA	0.621233736549362
CGTACTCA	0.148349794998956
CGTACTCC	2.62069045242612
CGTAGAAA	0.635741985847248
CGTAGAAG	0.0529814745055036
CGTAGAGA	2.43194633004818
CGTAGCAA	0.68957331596016
CGTAGGAA	0.90510217325896
CGTAGGAG	1.21792521431842
CGTAGGTA	0.585310078163969
CGTAGTCA	0.746017297415174
CGTAGTGC	0.277745667459593
CGTATAAA	1.04685546997185
CGTATACA	1.93482007875538
CGTATACC	2.88078435705958
CGTATACG	0.468827487894881
CGTATCAA	0.459351716899682
CGTATCAC	1.25678408828906
CGTATCAG	0.771357039748649
CGTATCCA	0.988817711684452
CGTATCCC	1.62374078904725
CGTATGAA	0.664765626086784
CGTATGAC	0.070014294872456
CGTATGTA	0.405003807888149
CGTATGTC	0.02921170352521
CGTATTAA	1.36009986801313
CGTATTAG	0.0924295340863229
CGTATTCA	0.220281621220899
CGTATTCC	1.2240337002809
CGTATTGA	0.508770701443042
CGTATTTC	0.629612074953483
CGTCAAAC	0.168417813963791
CGTCAAGA	0.733619403848286
CGTCAAGC	0.714289354738618
CGTCAATC	0.329110749927478
CGTCACAA	0.400182008076373
CGTCACCA	0.613066076636152
CGTCAGAA	0.914485102885282
CGTCAGAG	0.930430012852838
CGTCAGCA	0.593844342456843
CGTCATAA	2.3362340203803
CGTCATAC	0.283530398904971
CGTCATCA	1.49343911810309
CGTCATCC	0.742504798959347
CGTCATGA	1.35503406203956
CGTCATTA	0.074496866605646
CGTCATTC	0.674756785706645
CGTCCAAA	0.69933713325367
CGTCCACA	0.635621768177293
CGTCCACC	0.0517423993131906
CGTCCAGA	0.0357332145518021
CGTCCATA	1.4149905419504
CGTCCCAA	1.09925728105885
CGTCCCAG	0.755366899370618
CGTCCCCA	2.04438836759109
CGTCCCCC	0.514103128783638
CGTCCGCA	0.915415897121966
CGTCCGCC	0.0342775094987776
CGTCCGTA	0.662496963919111
CGTCCTAC	0.161272599382185
CGTCCTAG	0.526096329204143
CGTCCTCA	0.0819051317324038
CGTCCTCC	0.492413956685342
CGTCCTTC	0.453663397645057
CGTCGAAA	1.62893395433454
CGTCGAAC	2.17226426020486
CGTCGATA	0.250093222821925
CGTCGCAA	0.0269358997137741
CGTCGCCA	0.0394968608131787
CGTCGCCC	1.24321020404973
CGTCGGAA	1.10882589342293
CGTCGGCA	0.756604784288971
CGTCGGGA	1.59388871813159
CGTCGTAC	2.14436661913144
CGTCGTCA	0.11065024786531
CGTCGTCC	0.541034267401573
CGTCTAAA	1.00743954778795
CGTCTAAG	0.149413899919156
CGTCTACA	0.302258169390899
CGTCTACC	1.39021141865206
CGTCTATA	0.508461230213453
CGTCTCAC	1.02736592415155
CGTCTCAG	0.396964697562614
CGTCTCCC	0.341726463629037
CGTCTGAA	1.00042050224609
CGTCTGCC	1.3051306359945
CGTCTGGA	0.121916190896281
CGTCTGTA	0.559395433507834
CGTCTGTC	0.583411591197842
CGTCTTAC	0.188402513751432
CGTCTTAG	0.335519184927873
CGTCTTCA	0.0921045892952556
CGTCTTCC	0.251632247052144
CGTCTTGA	0.914128020697298
CGTCTTGC	0.238623742943801
CGTCTTTA	1.1232424916259
CGTGAAAA	2.39597148988251
CGTGAAAG	1.09087180101097
CGTGAACA	0.0862734371654371
CGTGAACC	0.473650477980617
CGTGAACG	0.439076590265812
CGTGAAGC	1.82151909078125
CGTGACCA	1.21699799090361
CGTGACCC	0.170845972842101
CGTGACTA	0.617149906592757
CGTGACTC	0.00865686251075076
CGTGAGAA	2.25274701455512
CGTGAGAC	0.487183892905304
CGTGAGAG	0.642712230156742
CGTGAGCA	1.16232156627913
CGTGAGCC	0.00835334265096272
CGTGAGTA	1.23198830115528
CGTGAGTC	0.579816963838777
CGTGATAA	1.66089876152912
CGTGATAC	1.94104997266178
CGTGATCC	1.11186823366457
CGTGATGC	1.77845616918405
CGTGATTC	0.260897339556433
CGTGCAAA	1.68744425138403
CGTGCAAG	0.0150795807986671
CGTGCACC	0.290681564856378
CGTGCACG	0.551396792496938
CGTGCAGC	0.238623742943801
CGTGCATA	0.607319433957493
CGTGCCAA	0.133252360090888
CGTGCCAG	0.102947985070444
CGTGCCCA	0.419754873073868
CGTGCGAA	0.172554015974635
CGTGCGTC	0.435699783041421
CGTGCTAA	1.03085342685422
CGTGCTAC	0.717094830462234
CGTGCTCA	1.00426508713675
CGTGCTCC	0.285908566276959
CGTGGAAC	1.22809491503227
CGTGGACC	0.0943256405045311
CGTGGAGA	1.43077595520732
CGTGGAGC	0.466068432855706
CGTGGATA	0.630819012748877
CGTGGCAA	0.314218042140523
CGTGGCAC	0.130444503819356
CGTGGCTA	1.15261607240966
CGTGGGAA	2.28255980643011
CGTGGGAC	0.675329307481383
CGTGGGGA	1.07031338917463
CGTGGGGC	0.391902462410928
CGTGGTAA	0.0769773975381914
CGTGGTAG	0.383427711816051
CGTGGTCA	1.16259056819408
CGTGTAAC	0.318164990591732
CGTGTAGC	1.08360874930733
CGTGTATA	1.53360491288176
CGTGTCAA	0.713152643106863
CGTGTCCA	0.612441182807176
CGTGTCCC	0.0189515419903994
CGTGTGAC	0.693215554277622
CGTGTGGA	0.410405271118424
CGTGTGTA	0.421492673055401
CGTGTGTC	0.965676405355014
CGTGTTAC	0.599809995544138
CGTGTTAG	0.855873632549193
CGTGTTCA	0.480773077356984
CGTGTTCC	1.27076980731852
CGTGTTGA	1.28542088949161
CGTTAAAC	1.19924148396901
CGTTAACA	0.224069072961474
CGTTAACC	0.876535598220048
CGTTAAGA	0.483813037050711
CGTTAAGC	0.205650773705136
CGTTAATC	0.889592903560748
CGTTACAA	0.867668057218384
CGTTACAC	0.259205960259337
CGTTACAG	0.900596986320531
CGTTACCC	0.673261801612941
CGTTACGC	0.29044351006439
CGTTACTA	0.406304777326381
CGTTACTC	0.719758663584612
CGTTAGAA	0.207529026013944
CGTTAGAC	0.296575801506075
CGTTAGCC	0.966115616446238
CGTTAGGA	1.56282018722885
CGTTATAA	1.8275692533197
CGTTATAC	2.8914277868095
CGTTATAG	0.725158936540927
CGTTATCC	0.103480037530543
CGTTATGA	0.990334120709435
CGTTATTA	0.981683209568486
CGTTATTC	2.02525352341086
CGTTCAAC	0.790277634616089
CGTTCATA	0.893157774070814
CGTTCCAC	0.53589704499041
CGTTCCCC	2.26535082551708
CGTTCGAC	1.87096902244756
CGTTCGCA	1.27233620784983
CGTTCGCC	0.604452063987959
CGTTCGGA	0.631881927395118
CGTTCTAA	0.393330791162873
CGTTCTCA	0.936226647037816
CGTTCTCC	0.437154297820486
CGTTCTGC	0.125776249348414
CGTTCTTA	0.670756274927237
CGTTGAAA	2.11937562706823
CGTTGAAC	0.471947195943922
CGTTGAAG	0.13797893798587
CGTTGACA	0.869853400208862
CGTTGAGA	0.000429688899544044
CGTTGATC	1.10649176618746
CGTTGCAA	0.140252361249384
CGTTGCAC	0.125132311136081
CGTTGCGC	0.0775273041076905
CGTTGGAA	1.26450420519332
CGTTGGAC	0.326589749680293
CGTTGGAG	0.220932701076993
CGTTGGCA	0.274817593518103
CGTTGGGA	0.669031567959263
CGTTGGTA	0.224359499807703
CGTTGTAA	0.537089699498283
CGTTGTAC	0.668707813442155
CGTTGTAG	0.578590981660023
CGTTGTCA	1.3755686683967
CGTTGTCC	1.61432334147609
CGTTGTGA	1.84265835631004
CGTTGTGC	0.164314939623829
CGTTTAAA	0.353349488847995
CGTTTACA	0.598168607753358
CGTTTACC	0.454965557357248
CGTTTATA	0.111558426896754
CGTTTATC	0.684249220537282
CGTTTCAA	0.303988827728674
CGTTTCCA	2.4050401871834
CGTTTCCC	1.38581454664399
CGTTTCGC	0.0152997814812576
CGTTTCTC	0.669995689866825
CGTTTGAA	0.612195986371424
CGTTTGGA	0.794279335669457
CGTTTGTA	1.48429424326876
CGTTTTAA	0.380293720479489
CGTTTTAG	0.303274663352699
CGTTTTCC	1.27385975851857
CGTTTTGA	0.174986935948783
CGTTTTTA	0.385085763442268
CGTTTTTC	0.893323222151247
CTAAAAAA	0.717424536349142
CTAAAAAC	1.34308609202953
CTAAAAAG	1.19934146698164
CTAAAACA	0.118325134359098
CTAAAACC	0.861444114681782
CTAAAAGA	1.07963323428108
CTAAAAGC	1.00859768435098
CTAAAATA	1.56556257843259
CTAAAATC	0.918662964484724
CTAAACAA	0.0550430290041473
CTAAACAG	0.774249405471341
CTAAACCC	0.769287153332288
CTAAACGC	1.01094966569585
CTAAACTA	1.55622368894278
CTAAAGAA	1.14090734746559
CTAAAGAC	0.778317761866465
CTAAAGAG	0.175670153201796
CTAAAGCC	1.1557714886775
CTAAAGGA	1.56982613975714
CTAAAGGC	0.352651988307461
CTAAAGTA	1.58922403448253
CTAAAGTC	0.103970430402045
CTAAATAA	1.02575548348373
CTAAATAG	1.08870312185594
CTAAATCA	1.24661200702729
CTAAATCC	1.20188627270803
CTAAATGA	0.447546579764851
CTAAATGC	0.438018436715415
CTAAATTA	1.3638754170141
CTAAATTC	0.780732827731213
CTAACAAA	0.90953832430771
CTAACACA	0.422497264277605
CTAACACC	1.15636781593144
CTAACAGC	0.621772930653222
CTAACATA	1.10074155268692
CTAACATC	0.932620116939152
CTAACCAA	0.247219901482593
CTAACCCA	0.140188086455546
CTAACCCC	0.40844608018034
CTAACCGC	0.765098579267206
CTAACGAA	1.55704973907099
CTAACGAC	0.870077171713331
CTAACGAG	0.429318724342103
CTAACGCA	0.317648411693114
CTAACGGA	0.805801187601819
CTAACGTC	1.20230762968985
CTAACTAC	0.272872685867538
CTAACTAG	1.73208666652609
CTAACTCA	0.03682469577308
CTAACTCC	1.7765314961908
CTAACTGC	1.08338021670702
CTAACTTA	2.12186806074038
CTAACTTC	0.841036867638358
CTAAGAAG	0.667938896464025
CTAAGAGA	0.292541963055789
CTAAGAGC	0.168211896568719
CTAAGATC	0.340839709528872
CTAAGCAC	0.153616757271754
CTAAGCCA	2.06913416321855
CTAAGCGA	0.949649366484225
CTAAGGAC	0.444280468018735
CTAAGGCA	0.780400741296386
CTAAGGGA	1.16456166187177
CTAAGGGC	0.180910929447477
CTAAGTAA	1.02077894805716
CTAAGTCC	1.86027917201321
CTAAGTGA	0.00954004578903737
CTAAGTGC	1.36330051469145
CTAAGTTA	0.640355487716033
CTAAGTTC	2.1124303785119
CTAATAAA	1.07275345079254
CTAATAAC	1.44414749287345
CTAATAAG	1.07400323845049
CTAATACA	1.03118908411092
CTAATAGA	1.85427900098108
CTAATAGC	0.477627183280826
CTAATATA	1.95952659534216
CTAATATC	1.83893160854143
CTAATCAA	1.34419066626437
CTAATCAC	0.509372980066777
CTAATCAG	1.29286724338508
CTAATCCC	0.0370722727567506
CTAATCTA	2.04714742263026
CTAATCTC	1.43966611141422
CTAATGCA	0.480435039552358
CTAATGTA	2.42444760410047
CTAATGTC	0.366028287069433
CTAATTAA	3.24679598029357
CTAATTAC	0.191581735498471
CTAATTAG	0.668684007962956
CTAATTCA	1.55904939932372
CTAATTCC	0.40260302531092
CTAATTGC	1.13625932765196
CTAATTTA	1.75605164243582
CTAATTTC	1.02391412966768
CTACAAAC	0.990572175501429
CTACAAAG	0.117334826424415
CTACAACC	0.802656483799618
CTACAAGA	0.490279795475146
CTACAATC	1.52293053600889
CTACACAC	1.14082759911027
CTACACAG	0.29673291766879
CTACACCA	0.605011492749139
CTACACCC	1.05641813096612
CTACACTA	0.402279270793812
CTACACTC	0.240893595385433
CTACAGAA	1.84588875983736
CTACAGAC	1.22697962833179
CTACAGAG	0.0371972515225443
CTACAGCC	1.31872832571302
CTACAGGA	0.592482669046655
CTACAGGC	0.836119845909785
CTACATAA	0.28280314151544
CTACATAC	1.1651698918653
CTACATCA	0.0553036990013742
CTACATCC	1.13353598083159
CTACATGA	1.07603741664806
CTACATGC	1.87991631180455
CTACATTA	2.70542129453945
CTACATTC	0.356454913609517
CTACCAAC	1.20342767748617
CTACCACC	1.20345267323933
CTACCATA	0.398452540012558
CTACCATC	1.46014715544316
CTACCCAC	0.447739404146364
CTACCCAG	0.886849322083054
CTACCCCA	1.37032194078122
CTACCCCC	1.65476885063535
CTACCGAA	0.71484997377376
CTACCGAG	0.100859054270723
CTACCGCA	0.347973021370879
CTACCGCC	2.15209744850135
CTACCGGA	0.153357277548484
CTACCTAA	0.730202127309256
CTACCTGA	1.83984573894267
CTACCTGC	1.05919861093657
CTACCTTA	1.8059931572476
CTACCTTC	1.35637192997055
CTACGAAC	0.582184418745128
CTACGAAG	0.594866787788444
CTACGACA	0.533414133509945
CTACGAGA	0.341053958841664
CTACGAGC	0.229381265644753
CTACGCAC	0.331798388529055
CTACGCCC	2.34239844921891
CTACGCGA	0.922489695265979
CTACGCTA	0.318862491132267
CTACGGAA	0.955249605465811
CTACGGAG	0.499169951682046
CTACGGGC	0.0930699014767802
CTACGTCA	0.506624637493244
CTACGTCC	0.153560814395637
CTACTAAA	1.42119186928176
CTACTAAC	0.120619982553891
CTACTAAG	1.57915550705527
CTACTACA	1.5793685660941
CTACTACC	0.149486506630714
CTACTAGA	0.304936285800798
CTACTAGC	1.18296329729267
CTACTATA	1.21602196625645
CTACTATC	1.52297219559749
CTACTCAC	0.36556408022505
CTACTCCA	1.02944652303355
CTACTCGA	1.09904065119814
CTACTCTA	0.816089915711667
CTACTCTC	0.305550467164135
CTACTGAA	0.528326902605098
CTACTGCA	0.687192768040253
CTACTGCC	0.16062390007401
CTACTGTA	0.0831799151435146
CTACTTAA	1.2262035697099
CTACTTAC	1.62355986740534
CTACTTCA	0.060402832645823
CTACTTGA	0.124421717581987
CTACTTGC	0.844195854728078
CTACTTTA	1.85413140701005
CTACTTTC	0.757687933592529
CTAGAAAA	0.728564310340358
CTAGAAAC	0.778502254330258
CTAGAAAG	0.580199041779924
CTAGAACA	0.947217636784036
CTAGAAGA	0.489447793977135
CTAGAAGC	0.642249213586322
CTAGAATC	1.49460320603593
CTAGACAG	0.532322652288664
CTAGACTA	0.900263709611743
CTAGACTC	0.00919486634065055
CTAGAGAA	1.18042801375796
CTAGAGAC	0.350884431476928
CTAGAGAG	0.381149527456696
CTAGAGGA	1.04736609750067
CTAGAGTA	2.3494936722942
CTAGAGTC	0.0974905789640519
CTAGATAC	1.04075650620104
CTAGATCA	0.252494005399151
CTAGATGA	0.441441664624241
CTAGATTA	0.665789261692345
CTAGATTC	0.695743696168567
CTAGCAAA	1.05153086608655
CTAGCACC	0.334238450146964
CTAGCAGC	0.178650599197522
CTAGCATA	1.10840929753694
CTAGCCAA	0.0432402724172357
CTAGCCCC	1.63401999496542
CTAGCCGA	0.134824711991989
CTAGCGAG	1.06453341882509
CTAGCGCC	1.62107457537696
CTAGCGGA	0.88435688841091
CTAGCGGC	0.601082398407326
CTAGCGTC	0.224541611723577
CTAGGACC	0.42551579904005
CTAGGAGC	1.22212093002726
CTAGGATC	0.518315508327918
CTAGGCAC	1.44640306202756
CTAGGCAG	0.0126823690433193
CTAGGCCA	0.846099102790044
CTAGGCTC	0.329320238144429
CTAGGGAC	0.285074184231032
CTAGGGGA	0.976706674141914
CTAGGGTA	1.41217197321323
CTAGGTTC	1.40672527957247
CTAGTAAA	0.520049737487572
CTAGTAAG	0.734670415754925
CTAGTACC	0.633574496966171
CTAGTAGA	1.7220312321124
CTAGTAGC	0.0177207987158067
CTAGTCAC	1.98378675919395
CTAGTCCA	0.450980520139321
CTAGTCCC	0.0181969082997881
CTAGTCGC	0.613007753212115
CTAGTCTA	3.25200342886838
CTAGTCTC	0.154476135070842
CTAGTGAA	0.588285763063856
CTAGTGCA	0.893370833109646
CTAGTGTA	0.392257164050995
CTAGTTAC	0.195559631072637
CTAGTTGA	2.18736407566085
CTAGTTTA	2.94192039846474
CTAGTTTC	1.02098843627411
CTATAAAA	0.239267681156137
CTATAAAC	0.255388751669763
CTATAACC	1.25940626182284
CTATAAGA	0.965929933708485
CTATAAGC	0.512508161677298
CTATAATA	2.1989394899214
CTATAATC	0.158454030645011
CTATACAA	0.102270719187229
CTATACAC	0.448897540709399
CTATACCC	1.38105345080417
CTATACGC	0.124763326208492
CTATAGAC	1.97224586287823
CTATAGCC	0.0190991359614347
CTATAGGA	0.680954542216127
CTATAGTA	1.22267083659676
CTATAGTC	0.222412211609216
CTATATAA	0.580256174930001
CTATATAC	0.155275999171931
CTATATCC	1.72099093267139
CTATATGA	0.232681895335707
CTATATGC	1.27093168457708
CTATATTA	1.47979143687825
CTATATTC	1.38105345080417
CTATCACA	2.05750042553395
CTATCACC	1.77552214387276
CTATCAGC	0.3216465419246
CTATCATA	1.21574225187586
CTATCATC	0.815908994069753
CTATCCCA	1.65396660598635
CTATCCCC	2.19255367012625
CTATCCTC	0.208935929834609
CTATCGAA	0.272660817102665
CTATCGAC	1.0055505830135
CTATCGCA	0.466792119423358
CTATCGGC	0.79235942377205
CTATCGTA	1.06380259061368
CTATCGTC	0.717757813057927
CTATCTCA	2.0400367259935
CTATCTCC	0.250587186515306
CTATCTGC	0.632154500131947
CTATCTTA	0.212965007189057
CTATCTTC	1.26626223983218
CTATGAAA	0.689255512812853
CTATGAAC	1.42991300658635
CTATGAAG	0.139075180302987
CTATGACC	1.96270700736316
CTATGAGA	0.525445249348046
CTATGAGC	0.30799528987788
CTATGATA	0.752548330633444
CTATGATC	0.551618183453491
CTATGCAA	0.468420414200576
CTATGCAC	1.11537835157248
CTATGCCC	2.36276522694769
CTATGCGA	1.47076677971387
CTATGCGC	0.514257864398433
CTATGCTC	0.292345567852397
CTATGGAA	0.166071783988722
CTATGGAC	1.0894827512997
CTATGGCC	1.26641816572093
CTATGGTA	0.712240893253539
CTATGTGA	0.639784156215255
CTATGTTA	1.20395734939835
CTATTAAA	0.523449159917202
CTATTAAC	0.570653044621085
CTATTACA	1.00206665113271
CTATTAGA	0.91930809297102
CTATTAGC	1.8138846736021
CTATTATA	2.44687950714977
CTATTATC	1.93680307517266
CTATTCAA	2.34451832714159
CTATTCCA	1.17195683398496
CTATTCCC	2.52052413760009
CTATTCGA	0.0102280241378917
CTATTGAA	1.9778258672025
CTATTGGA	0.0095531388025963
CTATTGTA	0.695022390148834
CTATTTAC	0.388576836966816
CTATTTCA	0.546452394467288
CTATTTCC	1.15478237101678
CTATTTGA	0.296355600823482
CTATTTGC	0.468218067627383
CTATTTTA	2.63051021259575
CTATTTTC	1.12949381046358
CTCAAAAA	0.179714704117722
CTCAAAAC	1.626245125459
CTCAAACC	0.0164007848942154
CTCAAAGA	0.832992996216984
CTCAAAGC	1.42777170373239
CTCAAATA	1.45506706618207
CTCAACAA	0.187697871567137
CTCAACAC	0.405071653503866
CTCAACAG	0.796328987428498
CTCAACCC	0.601493042923513
CTCAACGC	1.47240697723069
CTCAAGAA	1.20405495186306
CTCAAGGA	0.689532846645524
CTCAAGGC	0.110259838006445
CTCAAGTA	0.321742954115356
CTCAATAA	0.627118451007379
CTCAATCA	2.7225493368232
CTCAATCC	0.0050634254256483
CTCAATGA	0.486569711541965
CTCAATGC	0.301535673097206
CTCAATTA	1.95838869343644
CTCACAAC	1.32773631904196
CTCACAAG	0.75637030031886
CTCACATA	0.552689430017449
CTCACATC	1.42058840038406
CTCACCAA	0.789725347498671
CTCACCAC	1.35747650420539
CTCACCGA	0.744337820857675
CTCACCTA	0.658704751082695
CTCACGAA	0.883930770333245
CTCACGAC	0.51958791119111
CTCACGAG	0.00835334265096272
CTCACGCA	0.310528192864664
CTCACGGA	1.82163811817724
CTCACGGC	0.84045363339798
CTCACGTC	0.580975100401814
CTCACTCA	0.954035526026656
CTCACTGA	0.438333859314803
CTCACTGC	0.912406884551203
CTCACTTA	2.0462309116811
CTCACTTC	0.311918432849891
CTCAGAAC	1.31192710030584
CTCAGACC	0.629564463995086
CTCAGAGA	0.65278551867984
CTCAGAGC	0.745191247286965
CTCAGATA	0.251293018973558
CTCAGATC	0.393020129659324
CTCAGCAG	0.157125684905702
CTCAGCGA	0.00344227229218827
CTCAGCGC	0.0631547460412376
CTCAGGAA	0.554839064789129
CTCAGGGA	0.724905408187455
CTCAGGTA	2.41119509383033
CTCAGTGA	0.247787662161492
CTCAGTTC	0.96529313713991
CTCATAAA	2.2427665674009
CTCATAAC	0.79341638704849
CTCATACC	0.53348793049546
CTCATAGA	0.0897466565805845
CTCATATA	1.12230217519754
CTCATATC	0.224314269397226
CTCATCAA	1.1238102523048
CTCATCAG	0.0859115938816124
CTCATCCA	1.91697906236962
CTCATCCC	0.230670332343382
CTCATCGA	1.80930449940419
CTCATCTA	1.24064873448791
CTCATCTC	2.37295873314074
CTCATGAC	1.51734934141066
CTCATGCC	0.852631326282276
CTCATGGA	1.02488777376692
CTCATGGC	1.32686027740743
CTCATGTA	0.233580552175472
CTCATTAA	0.253799735933221
CTCATTCA	0.605056723159616
CTCATTGC	0.823082775226402
CTCATTTC	0.0348702659308324
CTCCAAAA	1.42069909586234
CTCCAAAC	0.503264494104291
CTCCAAAG	0.836995887544311
CTCCAACA	0.297098331774497
CTCCAACC	1.16527582624774
CTCCAAGA	0.575999755249202
CTCCAATA	0.299250347094093
CTCCAATC	1.14738838917754
CTCCACAA	0.254886456058661
CTCCACAC	1.50419205305732
CTCCACAG	0.191554359197391
CTCCACCA	0.103537170680622
CTCCACCC	0.0753967137193705
CTCCACGC	1.06828040125103
CTCCACTA	1.66702153077913
CTCCAGAA	0.32270112465312
CTCCAGGA	0.980219172597741
CTCCAGGC	0.458155491569927
CTCCAGTA	0.648713591462837
CTCCATAA	0.728188183769012
CTCCATGA	0.343670181005643
CTCCATTA	0.0313232495301673
CTCCCAAA	1.87596698280542
CTCCCAAG	1.62470134013294
CTCCCAGC	0.874556172624643
CTCCCATC	0.114028245363663
CTCCCCAA	1.31192710030584
CTCCCCAC	1.24382438541307
CTCCCCAG	2.79573452152498
CTCCCCCC	1.67336092988985
CTCCCCGA	1.56610772390625
CTCCCCGC	1.43066525972904
CTCCCCTA	0.293024024009571
CTCCCCTC	0.343640424156643
CTCCCGAA	0.535442360337705
CTCCCGAC	1.44755643749476
CTCCCGCA	0.820154701284912
CTCCCGGA	1.2193225959474
CTCCCGGC	0.490761856428926
CTCCCTGA	1.65125516190557
CTCCCTTA	0.412251386030316
CTCCGAGC	0.484072516773981
CTCCGCCC	0.52849473123345
CTCCGCGC	0.585276750493091
CTCCGCTA	1.13427633123468
CTCCGGGA	1.19468154442842
CTCCGGGC	0.787574522453032
CTCCGGTA	0.211856862132338
CTCCGTGA	3.1947262556414
CTCCGTTC	0.165379044544026
CTCCTAAC	1.04524621957799
CTCCTAAG	1.9075187649359
CTCCTAGC	0.87830910642038
CTCCTATA	0.557962343660049
CTCCTATC	0.288437898441864
CTCCTCAA	0.291325503068715
CTCCTCGC	0.318425660588965
CTCCTCTA	3.38598066580088
CTCCTGCA	0.413860636424174
CTCCTGGA	1.10286024033563
CTCCTGTC	1.18966930078305
CTCCTTAC	1.13244568988427
CTCCTTGA	0.0864460268896332
CTCCTTTA	0.33086997484029
CTCCTTTC	0.0189515419903994
CTCGAAAA	0.0916391921769138
CTCGAAAC	0.237653669666437
CTCGAAGA	0.805819041711217
CTCGAAGC	0.336013148621255
CTCGAATC	0.159056309268748
CTCGACAG	0.229272950714397
CTCGACGA	0.544478920241683
CTCGACTA	0.175670153201796
CTCGACTC	1.14945589504598
CTCGAGAA	0.128842395069259
CTCGAGGC	1.22758547777741
CTCGAGTA	0.00595375034769285
CTCGAGTC	0.419007381027017
CTCGATTA	1.34001280466493
CTCGCAAA	0.990691202897424
CTCGCATA	0.497084591704206
CTCGCCCC	0.233336546013683
CTCGCCGC	0.964778938789209
CTCGCGAA	0.513302074408589
CTCGCGAG	1.00361757810253
CTCGCGTA	0.0439639589848878
CTCGCGTC	0.02921170352521
CTCGCTCC	0.432907400331367
CTCGCTGC	0.207014827663243
CTCGCTTA	1.45678939260213
CTCGCTTC	0.585794519665668
CTCGGAAG	0.563035291277377
CTCGGAGA	0.290681564856378
CTCGGAGC	0.340842090076791
CTCGGCGC	0.802921914892689
CTCGGCTA	1.69045445422876
CTCGGGAA	1.97576193215594
CTCGGGTA	0.359281814264409
CTCGGTGC	0.117775227789599
CTCGTAAC	1.44068379564998
CTCGTAGC	1.40756680326216
CTCGTATA	0.822138887976157
CTCGTCAC	0.566105007820098
CTCGTCAG	0.228634963871862
CTCGTCCC	0.0934376961304059
CTCGTCGA	0.325781553661484
CTCGTCGC	0.514069801112759
CTCGTGGC	0.292926421544855
CTCGTTAC	0.339328061599727
CTCGTTGC	0.475165696731641
CTCGTTTA	0.664550186500035
CTCGTTTC	0.0885551923466713
CTCTAAAA	0.850626904933712
CTCTAAAG	0.964662291941133
CTCTAACA	0.937474054147849
CTCTAAGA	1.42092286736681
CTCTAATA	1.47261646544764
CTCTAATC	0.324104457651907
CTCTACCA	0.29459280508879
CTCTACCC	0.148790196364139
CTCTACTA	1.88041622686773
CTCTACTC	1.03187587218582
CTCTAGAA	1.30694461350947
CTCTAGAC	0.200406426637574
CTCTAGAG	1.96212377312278
CTCTAGCA	0.221507603399653
CTCTAGGA	0.623488115429516
CTCTAGGC	0.429832922692805
CTCTAGTC	0.403420743521409
CTCTATAA	0.55424154726123
CTCTATCA	1.14875244313565
CTCTATGA	0.437866081648539
CTCTATGC	2.33793373159512
CTCTATTA	1.89330332303216
CTCTCAAC	1.26913794171943
CTCTCAAG	1.16425814201198
CTCTCACA	0.0181421556976304
CTCTCAGA	0.639905564159172
CTCTCAGC	0.505130843673499
CTCTCATC	1.76395744207784
CTCTCCAG	1.02594235649544
CTCTCCCC	2.7965867576803
CTCTCCTA	2.0339460941404
CTCTCGGA	0.504422630667326
CTCTCTAA	0.972415736516277
CTCTCTAC	0.72954866690524
CTCTCTCA	0.460447959216801
CTCTCTCC	0.294759443443185
CTCTCTGA	0.884540190600743
CTCTCTGC	0.0779034306790365
CTCTCTTA	0.847034658122569
CTCTGAAA	1.47206417833022
CTCTGAAG	0.750681981064235
CTCTGACA	0.0784652399881348
CTCTGACC	0.531881060649521
CTCTGATA	0.137246919500498
CTCTGATC	0.242663532763888
CTCTGCCC	0.814586599700245
CTCTGCTA	1.22999102145048
CTCTGCTC	0.0536051780605203
CTCTGGAA	0.761282560951591
CTCTGGTC	0.113004609758102
CTCTGTCA	0.399522596302559
CTCTGTGA	0.148863993349654
CTCTGTGC	1.73454339197944
CTCTGTTC	0.405034755011109
CTCTTAAC	0.609679747220081
CTCTTAAG	0.876326110003095
CTCTTACA	0.170106812712968
CTCTTAGA	0.144344523123707
CTCTTAGC	0.544847905169269
CTCTTATA	3.25481842678367
CTCTTATC	1.78137591120782
CTCTTCCA	0.856573513637647
CTCTTCGA	0.416105493112648
CTCTTCGC	0.180376496439456
CTCTTCTA	0.770489330031844
CTCTTGCC	0.115080447544261
CTCTTGTA	0.374894637797137
CTCTTGTC	0.529208895609423
CTCTTTAC	1.56206555353824
CTCTTTCA	0.0575497459638106
CTCTTTGC	0.148465251573072
CTCTTTTC	0.459124374573331
CTGAAAAA	0.115536322470923
CTGAAAAG	1.98795985969756
CTGAAACC	0.000864138894926711
CTGAAAGC	0.296535332191436
CTGAAATC	0.824988403836287
CTGAACAA	0.968863959019773
CTGAACAG	0.825616868487145
CTGAACCC	0.728188183769012
CTGAACGA	0.0569617506275944
CTGAACGC	0.129104255340448
CTGAACTA	1.01185665445334
CTGAACTC	0.212292502401683
CTGAAGAA	0.747536086988074
CTGAAGGA	0.41709580104733
CTGAAGTA	1.19416377525584
CTGAATAA	0.0894633713781161
CTGAATCA	0.28383987013456
CTGAATCC	1.55277427500684
CTGAATTA	2.60069146935096
CTGACAAA	1.23349994908442
CTGACAAG	0.0984558911455737
CTGACACA	0.10065432714961
CTGACACC	0.631628399041646
CTGACCAG	0.00760942142599102
CTGACCGA	0.0952969040558539
CTGACGAC	0.106327172842754
CTGACGCC	1.00659802409826
CTGACGGC	0.00815456689965146
CTGACGTC	0.00645009458899657
CTGACTAC	0.54349099285492
CTGACTCC	0.275798379261106
CTGACTTA	0.208495528469425
CTGACTTC	0.717126967859153
CTGAGAAA	0.54326007970669
CTGAGACC	1.11646507169792
CTGAGAGA	0.262658945017168
CTGAGAGC	0.674037860234831
CTGAGCCA	1.09203112784797
CTGAGCTA	0.552115717968752
CTGAGGAA	0.534769855550331
CTGAGGGA	0.965257428921112
CTGAGGGC	1.12008231426222
CTGAGTCA	0.251293018973558
CTGAGTGC	0.546095312279302
CTGATACA	0.234432788330799
CTGATACC	1.00922376845392
CTGATAGA	0.263976578290837
CTGATATA	1.04961452501102
CTGATCAA	1.14621715960095
CTGATCAC	1.36380162002858
CTGATCCA	0.73527983602242
CTGATCCC	0.884540190600743
CTGATCTA	0.0772749660281812
CTGATGAC	0.33849248927984
CTGATGTA	0.134587847473958
CTGATTAA	2.40855982728299
CTGATTAC	4.0019188735024
CTGATTCA	0.963867188935885
CTGATTGA	2.04561196922192
CTGATTGC	2.76218664996365
CTGATTTA	1.23361540565854
CTGCAACC	0.719532511532221
CTGCAATC	1.06144108707713
CTGCACCC	0.277185048424454
CTGCACGA	0.117802604090679
CTGCACTA	1.0427371220704
CTGCAGAC	0.586619379519918
CTGCAGTA	0.490325025885624
CTGCATCC	0.963223250723549
CTGCATGC	0.634685022570809
CTGCATTA	2.98495356321294
CTGCCAAC	0.414753341894138
CTGCCAGA	0.88935841959064
CTGCCATA	0.0208357456690084
CTGCCATC	0.883930770333245
CTGCCCAC	0.964786080432969
CTGCCCCC	0.105558255864624
CTGCCCGA	0.0487083909892671
CTGCCCTC	0.296349649453683
CTGCCGAC	0.471405621292143
CTGCCGCA	0.0588281001968031
CTGCCGCC	0.242655200846167
CTGCCGGA	0.390638391465457
CTGCCTTA	2.14268595229999
CTGCGACC	0.389562383805655
CTGCGAGA	0.467890742288397
CTGCGCAC	0.53847993948351
CTGCGCTA	0.339135237218217
CTGCGCTC	0.853038399976581
CTGCGGAC	0.0346524457961639
CTGCGGTA	2.24561370271311
CTGCGTGC	0.42863669736305
CTGCGTTC	1.20800785168407
CTGCTAAA	0.509199200068626
CTGCTAAC	0.606061314381818
CTGCTATC	1.3992432174602
CTGCTCAA	0.860896588660202
CTGCTCAC	1.33119168434771
CTGCTCCC	0.634194629699309
CTGCTCTA	1.21501499448633
CTGCTGGA	1.12562184927185
CTGCTGGC	0.545418046396087
CTGCTTGC	2.07962285735367
CTGCTTTA	0.43337755854555
CTGGAAAA	0.134700923500155
CTGGAAAC	2.26691841632234
CTGGAAAG	1.23359993209706
CTGGAACC	0.414753341894138
CTGGAAGC	1.58432129604147
CTGGAATA	1.2482938641327
CTGGACAA	1.43230069615002
CTGGACAC	0.202591769628052
CTGGACCC	0.0408263968264472
CTGGACGA	0.413913008478409
CTGGACTA	0.693215554277622
CTGGACTC	0.500889897554182
CTGGAGAC	0.636072882008117
CTGGAGCA	0.197802107213195
CTGGAGTA	0.980219172597741
CTGGATAA	0.916710915190399
CTGGATAC	1.07816681676241
CTGGATCA	0.789906269140582
CTGGATGA	1.39201587397535
CTGGATGC	0.165488549748345
CTGGATTA	0.260865202159514
CTGGCAGA	0.0905155735587171
CTGGCATA	0.724148393948925
CTGGCGAA	0.158868245983077
CTGGCGCA	0.823960007134887
CTGGCGGC	1.72544969892538
CTGGCGTA	0.690685031838758
CTGGCGTC	0.487565970846448
CTGGCTAC	0.176329564975611
CTGGCTTA	3.14187571127149
CTGGCTTC	0.162619989504854
CTGGGACA	0.12118893350675
CTGGGACC	0.171566088587871
CTGGGAGA	0.874556172624643
CTGGGAGC	0.0556310243403635
CTGGGATA	0.39790858481286
CTGGGCCC	0.398601324257553
CTGGGCTA	1.00488402959592
CTGGGGAA	2.0570707366344
CTGGGGGA	0.086412699218752
CTGGGGGC	0.637736885004132
CTGGGGTA	3.08664461898167
CTGGGGTC	0.0719972912897407
CTGGGTAA	0.397343204681882
CTGGGTAC	0.153031142483457
CTGGGTGA	0.785609380145147
CTGGGTTA	1.25749587211711
CTGGGTTC	0.528306667947776
CTGGTAAA	0.209078762709806
CTGGTACA	0.0542574481905741
CTGGTATA	0.749153669299655
CTGGTCGA	0.574364318828226
CTGGTCGC	1.22579887656352
CTGGTCTA	1.01644158974708
CTGGTGAA	1.51587221142636
CTGGTGGC	0.354587373766348
CTGGTGTA	1.43621193638243
CTGGTTAA	0.563545918806196
CTGGTTAC	0.0357962990716774
CTGGTTCC	0.192612512747793
CTGGTTTA	0.71848745099538
CTGGTTTC	0.80809365524869
CTGTAAAA	0.0610991429123976
CTGTAAAC	0.383906201947952
CTGTAAAG	0.467683634619365
CTGTAACA	0.107781687621819
CTGTAACC	1.43994344524689
CTGTAATA	1.11081127038813
CTGTAATC	1.02032664395237
CTGTACCC	1.00959037283358
CTGTACGA	0.816351775982856
CTGTAGAA	0.0954361661091688
CTGTAGAC	0.733746763162001
CTGTAGCA	1.02642084662734
CTGTAGCC	0.590878179748636
CTGTAGTA	1.86142778638457
CTGTAGTC	0.292714552779982
CTGTATAA	0.876386813975053
CTGTATAC	1.72582701577069
CTGTATGC	0.297489931907321
CTGTATTA	3.37853550218136
CTGTATTC	1.80930687995211
CTGTCACA	0.0682860170826025
CTGTCAGC	0.158845630777835
CTGTCATA	0.940225967543264
CTGTCCCC	0.996959185570545
CTGTCCGC	1.84852640693262
CTGTCCTC	0.42656443039877
CTGTCGAA	2.79169830252677
CTGTCGCA	0.609067946404664
CTGTCGCC	1.09713145176637
CTGTCGGA	0.333355266868674
CTGTCTAA	2.30367645675366
CTGTCTAC	0.402388775998128
CTGTCTGC	1.75729190790209
CTGTCTTA	2.64706097200892
CTGTCTTC	1.82469950280225
CTGTGAAA	1.79748745952976
CTGTGAAC	0.459986132920338
CTGTGACA	0.567239338903934
CTGTGACC	0.0164936262630929
CTGTGATC	0.769210975798851
CTGTGCCA	0.299550296132002
CTGTGCCC	1.2320620981408
CTGTGCGA	0.748005054928298
CTGTGCTA	0.836993506996392
CTGTGCTC	0.327306294604185
CTGTGGAC	0.142806689167447
CTGTGGGA	1.34625936240677
CTGTGGTA	0.463486728636563
CTGTGTAA	0.169435498199554
CTGTGTAC	0.624939059386699
CTGTGTGA	0.508887348291115
CTGTGTGC	0.219148480411023
CTGTGTTA	1.49919171215155
CTGTTAAA	0.988768910452095
CTGTTACA	0.113245045098012
CTGTTAGA	1.31293645262388
CTGTTATA	0.263925396510556
CTGTTATC	0.713758492552482
CTGTTCAA	0.0837357730828147
CTGTTCAC	0.0862734371654371
CTGTTCCA	0.740314694873031
CTGTTCGC	0.0604492533302604
CTGTTCTA	0.486022185520388
CTGTTCTC	0.819016799379194
CTGTTGAA	1.51338810967193
CTGTTGAC	0.159257465567979
CTGTTGGA	1.11877182263231
CTGTTGTA	1.27567373603354
CTGTTTAA	0.523449159917202
CTGTTTAC	1.82085729845951
CTGTTTCC	1.29648567622335
CTGTTTGA	1.77071224680058
CTGTTTTA	1.77958573917204
CTGTTTTC	0.53691353895221
CTTAAAAG	1.92456824913829
CTTAAACC	0.540853345759662
CTTAAAGC	1.26926173021126
CTTAAATA	0.641692165373062
CTTAACCA	0.49013339177807
CTTAACCC	1.06143870652921
CTTAACGA	0.303974544441153
CTTAACTA	0.365639067484528
CTTAACTC	0.4562272477548
CTTAAGCC	0.0214796838813419
CTTAATAA	0.0160829817469088
CTTAATAC	0.0430664924190826
CTTAATCA	2.86875663869424
CTTAATGA	0.31356101091463
CTTAATGC	1.43782475759817
CTTAATTA	0.236614560499395
CTTAATTC	1.24811175221683
CTTACAAA	0.93925946508778
CTTACAAC	1.28866914712833
CTTACAAG	0.548411585405372
CTTACACC	1.02944652303355
CTTACAGA	0.210826084883019
CTTACCAA	0.615302601406908
CTTACCCC	1.95067333762801
CTTACCTA	0.251293018973558
CTTACGAC	0.170847163116058
CTTACGCC	2.39967443217193
CTTACTAC	0.502813380273468
CTTACTCC	1.60072803230549
CTTACTTA	1.02005050039367
CTTACTTC	0.913935196315783
CTTAGAAA	1.459111617098
CTTAGAAC	0.393330791162873
CTTAGAAG	1.20246712640048
CTTAGAGC	0.462569027413438
CTTAGATA	0.418715763906828
CTTAGATC	0.929215933413683
CTTAGCAC	0.187189624586237
CTTAGCTA	0.0675075779127927
CTTAGGCA	0.299015863123981
CTTAGGGA	0.572462261040217
CTTAGTAC	0.522836168827825
CTTAGTCC	1.26890583829724
CTTAGTGA	0.104521527245504
CTTAGTGC	0.671159777799661
CTTATAAA	1.0149608889409
CTTATAAC	0.88172400241149
CTTATAAG	3.89862570898357
CTTATACA	1.17574309545158
CTTATAGA	0.534610358839697
CTTATAGC	0.972603799801951
CTTATATC	2.88875681204336
CTTATCAA	1.01542033468944
CTTATCAC	1.05980327010823
CTTATCCA	0.915477791367884
CTTATCCC	0.609877332697432
CTTATCTA	0.505130843673499
CTTATCTC	0.160184688982786
CTTATGAA	1.58818254476757
CTTATGAC	1.57421110902562
CTTATGGA	1.08409438108299
CTTATGTC	0.96290306702832
CTTATTAC	1.13234570687163
CTTATTCA	0.0186515929524904
CTTATTCC	0.00560023898158573
CTTATTGA	1.54307830332905
CTTATTGC	1.13913026844338
CTTATTTA	0.328256133224228
CTTCAAAA	0.377840565848024
CTTCAAAC	0.0234293526277509
CTTCAAAG	0.83047913761356
CTTCAACA	0.462584500974919
CTTCAACC	1.81156125883227
CTTCAATA	1.00467454137897
CTTCACAA	1.42505073745993
CTTCACAC	0.821987723183242
CTTCACCA	0.541850795338103
CTTCACCC	0.929027870128009
CTTCACTA	0.0742231035948548
CTTCACTC	0.837621971647247
CTTCAGAC	1.5400538171968
CTTCAGCA	0.336795158612946
CTTCAGGC	0.744390192911916
CTTCATAA	0.49007744890195
CTTCATAC	0.490230994242786
CTTCATCC	0.920238887207704
CTTCATTA	0.203563033179375
CTTCATTC	0.136964824571989
CTTCCAAC	0.736751014636925
CTTCCACA	0.91509452315278
CTTCCACC	0.593344427393663
CTTCCATA	0.19583815517927
CTTCCCAC	0.75475747910312
CTTCCCCC	2.83229973757479
CTTCCCGA	0.00789627745033847
CTTCCCTA	1.08617736051291
CTTCCGAA	1.04537714971358
CTTCCGAC	0.944306226677987
CTTCCGCA	0.431192215555073
CTTCCGGC	0.619268594241475
CTTCCGTA	2.00103620942162
CTTCCTAA	0.133918913508464
CTTCCTTA	0.762829917099533
CTTCCTTC	0.40894837579144
CTTCGAAA	0.0662339847756415
CTTCGAAG	0.654557836606215
CTTCGAGC	0.0821919877567539
CTTCGATA	0.648325562151892
CTTCGGAC	0.127522381247668
CTTCGGCC	0.322589238900886
CTTCGTGA	0.697931419706964
CTTCGTGC	0.279528697851604
CTTCGTTA	1.95157556528966
CTTCTAAA	0.747287319730444
CTTCTACA	1.61914633156183
CTTCTACC	1.71213291386141
CTTCTAGA	0.352052090231645
CTTCTATC	0.908131420487045
CTTCTCAA	0.348826447800166
CTTCTCCC	0.762501401486587
CTTCTCGA	0.239227211841498
CTTCTCGC	0.683867142596138
CTTCTCTA	0.870153349246771
CTTCTCTC	1.64560850223954
CTTCTGAA	0.164314939623829
CTTCTGAC	0.290272110614157
CTTCTGGA	0.062653640704098
CTTCTGTA	0.497539276356909
CTTCTTAA	0.64308002481037
CTTCTTAC	0.01766247529177
CTTCTTGA	1.27147444950282
CTTCTTGC	1.03233888875624
CTTCTTTA	0.707347677004162
CTTCTTTC	1.06140180803645
CTTGAAAA	1.13228976399551
CTTGAAAC	0.521892281577583
CTTGAAAG	1.6986982916754
CTTGAACC	1.1057978364688
CTTGAAGA	0.332128094415963
CTTGAAGC	0.971840834193623
CTTGACAA	1.17452901601243
CTTGACGA	1.58301318495948
CTTGAGAA	1.32701263247431
CTTGAGCC	0.0541265180549822
CTTGATAA	0.527815084802316
CTTGATAC	0.416441150369355
CTTGATCA	1.14839179012578
CTTGATCC	0.535692317869295
CTTGATGA	1.31350302302882
CTTGATGC	1.97730690775596
CTTGATTA	2.63821723648645
CTTGATTC	0.374305452186958
CTTGCACC	0.668976815357105
CTTGCCAA	0.30508507004579
CTTGCCAC	0.468853673922002
CTTGCCCC	0.585345786382767
CTTGCCTA	0.150836277301302
CTTGCGAA	1.44042193537879
CTTGCGAC	0.641245812638078
CTTGCGGA	0.777708341598967
CTTGCGGC	1.7612745645721
CTTGCTGA	0.845568240603905
CTTGCTGC	0.701690304872499
CTTGCTTA	0.795082770592425
CTTGGAAC	0.47462174153194
CTTGGAGA	0.166462193847587
CTTGGCAA	0.190224823184122
CTTGGGAA	1.65784213799996
CTTGGGAC	1.84626488640871
CTTGGGGA	2.63452976775851
CTTGGGGC	0.553097693985714
CTTGGGTA	0.003556538592345
CTTGGTGA	0.660804394348056
CTTGGTTA	0.272544170254589
CTTGGTTC	0.513943632073006
CTTGTAAA	0.297631574508555
CTTGTAAC	1.30580671160375
CTTGTACA	0.203151198389231
CTTGTATA	0.691157570600863
CTTGTATC	1.93960617034835
CTTGTCAA	0.374874403139815
CTTGTCCA	0.549673275802923
CTTGTCCC	0.922000492668438
CTTGTCTA	0.623583337346313
CTTGTCTC	0.951276470987483
CTTGTGAA	0.897827218815716
CTTGTGCA	0.614937187301202
CTTGTGCC	1.14875244313565
CTTGTGGA	0.690162501570339
CTTGTGTC	0.592692157263606
CTTGTTAC	0.401174696558975
CTTGTTGA	1.28228689815505
CTTGTTGC	0.49854505785307
CTTGTTTA	1.14796091095228
CTTTAAAC	0.815663797634002
CTTTAAAG	1.1220474565701
CTTTAACC	0.123126699513554
CTTTAATA	0.486028136890189
CTTTAATC	0.348412232462103
CTTTACCA	0.269974368775048
CTTTACCC	0.412322802467911
CTTTACTA	0.322110748768985
CTTTAGAA	2.76976036317085
CTTTAGAC	0.951025323181931
CTTTAGCA	0.659424866828468
CTTTATAA	1.79825042513809
CTTTATAC	1.25364176503478
CTTTATCC	0.167160884662081
CTTTATGA	1.31730951915275
CTTTATGC	0.054222930245736
CTTTATTA	0.224792759529126
CTTTATTC	0.494577874744541
CTTTCAAA	1.2420996784451
CTTTCAAC	0.403751639682277
CTTTCACA	0.259689211487079
CTTTCACC	1.41369076278613
CTTTCAGA	0.184116337221636
CTTTCAGC	0.930470482167475
CTTTCATA	1.29489666048681
CTTTCATC	0.839869208883643
CTTTCCAC	2.83798924710337
CTTTCCCA	0.784435770020631
CTTTCCCC	1.12476842284256
CTTTCGCC	0.0655579091663865
CTTTCGTC	0.618030709323124
CTTTCTAA	1.00578268643569
CTTTCTAC	1.04523550711235
CTTTCTCA	1.1947922399067
CTTTCTCC	0.566477563569565
CTTTCTTA	0.0507842287754294
CTTTCTTC	2.50210821889167
CTTTGAAA	0.0867043163389408
CTTTGAAC	1.4443569810904
CTTTGACC	0.994054917108256
CTTTGAGA	1.27155062703626
CTTTGATA	1.63997374531311
CTTTGATC	0.030261525157889
CTTTGCAA	0.148465251573072
CTTTGCTA	0.428247477778145
CTTTGCTC	0.172465935701599
CTTTGGAA	2.14910390949206
CTTTGGCC	0.148441446093871
CTTTGGGA	0.301297618305215
CTTTGGGC	0.0157056649016031
CTTTGTAA	0.510196649647067
CTTTGTCC	0.00470158214182088
CTTTGTGA	0.434890396748652
CTTTGTTA	0.246684278200615
CTTTTAAA	0.716842492382724
CTTTTAAC	0.511510712098857
CTTTTACA	1.87126540066359
CTTTTACC	0.730194985665495
CTTTTAGC	1.01382060648726
CTTTTATA	1.39262767479077
CTTTTATC	0.200239788283182
CTTTTCAA	1.59663587043117
CTTTTCCC	0.93633972306401
CTTTTCGC	0.537363462509074
CTTTTCTA	1.61467566256824
CTTTTGGC	0.587345446635492
CTTTTGTA	0.443653193641839
CTTTTGTC	1.11434876459712
CTTTTTAC	2.29105122086042
CTTTTTCA	1.54528269070288
CTTTTTCC	0.614928855383482
CTTTTTGA	0.979305042196495
CTTTTTGC	0.781717184296095
CTTTTTTA	1.08763901693573
GAAAAAAA	1.74273723791977
GAAAAAAC	0.620266043819918
GAAAAACA	0.469678533776247
GAAAAACC	1.36322076633613
GAAAAAGA	2.64234867740146
GAAAAATA	0.79075850529591
GAAAAATC	1.39799819089808
GAAAACGA	0.81079200631591
GAAAACTA	0.198447235699491
GAAAAGAA	1.02184305297736
GAAAAGAC	0.27777423403463
GAAAAGCA	1.8796116016708
GAAAAGCC	0.475295436593276
GAAAAGGA	0.698952674764603
GAAAAGTA	2.38507572205308
GAAAAGTC	0.825649005884064
GAAAATAA	4.10275055147204
GAAAATAC	1.69663792745072
GAAAATCA	0.0382934938396634
GAAAATGA	2.41747735979097
GAAAATTA	2.85122271299015
GAAAATTC	0.569039033131389
GAAACAAA	0.660910328730492
GAAACAGA	0.243688358643409
GAAACATA	1.24514201868674
GAAACATC	0.563035291277377
GAAACCAA	2.87472586260341
GAAACCCC	0.401948374632947
GAAACCGA	0.245379737940504
GAAACCTC	0.635034963115034
GAAACGAA	0.0510187127455384
GAAACGAC	0.120185532558508
GAAACGCA	0.400434346155883
GAAACGGA	0.0583424684211417
GAAACGTA	1.990918880762
GAAACTAA	0.986460969243743
GAAACTAC	1.20836612414602
GAAACTCA	0.392140517202919
GAAACTTA	1.07276535353214
GAAAGAAA	3.35372543176006
GAAAGAAC	1.14471384358952
GAAAGACC	0.209289441200716
GAAAGAGC	0.595932082982604
GAAAGATA	1.00618618930811
GAAAGATC	0.683781442871021
GAAAGCAC	0.0752895890629744
GAAAGCGA	1.79745532213284
GAAAGCTC	0.615071688258678
GAAAGGAA	0.941918537114319
GAAAGGCA	0.555912691901007
GAAAGGGA	1.05834161368541
GAAAGGTA	0.744390192911916
GAAAGGTC	1.33120715790919
GAAAGTAA	0.814120012307941
GAAAGTCA	0.306007532364757
GAAAGTCC	0.202552490587372
GAAAGTGA	1.74656992007082
GAAAGTGC	0.0438568343284917
GAAAGTTC	0.550661203189687
GAAATAAA	3.24655792550158
GAAATAAC	0.795441043054373
GAAATACA	0.398410880423962
GAAATACC	0.763273889286596
GAAATAGA	1.32503558742682
GAAATAGC	0.890741517932106
GAAATATA	1.68171427254081
GAAATATC	0.618992450682767
GAAATCAA	3.27472575876391
GAAATCCC	1.28117042118061
GAAATCGA	1.48683071707742
GAAATGAA	1.54639440658148
GAAATGAC	0.649872918299832
GAAATGCC	1.0675650466011
GAAATGGA	1.03743564185276
GAAATGTA	1.13966113062952
GAAATGTC	0.716233072115226
GAAATTGA	1.40382577220602
GAAATTTA	0.221688525041564
GAACAAAA	1.22838891270038
GAACAAAC	0.289730535962375
GAACAACA	1.22096993510798
GAACAACC	0.625973407457903
GAACAATA	2.09651998648918
GAACACCC	0.530958598330555
GAACACGA	0.592894503836799
GAACACGC	1.2041073239173
GAACACTC	1.16901090593408
GAACAGAA	1.63243216950284
GAACAGAC	0.486022185520388
GAACAGCA	0.553865420689884
GAACAGCC	0.540872390143019
GAACAGGA	0.559193086934641
GAACAGTA	1.29956967605359
GAACATAC	0.932824844060264
GAACATCA	0.810852710287866
GAACATCC	0.480454083935718
GAACATGA	0.72402817627897
GAACCAAC	0.183830671471246
GAACCACC	0.9613580914283
GAACCAGA	0.71509040911367
GAACCATA	0.873568245237879
GAACCATC	0.954279532188448
GAACCCAA	1.2168051665221
GAACCCCA	0.504807089156392
GAACCCCC	0.260628337641483
GAACCCGA	1.04591277299556
GAACCCTA	1.28467696826664
GAACCCTC	0.31929575085369
GAACCGAA	0.109719453628626
GAACCGAC	1.23196211512816
GAACCGCA	0.481009941875018
GAACCGGA	0.287208345441231
GAACCGTC	0.44093579819126
GAACCTAA	2.54169673079976
GAACCTGA	0.0859115938816124
GAACCTGC	0.336935610940221
GAACGAAA	0.324743634768404
GAACGAGC	0.535154314039395
GAACGCAC	0.297292346429969
GAACGCGA	0.566009785903304
GAACGCTA	0.612279305548622
GAACGGCA	0.337683102987071
GAACGGGA	1.54629680411676
GAACGGGC	0.233826938885183
GAACGTAC	0.811352625351046
GAACGTGA	0.356922691275781
GAACGTGC	0.153616757271754
GAACGTTA	1.26725849913666
GAACTAAA	1.12121664534606
GAACTACA	1.42902387193826
GAACTACC	1.90024142994473
GAACTATC	0.517764411484459
GAACTCAC	0.609877332697432
GAACTCCA	0.415555586543149
GAACTCGA	0.253787833193622
GAACTCTA	0.220963648199953
GAACTCTC	0.281359339202012
GAACTGAA	0.986460969243743
GAACTGAC	0.258448946020807
GAACTGTA	0.743559381687868
GAACTTAA	2.86977908402584
GAACTTAC	1.70350104710382
GAACTTGA	1.16661012335685
GAACTTGC	0.93558985046924
GAAGAAAA	0.963864808387963
GAAGAACC	0.748441885471602
GAAGAAGA	0.497539276356909
GAAGAAGC	0.19371470643471
GAAGAATA	1.92920555648627
GAAGAATC	0.608685868463519
GAAGACCC	0.21500989785226
GAAGACGC	0.268982870566406
GAAGACTA	0.728004881579179
GAAGAGAA	0.584091237628976
GAAGAGCA	2.18427174391288
GAAGAGCC	0.287351178316425
GAAGATCA	0.686021538463656
GAAGATGA	0.987415568959628
GAAGATGC	1.80739768052035
GAAGATTA	0.755800159092041
GAAGCAAA	0.234026904910456
GAAGCACA	0.633130524779108
GAAGCATA	0.417890904052578
GAAGCCTA	1.03613586268849
GAAGCGAA	0.520156862143969
GAAGCGGA	0.636758479809052
GAAGCTAC	0.480439800648199
GAAGCTGA	0.0978274264947184
GAAGCTGC	0.491423648750659
GAAGCTTA	0.676139884048111
GAAGGCAA	0.262876765151836
GAAGGCAC	0.480513597633717
GAAGGCGA	0.465689925736441
GAAGGGCA	0.104684594778017
GAAGGGGA	0.332026921129366
GAAGGGTA	1.26811073529199
GAAGGTAA	1.92323871312502
GAAGGTAC	0.832408571702647
GAAGGTGA	1.3109534562066
GAAGGTGC	1.39014357303634
GAAGGTTA	1.57240546342837
GAAGTAAA	1.65578296404923
GAAGTATA	0.728188183769012
GAAGTCGA	0.2791751864855
GAAGTCGC	0.139231106191742
GAAGTGAA	0.672165559295824
GAAGTGAC	0.18527804460655
GAAGTGCC	1.41555592208137
GAAGTGTA	1.44907641734162
GAAGTTAA	1.03372793846751
GAAGTTCC	0.239955659504991
GAAGTTTA	0.956920750105587
GAATAAAA	1.10204014157723
GAATAACC	2.0530821285946
GAATAAGA	1.5220533041004
GAATAATA	4.82960324785798
GAATAATC	1.90965411642005
GAATACAA	1.83154833916783
GAATACCC	0.871122232250172
GAATACTA	2.03479237892593
GAATACTC	0.346994616175798
GAATAGAA	0.469724954460687
GAATAGAC	0.273272617918083
GAATAGCA	1.000809721831
GAATAGCC	0.522790938417347
GAATAGGA	2.30929574011861
GAATAGTA	0.377127591746009
GAATATAA	1.58737077792688
GAATATCC	0.557350542844634
GAATATGA	0.77426368875886
GAATATGC	0.706334753864243
GAATATTC	1.77641246879481
GAATCAAC	0.927611444115664
GAATCACA	0.391169253651596
GAATCAGA	0.679463128944307
GAATCATA	1.17168307097418
GAATCATC	0.808062708125731
GAATCCAA	0.454732263661096
GAATCCAC	0.02921170352521
GAATCCGA	0.548164008421701
GAATCCTA	0.312504047638191
GAATCGAA	1.31689649408865
GAATCGCC	0.0969882833529499
GAATCGGA	0.871156750195013
GAATCTAC	0.195145415734574
GAATCTGC	1.59663587043117
GAATGAAA	0.615446624556062
GAATGACC	0.0409858935370817
GAATGAGC	0.58394364365794
GAATGATA	1.35113234399883
GAATGATC	0.947848481982814
GAATGCAA	0.0719092110167045
GAATGCCC	0.168211896568719
GAATGCGA	0.58394364365794
GAATGCTA	0.502807428903666
GAATGGCA	1.36333265208836
GAATGGTA	0.791270323098691
GAATGGTC	0.588285763063856
GAATGTAC	1.21367712655534
GAATGTCA	0.806848628686579
GAATGTGA	1.3512846990657
GAATGTGC	0.472336415528827
GAATGTTA	1.41475248715841
GAATTAAA	2.47683156107807
GAATTACA	1.18549143918361
GAATTACC	0.559695382545743
GAATTAGA	2.22032157133803
GAATTATA	4.11839789294961
GAATTATC	0.796980067284593
GAATTGAA	0.17634146771521
GAATTGAC	2.09942306467751
GAATTGGA	0.366028287069433
GAATTGTA	1.43776167307829
GAATTTAA	1.56293683407693
GAATTTAC	1.09967387694484
GAATTTGA	0.716842492382724
GAATTTGC	0.881009838035515
GAATTTTA	2.4020680731054
GACAAAAA	2.09727223963188
GACAAAAC	2.18412295966789
GACAAACA	2.19789085856269
GACAAACC	1.60915517194197
GACAAAGA	0.742228655400637
GACAAATA	0.388010266561876
GACAAATC	0.0495249189257968
GACAACAC	0.273922507500217
GACAACGA	0.442686691186355
GACAAGAC	0.269278058508473
GACAAGTA	0.732968323992189
GACAAGTC	0.699178826816995
GACAATAA	2.3321025794653
GACAATAC	1.88445720696177
GACAATCA	0.809874305092782
GACAATCC	1.47167376847136
GACAATGA	1.28728128769102
GACAATGC	0.467346787088696
GACAATTA	0.726501565567757
GACACAAC	0.0834489170584672
GACACACC	0.549137652520946
GACACATA	1.44280486384662
GACACATC	0.892750700376509
GACACCAC	2.07644720642851
GACACCCA	0.326589749680293
GACACCCC	0.33716890463637
GACACCGC	0.502940739587183
GACACCTA	0.503762028619551
GACACCTC	0.526969990290749
GACACGAA	1.35333316055078
GACACGAC	0.758494939337379
GACACGGA	0.0534552035415658
GACACGTA	1.04683642558849
GACACTAA	0.952422704810919
GACACTAC	0.60255952839163
GACACTCC	1.09200494182085
GACAGACA	0.916710915190399
GACAGACC	0.35505396115865
GACAGCAA	1.61746804527829
GACAGCTA	0.464293734381415
GACAGGCA	0.659483190252505
GACAGGCC	2.6458337995562
GACAGGTA	0.768114733481732
GACAGTAA	1.19374717936986
GACAGTAC	1.00014197813947
GACAGTTA	0.317146116082012
GACATAAA	0.901689657815771
GACATACC	1.41760200301854
GACATAGC	1.06410492019951
GACATATC	0.799332048629463
GACATCAA	1.20172201490155
GACATCCA	0.278978791282105
GACATCCC	0.00308042900836356
GACATCGA	0.33849248927984
GACATCTA	0.418813366371544
GACATCTC	0.429775789542728
GACATGAA	0.625279477739248
GACATGCC	0.442820001869872
GACATGGA	0.931519113526197
GACATGTA	0.187896647318451
GACATTAC	0.0471419904579675
GACATTCA	0.778962890352759
GACCAAAA	1.19191058664965
GACCAAAC	0.648296995576852
GACCAAGA	0.655768345223488
GACCAATA	0.387241349583747
GACCAATC	1.10621562262875
GACCAGAA	0.659627213401658
GACCAGCA	0.0747325408497174
GACCAGCC	1.6991827331771
GACCAGGA	2.05229654778103
GACCAGTA	0.580600164104428
GACCATAA	0.641781435920061
GACCATAC	0.0350440459289881
GACCATCA	1.57272088602776
GACCATGA	0.452676660532256
GACCATGC	0.26572628101197
GACCATTA	0.611650840897766
GACCCAAA	0.760157752059437
GACCCACA	2.10597552282707
GACCCACC	2.54443674145558
GACCCATA	0.62653878758888
GACCCCAA	0.27776352156899
GACCCCAC	0.706265717974567
GACCCCCC	0.3463673417989
GACCCCGC	0.419265670476327
GACCCCTA	2.40844318043492
GACCCGAA	0.879172055041347
GACCCGAC	0.409925590712563
GACCCTAA	0.979957312326551
GACCCTAC	0.312668305444664
GACCCTCA	0.656676524254933
GACCGAAA	1.13526901971728
GACCGAAC	0.0116325474106375
GACCGACA	0.907082789128322
GACCGATA	1.62769964023806
GACCGGCC	0.550435051137295
GACCGGTA	1.296079792803
GACCGTAA	1.5311160500315
GACCGTAC	0.583090217228653
GACCGTCC	1.14718366205643
GACCGTGC	0.442214152424255
GACCTACA	1.0427371220704
GACCTACC	1.08453240190025
GACCTAGA	0.840185821756988
GACCTCAC	0.420364293341366
GACCTGAA	1.48316229273284
GACCTGAC	0.499198518257086
GACCTGGA	0.0820812922784789
GACCTGTA	0.152259844957408
GACCTTCA	0.318726799900831
GACGAAAA	1.13874223913243
GACGAAAC	0.410033905642916
GACGAACC	1.91347013473567
GACGAAGC	0.268982870566406
GACGAATA	0.613519571014894
GACGAATC	0.150049506213769
GACGACAA	0.0353344727752173
GACGACCC	0.535341187051112
GACGACGA	1.82249035433257
GACGACTC	0.107348427900396
GACGAGAA	0.568080862593625
GACGAGAC	0.894445650495486
GACGAGCA	0.480461225579479
GACGAGGA	0.13434146076425
GACGAGTA	0.914189914943214
GACGAGTC	0.0418226561309282
GACGATAA	0.0643842990418707
GACGATAC	0.107124656395924
GACGATGA	1.37914544164636
GACGCAAC	1.92406833407511
GACGCACC	1.63497697522923
GACGCAGA	0.616150076466394
GACGCATA	0.885068672238962
GACGCCAA	0.168361871087674
GACGCGGA	0.766026992955973
GACGCGGC	0.0888372872751801
GACGCGTA	0.138551459760608
GACGCTAA	0.201092024438509
GACGGAAA	1.55883157918905
GACGGAAC	0.53847993948351
GACGGCAA	0.045920769375052
GACGGCAC	0.165373093174228
GACGGCTA	0.543245796419168
GACGGCTC	0.518014369016049
GACGGGAC	0.773923270406311
GACGGGGA	1.22132106592617
GACGGGGC	0.260520022711128
GACGGGTA	0.307347780843665
GACGGTAA	0.578829036452016
GACGGTCC	0.126796314132096
GACGTAAA	0.176810435655433
GACGTAAC	1.52833914088292
GACGTAGA	0.33849248927984
GACGTATA	0.200625437046205
GACGTGAA	0.604275903441887
GACGTGAC	0.940028382065909
GACGTGCC	1.0558956006977
GACGTGGA	0.0356606078402442
GACGTGTA	0.307915541522564
GACGTTAA	0.147084533779525
GACGTTAC	0.781426757449866
GACGTTCC	0.304464937312656
GACTAAAA	1.1837500683802
GACTACCA	0.257165830691976
GACTACCC	1.35863583104238
GACTACGA	0.210826084883019
GACTACTA	0.188889335801053
GACTAGAA	1.0626992066528
GACTAGCA	0.0559833454325109
GACTAGCC	0.77075000002907
GACTAGGA	0.627080362240659
GACTATAA	0.805698824041262
GACTATAC	1.2830820011603
GACTATCA	1.27721514081168
GACTATCC	0.0393980680745002
GACTATTA	0.0849212859469297
GACTCAAC	0.139930987280196
GACTCACC	0.48748622249113
GACTCAGA	0.240749572236279
GACTCATA	0.668797083989153
GACTCATC	1.10334825265922
GACTCCAA	0.0949350607720265
GACTCCAC	1.48659028173751
GACTCCCA	0.146886948302171
GACTCCCC	1.63581254754911
GACTCCTA	0.674993650224676
GACTCGTA	0.157401828464412
GACTCTAC	0.72111795644688
GACTCTCA	0.0235959909821433
GACTCTGA	0.314844126243459
GACTCTGC	0.584245973243769
GACTGATC	0.162873517858323
GACTGCAA	0.680312984551712
GACTGCAC	0.142647192456813
GACTGCGA	0.818984661982275
GACTGCTA	0.794288857861137
GACTGCTC	0.0610598638717155
GACTGGAA	1.33527789485223
GACTGGTA	0.227945795249048
GACTGTAA	1.02032664395237
GACTGTAC	0.117768086145841
GACTTAAC	1.58534969274287
GACTTACC	0.0360974383835489
GACTTAGA	1.41787338548141
GACTTATA	0.640129335663642
GACTTATC	0.433038330466962
GACTTCAA	1.75031333167488
GACTTCCC	0.502312274936328
GACTTGAA	0.686464320376759
GACTTGGA	0.358311740987048
GACTTGGC	0.203077401403713
GACTTGTA	1.314002938092
GACTTTAA	1.58703154984829
GACTTTAC	0.868392934059999
GACTTTCA	0.454822724482054
GACTTTCC	0.359588904946078
GACTTTGC	0.654973242218237
GACTTTTA	2.66681356837436
GAGAAAAA	1.14772642698217
GAGAAAAC	0.558789584062218
GAGAAAGA	0.566477563569565
GAGAAATA	1.40986641255279
GAGAACCC	1.70914056512608
GAGAACGC	0.802677908730897
GAGAAGAA	0.598336436381713
GAGAAGAC	0.53696234018457
GAGAAGCA	0.208130114363722
GAGAAGGA	0.618030709323124
GAGAAGTA	2.40026123723419
GAGAATGA	1.377045798381
GAGAATGC	1.58551633109727
GAGAATTA	0.122149484592433
GAGACACA	0.785609380145147
GAGACAGA	0.0292259868127285
GAGACATA	0.99684729981831
GAGACATC	0.22133620394942
GAGACCAA	0.973132281440171
GAGACCCC	1.18513911809146
GAGACCGA	0.76819567211101
GAGACCTA	0.0130584956146626
GAGACGAA	0.847801194552779
GAGACGCA	0.0661018643660845
GAGACGCC	0.0550168429770268
GAGACGGA	0.847379837570956
GAGACGTA	0.23444945216624
GAGAGAAA	0.535029335273601
GAGAGAAC	0.221884920244959
GAGAGAGA	0.372446244261508
GAGAGAGC	0.327383662411581
GAGAGCAA	0.23498626572218
GAGAGCAC	1.35743365434283
GAGAGCCA	0.113131969071815
GAGAGCGA	0.391902462410928
GAGAGCGC	0.0209345384076842
GAGAGGGA	1.26045132235968
GAGAGGTA	1.090038609239
GAGAGTAA	0.577091236470483
GAGAGTAC	0.874247891669016
GAGAGTCC	1.45170335197124
GAGAGTGA	1.17431119587775
GAGATAAA	0.403376703384891
GAGATACA	0.851550557526637
GAGATACC	0.631628399041646
GAGATAGC	1.06947543630683
GAGATATC	0.727126459396731
GAGATCAA	1.97849956226384
GAGATCTC	0.572306335151464
GAGATGAA	0.672940427643755
GAGATGCA	0.98973422263362
GAGATGCC	0.94034142411738
GAGATGGA	0.720383557413589
GAGATGGC	1.12077029261107
GAGATGTA	0.527098539878425
GAGATTAA	1.134207295345
GAGATTGA	0.343670181005643
GAGCAACA	1.19987351944174
GAGCAAGC	0.410579051116577
GAGCAATC	0.413702329987499
GAGCACAA	2.31991536438932
GAGCACCA	0.560564282536511
GAGCACGC	0.156615057376882
GAGCAGAA	0.267998514001521
GAGCAGTA	0.15219557016357
GAGCATAA	2.70415246249814
GAGCATAC	0.805565513357748
GAGCATCA	0.44025258093825
GAGCATCC	0.383615775101723
GAGCATGA	1.13311105302788
GAGCATGC	1.27725561012632
GAGCCACA	0.694365358922939
GAGCCATC	1.19497078100069
GAGCCCCC	0.497539276356909
GAGCCGTA	0.726665823374228
GAGCGAAA	1.20681162635432
GAGCGAAC	1.55801505125252
GAGCGATA	0.756069161006991
GAGCGCAA	0.748310955336005
GAGCGCCA	0.489138322747546
GAGCGCTC	0.66281595734038
GAGCGTAA	0.398653696311791
GAGCTATA	0.300597737216762
GAGCTATC	0.070014294872456
GAGCTGAC	0.228634963871862
GAGCTGCA	0.0424415985901063
GAGCTGGA	2.41883308183136
GAGCTGTA	0.653140220319907
GAGCTTAA	0.29459280508879
GAGCTTCA	0.810465871250883
GAGGAACA	0.355049200062811
GAGGAATA	2.8450832799047
GAGGACAA	0.494570733100783
GAGGACAC	0.896037046779944
GAGGACGC	0.902303839179105
GAGGAGGA	0.383356295378453
GAGGAGGC	0.596342727498788
GAGGATAA	0.70225449472952
GAGGATGA	1.06938497548587
GAGGCAAC	1.01159717473007
GAGGCACC	0.216715560436874
GAGGCATC	0.465582801080045
GAGGCCAA	3.46884634861897
GAGGCCGC	0.131199137509968
GAGGCGAC	1.08366112136157
GAGGCGGA	0.71509040911367
GAGGCTAC	2.40691962976617
GAGGGAAA	1.43681540528013
GAGGGAAC	1.87577891951974
GAGGGACA	1.7238618734628
GAGGGAGC	0.616772589747451
GAGGGATC	0.0693905913174393
GAGGGCAC	0.481312271460846
GAGGGGAA	1.71912220255427
GAGGGGGA	2.42652701270851
GAGGGGTA	1.29371471844457
GAGGGTAC	0.144930137912006
GAGGGTCA	0.347067222887353
GAGGGTGA	1.22700343381099
GAGGGTGC	0.442640270501918
GAGGGTTA	0.150291131827642
GAGGTAAA	0.959550065283127
GAGGTATA	0.967396351227147
GAGGTATC	0.176271241551571
GAGGTCCA	0.300334686671613
GAGGTCGA	0.394025911155485
GAGGTGGA	0.399236930552169
GAGGTGTA	2.13714879783828
GAGGTTAC	1.0191220867049
GAGGTTGA	2.77436434284795
GAGTAAAA	0.1913460612544
GAGTAAAC	0.807148577724485
GAGTAACA	0.0408692466890057
GAGTAACC	0.352749590772177
GAGTAAGA	2.00447134007005
GAGTAATA	1.31350302302882
GAGTAATC	0.102433786719742
GAGTACGC	0.038250643977105
GAGTAGAA	0.695743696168567
GAGTAGCA	0.234474447919398
GAGTAGTA	0.777051310373072
GAGTATAA	1.10349227580837
GAGTATAC	0.438892097802019
GAGTATGA	0.648665980504437
GAGTATGC	0.209535827910427
GAGTCAAA	0.2680496957818
GAGTCACC	0.609127460102663
GAGTCCAA	0.773622131094443
GAGTCCCA	0.979558570549967
GAGTCCCC	0.836889953161875
GAGTCCGA	0.0515840928765184
GAGTCCGC	0.567239338903937
GAGTCCTA	0.124916871549326
GAGTCGCA	0.713778727209799
GAGTCGGA	0.320783593303636
GAGTCGTA	0.22817075702748
GAGTCTAA	0.617299881111712
GAGTCTTA	0.502681259863911
GAGTGAGA	0.954035526026656
GAGTGCGA	0.428698591608968
GAGTGCGC	0.0499224704284193
GAGTGGAA	1.65076714958199
GAGTGGTA	1.06343836678193
GAGTGTAA	2.01694541117037
GAGTGTCA	0.572795537749005
GAGTGTGA	1.3827674453065
GAGTGTGC	1.37899427685345
GAGTTACA	1.45637755781198
GAGTTACC	0.344045117303029
GAGTTATA	0.612998231020435
GAGTTATC	0.167769114655616
GAGTTCAA	1.12040487850537
GAGTTCTA	0.406071483630229
GAGTTGAA	0.877348555334696
GAGTTGCA	0.164100690311037
GAGTTGCC	0.36664127815881
GAGTTGGA	0.627276757444051
GAGTTGTA	1.0943902508366
GAGTTTAA	0.715773626366683
GAGTTTCC	0.822726883312375
GAGTTTGA	1.314002938092
GAGTTTGC	0.500167401260489
GATAAAAA	0.149953094023013
GATAAAAC	0.0593006389589056
GATAAACA	0.817284950767462
GATAAACC	1.62001523155259
GATAAAGA	1.31508013602576
GATAAAGC	0.171475627766916
GATAACAA	2.82263709356787
GATAACGA	0.524358529222607
GATAACTA	0.693863063311837
GATAAGAA	2.95035467974497
GATAAGAC	0.662387458714796
GATAAGCA	0.409782757837367
GATAAGGA	2.93634872605819
GATAAGGC	0.277965868142183
GATAAGTA	0.272544170254589
GATAATAA	2.31299511158615
GATAATAC	1.02104437915023
GATAATCA	1.88494521928535
GATAATCC	0.375450495736434
GATAATGA	0.631676010000043
GATAATGC	1.23741595041268
GATAATTA	2.24564941093191
GATACAAA	1.57565729188696
GATACAAC	0.100547202493214
GATACATA	0.822229348797112
GATACATC	1.46989311862727
GATACCAC	0.435699783041421
GATACCCA	0.8016138038107
GATACCGA	1.07109420889236
GATACCGC	0.228780177294975
GATACGAA	0.844362493082473
GATACGGA	0.306137272226392
GATACGTA	0.357321433052365
GATACTAA	1.1206119861744
GATACTCC	0.52408000511598
GATACTGA	2.25116514046234
GATAGAAC	1.04046607935481
GATAGAGA	0.804977518021529
GATAGATA	1.06742340399986
GATAGATC	0.290006679521086
GATAGCAA	2.43017044129993
GATAGCAC	0.434614253189944
GATAGCCC	0.331248481959556
GATAGCGA	0.391169253651596
GATAGGAA	0.639486587725268
GATAGGAC	0.672488123538972
GATAGGCA	1.20256234831728
GATAGGCC	0.892797121060949
GATAGGGA	0.536496943066225
GATAGTAA	1.902641022248
GATAGTCA	1.09247867085691
GATAGTCC	0.146572715976743
GATAGTGA	1.23709695699141
GATAGTGC	0.325182845859628
GATAGTTA	0.397802650430423
GATATACA	1.83483111474938
GATATAGA	1.66243183438954
GATATATC	0.0591732796451899
GATATCCC	0.373036620145646
GATATCGA	0.177653149619081
GATATGAA	0.0182564219977872
GATATGAC	0.488087310840908
GATATGCA	0.679817830584374
GATATGCC	0.651090568560865
GATATGGA	0.728172710207531
GATATGTA	2.80021471271025
GATATTAA	0.243146783991627
GATATTCC	0.157460151888449
GATATTGA	2.10749669294789
GATATTGC	0.904095201488839
GATATTTA	1.17614540805005
GATCAAAA	0.900473197828697
GATCAACC	0.352749590772177
GATCAAGA	1.15505851457549
GATCAAGC	1.10132716747521
GATCAATA	1.6298921248723
GATCAATC	0.0996390234617694
GATCACAC	1.24811175221683
GATCACCC	1.33537430704299
GATCACGC	0.785741500554701
GATCACTA	1.58860390174939
GATCAGAA	1.63837401711094
GATCAGAC	0.335835797801223
GATCAGCA	0.0337561695043157
GATCATAA	0.266086934021838
GATCATAC	0.266911793876085
GATCATCA	0.640380483469194
GATCATCC	0.778238013511147
GATCATGA	1.37617570811627
GATCATTA	2.22563376402131
GATCCACA	1.62359795617206
GATCCACC	0.116202875888501
GATCCAGA	0.323270075605979
GATCCATA	0.218752119182357
GATCCATC	0.986866852664089
GATCCCAA	0.0333312417006102
GATCCCCC	0.912277144689565
GATCCCGA	0.126599918928704
GATCCCTA	0.171475627766916
GATCCGAC	0.209395375583153
GATCCGTA	0.733263511934259
GATCCTGC	0.376002782853853
GATCCTTA	0.102100510010955
GATCGACA	0.386084403294669
GATCGCAA	0.19583815517927
GATCGCCA	0.492835313667168
GATCGCTA	0.50171951850427
GATCGGAA	0.372886645626691
GATCGGCA	0.275341314060482
GATCGGTA	0.437092403574568
GATCGTAC	0.276691084731073
GATCGTCA	0.295509316037955
GATCGTGC	1.04897772844245
GATCTAAA	0.824281381104076
GATCTATA	0.127753294395898
GATCTCAA	0.828423534484718
GATCTCAC	1.0196481877952
GATCTCCC	1.36099376375705
GATCTCGA	1.33826072139588
GATCTCGC	0.450547260417896
GATCTGAC	0.134549758707241
GATCTGCA	0.742921394845332
GATCTGGC	0.357696369349749
GATCTGTA	1.64191627241576
GATCTTAA	1.34497862762586
GATCTTAC	0.885431705796747
GATCTTCA	0.935702926495435
GATCTTGA	2.68748624651086
GATCTTGC	0.543305310117168
GATCTTTA	0.689237658703453
GATGAAAA	0.0687240378998642
GATGAACA	0.502938359039264
GATGAAGA	1.9967178954949
GATGAATA	0.0453661017097143
GATGAATC	1.31350302302882
GATGACAA	0.760411280412906
GATGACCA	1.20594986800731
GATGACCC	0.693090575511826
GATGACGA	0.920159138852388
GATGACGC	1.34832091690541
GATGACTA	0.33822348736489
GATGAGAA	0.936226647037816
GATGAGAC	0.0646318760255414
GATGAGCA	0.410849243305486
GATGAGCC	0.0095531388025963
GATGAGGA	1.74380372338789
GATGAGTA	0.872147058129696
GATGATAA	2.57107626295333
GATGATAC	1.42938690549605
GATGATCA	1.18231340771053
GATGATCC	0.778238013511147
GATGATGA	1.96699794498879
GATGATTA	1.52320786984156
GATGCAGA	1.13464531616227
GATGCAGC	0.595872569284605
GATGCATA	0.472794671003411
GATGCATC	1.56297016174781
GATGCGCA	0.318538736615159
GATGCGGA	0.332111430580523
GATGCGGC	0.0840119166415225
GATGCGTA	0.721770226576937
GATGCTCC	1.18042801375796
GATGCTGA	1.45366135263536
GATGGATA	0.673347501338057
GATGGCAA	1.42269042419734
GATGGCAC	1.8054432506781
GATGGCCA	0.598469747065229
GATGGCCC	0.846920391822415
GATGGCGA	1.35437703081366
GATGGCTA	0.250093222821925
GATGGGAA	0.0565653893989288
GATGGGCA	1.46530818333352
GATGGGGA	0.352052090231645
GATGGTAA	0.707813074122507
GATGGTAC	0.247618643259177
GATGGTCC	0.290818446361774
GATGGTGA	0.358430768383041
GATGGTTA	0.183360513257063
GATGTAAA	0.644695226574029
GATGTACC	2.45627791033757
GATGTAGA	2.6254467871701
GATGTATA	2.53022129955184
GATGTCAA	0.431419557881424
GATGTCCA	0.29879685271535
GATGTCCC	1.15551915059799
GATGTGCA	0.515598112877342
GATGTGGC	0.176248626346335
GATGTGTA	0.825554974241227
GATGTTCC	0.355049200062811
GATGTTGA	1.12558495077909
GATGTTTA	1.40224032729136
GATTAACA	1.1426963292274
GATTAACC	0.958051510367545
GATTAAGA	0.156988803400306
GATTAAGC	0.940516394389493
GATTAATA	2.71006217270932
GATTACAA	0.983002033116115
GATTACAC	0.838702740402885
GATTACCA	1.7823662191425
GATTACCC	0.918646300649284
GATTACGA	1.46165166172854
GATTACTA	1.43082356616572
GATTAGAC	0.736545097241854
GATTAGCA	1.03342917970356
GATTAGCC	0.639943652925889
GATTAGGC	0.589833119211796
GATTAGTA	2.06727733584102
GATTATAC	0.299082518465741
GATTATCA	0.535601857048339
GATTATCC	0.493495915714943
GATTATGA	2.84495473031702
GATTATGC	0.674218781876745
GATTATTA	2.55613594420798
GATTCAAA	1.08196736151655
GATTCAAC	0.532219098454147
GATTCACA	0.822337663727468
GATTCAGA	0.958720444333042
GATTCAGC	0.64648063751396
GATTCATA	2.35115529474229
GATTCCAA	2.39339454675921
GATTCCAC	0.279819124697833
GATTCCCA	1.25477847666653
GATTCCCC	1.71912220255427
GATTCGAC	1.8853987136641
GATTCGCA	1.49786574696016
GATTCTAA	0.34402369237175
GATTCTAC	0.499169951682046
GATTCTCA	0.730036679228823
GATTCTGA	1.43363023216329
GATTCTGC	0.721075106584322
GATTCTTA	0.849277134263124
GATTGAAA	0.657172868496236
GATTGAGA	1.51166697352584
GATTGAGC	0.305504046479695
GATTGATA	1.7687530558625
GATTGCAA	2.36607894965221
GATTGCCA	0.374807747798058
GATTGCCC	0.532048889277876
GATTGCGC	0.271320568623757
GATTGGAA	0.20236561757566
GATTGGAC	0.596956908862125
GATTGGCA	1.77802886083242
GATTGGCC	1.45470760344617
GATTGGGA	0.194145585608214
GATTGGTA	1.31553601095242
GATTGTAA	0.0313232495301673
GATTGTAC	1.40884753804307
GATTGTCA	0.116351660133493
GATTGTGA	0.818041965005992
GATTGTGC	1.52713101281357
GATTGTTA	0.632154500131947
GATTTAAA	0.522782606499627
GATTTACC	1.20838992962522
GATTTAGA	1.82635874470242
GATTTATA	1.17596448640813
GATTTCCA	0.547554588154206
GATTTCGA	2.38042175086966
GATTTGAA	0.5761009285358
GATTTGAC	0.517571587102946
GATTTGCC	0.0818063389937253
GATTTGGA	0.434839214968376
GATTTGGC	0.0100125845511399
GATTTGTA	1.91844547988828
GATTTTAA	0.67620177829403
GATTTTAC	0.150707727713627
GATTTTCC	1.30762783076248
GATTTTGA	0.588873758400072
GATTTTGC	1.84269882562468
GATTTTTA	0.673705773800003
GCAAAAAA	2.61653758657984
GCAAAACA	0.99787569651971
GCAAAACC	1.84562451901825
GCAAAAGA	0.4541049892842
GCAAAATA	0.0459636192376104
GCAAACAC	0.286763182980209
GCAAACCC	0.870598511707793
GCAAACTA	0.623015576667414
GCAAATAA	3.0138903134534
GCAAATAC	1.78339342556994
GCAAATCA	0.675979197063517
GCAAATGA	2.57373176415798
GCAACAAA	1.15814846577553
GCAACAAC	0.855812928577237
GCAACAGA	1.34355505996975
GCAACAGC	0.227860095523931
GCAACCAA	0.719532511532221
GCAACCAC	0.798616693979531
GCAACCCA	0.223077574752832
GCAACCCC	0.726905068440181
GCAACCTA	0.602483350858196
GCAACGAA	0.557980197769446
GCAACGGC	1.09597331520334
GCAACTAC	0.760887389996888
GCAACTCA	0.580171665478844
GCAACTCC	0.239737839370317
GCAACTGA	0.137324287307894
GCAAGAAA	0.80809365524869
GCAAGAAC	1.23775874931314
GCAAGACC	0.671483532316768
GCAAGAGC	0.508961145276633
GCAAGATA	0.74110503678244
GCAAGCAA	1.13037342291999
GCAAGCGA	0.615302601406908
GCAAGCTA	0.0382054135666272
GCAAGGCC	0.657940595200404
GCAAGTAA	3.58107847057705
GCAAGTCC	1.95753764755507
GCAAGTGA	1.30097657987426
GCAATAAC	1.34774244376088
GCAATATA	1.19140710076458
GCAATCAA	2.59982018881227
GCAATCAC	0.262348283513619
GCAATCGA	1.06120779338098
GCAATCGC	0.444632789110882
GCAATCTA	0.931179885447608
GCAATGAA	0.426853666971039
GCAATGCA	0.134410496653926
GCAATGGA	0.71086493655583
GCAATGTA	0.698321829565829
GCAATTAA	1.03914844608114
GCAATTAC	0.585310078163969
GCAATTCA	1.28117042118061
GCAATTTA	0.736843856005803
GCACAAAC	1.18415595180054
GCACAACC	1.10516937181795
GCACAAGA	0.00170209176273558
GCACAAGC	0.128256780280959
GCACAATA	0.623935658438458
GCACACAA	1.41837330054459
GCACACAC	0.543819508467866
GCACACGA	0.871168652934612
GCACACGC	0.110278882389802
GCACAGGA	0.493261431744831
GCACATCC	0.409317360719025
GCACATGA	0.319195767841054
GCACATGC	1.14157152033524
GCACATTA	0.780231722394071
GCACCACC	1.64994109945378
GCACCATA	1.44632926504205
GCACCCAA	1.06513093635299
GCACCCCA	0.808579287024354
GCACCCCC	0.302320063636817
GCACCCGA	0.0186801595275275
GCACCCGC	0.347098170010312
GCACCCTA	0.267161751407675
GCACCGAA	0.457250883360361
GCACCGGC	0.288377194469908
GCACCTAA	2.55540749654448
GCACGACC	0.555956732037525
GCACGATA	0.441091724080016
GCACGCAA	0.549851816896918
GCACGCCC	0.0753014918025764
GCACGCGC	0.21759279234536
GCACGGAA	1.13943616885108
GCACGGAC	0.400905694644023
GCACGGTA	0.422488932359885
GCACGTCA	1.31760470709482
GCACGTGC	1.23427600770631
GCACGTTA	0.74089316801757
GCACTAAA	0.176897325654507
GCACTACC	0.327125372962274
GCACTAGC	0.791578604054321
GCACTATA	0.578430294675429
GCACTCCC	0.891148591626411
GCACTGAA	0.471072344583355
GCACTGCC	1.46883615535083
GCACTGTA	0.425868120132195
GCACTTAA	1.64962686712835
GCACTTCC	1.78685831306737
GCACTTGA	0.528072183977667
GCAGAATA	0.619536405882465
GCAGACAA	0.573397816372742
GCAGACCA	0.070877243493423
GCAGACGA	1.71211625002597
GCAGAGAA	0.00538479939483659
GCAGAGGC	0.0991783874392689
GCAGAGTA	1.83743543417376
GCAGATAA	0.348465794790301
GCAGATAC	0.258563212320961
GCAGATGA	1.71118307524137
GCAGATTA	0.146018048311405
GCAGCACC	2.16718179039585
GCAGCCAC	0.206223295479871
GCAGCCCC	0.34163362226016
GCAGCCTA	0.0214654005938233
GCAGCGTA	0.272041874643487
GCAGCTCC	0.31198746873957
GCAGCTGA	1.19030252652975
GCAGCTGC	0.832835880054269
GCAGGACC	0.124728808263654
GCAGGATA	0.57530463525659
GCAGGCCA	0.59211368411907
GCAGGGGA	0.381592309369801
GCAGGTAA	0.23316157574157
GCAGGTGA	0.544680076540914
GCAGTACC	1.04303231001247
GCAGTATA	0.304754173884925
GCAGTCAA	2.02241829083824
GCAGTCAC	0.779610399386974
GCAGTCGA	0.094222086670014
GCAGTCTA	0.60263570592507
GCAGTGAA	0.570653044621085
GCAGTGCC	0.791651210765876
GCAGTGGA	0.0434878494009064
GCAGTGTA	0.603526030847114
GCAGTTAA	0.234423266139119
GCAGTTCA	0.596967621327765
GCAGTTTA	0.397862164128422
GCATAAAC	0.967954589714369
GCATAACA	0.674522301736533
GCATAACC	0.038250643977105
GCATAAGA	0.826476246286231
GCATAATA	0.68829496172717
GCATACAA	2.03479237892593
GCATACAC	0.89959001455041
GCATACCA	0.305981346337639
GCATACCC	2.66607083742335
GCATACTA	0.251638198421945
GCATAGAA	1.27332889633243
GCATAGGA	0.192006663302174
GCATAGTA	0.793625875265443
GCATATAA	1.5275821266444
GCATATCA	0.525451200717847
GCATATCC	2.02517734587742
GCATATGA	1.02438071705998
GCATATTA	0.0177207987158067
GCATCAAA	0.280499961402927
GCATCATA	1.24144145694524
GCATCCAA	1.09985836940863
GCATCCCC	0.916187194648017
GCATCGCC	0.209566775033386
GCATCTAC	1.6172061850071
GCATCTCC	0.174338236640608
GCATCTGA	0.0275988823094702
GCATCTTA	1.42951902590561
GCATGAAA	0.28383987013456
GCATGACC	0.959842872677276
GCATGCCC	0.392539258979504
GCATGGAA	1.60756020483563
GCATGTCC	0.663861017877218
GCATTAAA	0.930086023678408
GCATTACC	0.331203251549078
GCATTATA	2.47562224273476
GCATTCAC	0.544002810657699
GCATTCTA	1.64767600810798
GCATTGAA	0.610005882285108
GCATTGCA	0.611002141589589
GCATTGCC	0.0793579454581014
GCATTGGA	1.20477506760884
GCATTGGC	0.669701692198717
GCATTGTA	2.04895663904939
GCATTTAC	0.172035056528095
GCATTTCC	0.648158923797497
GCATTTGA	0.336795158612946
GCATTTTA	1.96498995281835
GCCAAACA	0.379195097614451
GCCAAACC	0.484786681149953
GCCAACAA	0.897580832106005
GCCAACCC	0.33535254657348
GCCAAGAA	1.25749230129523
GCCAAGCC	0.577006727019326
GCCAATAA	1.05716086191713
GCCAATAC	0.235239794075649
GCCAATCA	3.32898201668053
GCCAATCC	1.37212877665243
GCCAATTA	0.792546296783762
GCCACAAC	0.513198520574072
GCCACACA	0.449828334946085
GCCACACC	0.900263709611743
GCCACCAC	3.26244094122322
GCCACCCA	0.789827711059226
GCCACCCC	0.59211368411907
GCCACCGA	0.616692841392136
GCCACCTA	0.0174053761164194
GCCACGAA	0.577006727019326
GCCACGCC	0.261565083247968
GCCACGGC	0.170066343398329
GCCACTAA	0.470470065959618
GCCACTAC	1.2699056684236
GCCAGAAA	0.176329564975611
GCCAGAGA	0.173913308836903
GCCAGCAA	0.518526186818829
GCCAGCCA	0.129989819166654
GCCAGGAA	2.35685670701048
GCCAGGAC	0.22629012417075
GCCAGGGA	1.18860281531493
GCCAGTAA	0.835793710844758
GCCAGTAC	0.14737853144763
GCCAGTGA	0.760197031100114
GCCAGTTA	0.965585944534058
GCCATAGA	0.456829526378538
GCCATCAA	1.54553026768655
GCCATCAC	0.550811177708641
GCCATCTA	0.588495251280807
GCCATTAA	1.78789504168649
GCCATTCA	0.819215575130508
GCCATTCC	1.12866180896557
GCCCAAAA	2.22088457092109
GCCCAAAC	0.206788675610851
GCCCAACC	0.55427249438419
GCCCACAA	0.335116872329409
GCCCACCC	0.61469318113941
GCCCAGAA	0.936952714153387
GCCCAGCC	0.501600491108275
GCCCAGGA	0.701690304872499
GCCCATAA	0.456299854466358
GCCCATAC	1.05278779538826
GCCCATCA	1.01705815165834
GCCCCAAC	0.546283375564974
GCCCCACA	0.272221606011441
GCCCCATA	0.813414179849689
GCCCCCAA	0.188889335801053
GCCCCCAC	0.9891700327766
GCCCCCCA	1.29246612106058
GCCCCCGC	0.0816039924205351
GCCCCCTA	0.785920041648693
GCCCCGAC	0.946073783508523
GCCCCGCC	0.862830783845128
GCCCCTAC	0.661066254619245
GCCCCTCA	0.238692778833477
GCCCCTTA	0.609772588588958
GCCCGAAA	0.274248642565244
GCCCGCAA	1.48948026691228
GCCCGCCC	0.338960266946101
GCCCGGAA	0.797981087684915
GCCCGTAC	0.0216272778523771
GCCCGTCC	0.724338837782518
GCCCGTGA	0.112378525655166
GCCCGTTA	1.4344503309217
GCCCTAAC	0.110703810193508
GCCCTACA	0.24465605137285
GCCCTAGA	0.348534830679977
GCCCTATA	0.0425975244788591
GCCCTCAA	0.758521125364496
GCCCTCGA	0.368146974718151
GCCCTGAA	0.510835826763562
GCCCTGGA	1.40909868584862
GCCCTGTA	0.350423795454427
GCCCTTCC	0.345548433314451
GCCCTTGA	0.509355125957379
GCCGAAAA	0.0128454365758327
GCCGAAAC	1.15433958910368
GCCGAACC	0.108519657476992
GCCGAATA	1.78197580928363
GCCGAGCA	0.000790341909411805
GCCGAGCC	0.637434555418304
GCCGATAA	1.44414749287345
GCCGATTA	1.1437366286684
GCCGCAAA	0.646216396694851
GCCGCATA	0.629867983854871
GCCGCCCA	0.264340802122581
GCCGCCCC	0.268982870566406
GCCGCCGC	1.12147136397349
GCCGCGAA	0.202090664290912
GCCGCGCA	0.554192746028874
GCCGCTAA	0.964105243727876
GCCGGTAA	0.390263455168071
GCCGTAAA	0.123725407315413
GCCGTAAC	1.72120518198419
GCCGTAGC	0.331798388529055
GCCGTCCC	0.528145980963185
GCCGTGAA	0.106648546811942
GCCGTGTA	0.326617125981373
GCCGTTGA	1.01441812401516
GCCTAAAA	0.501600491108275
GCCTAACC	0.0155259335336491
GCCTACCA	0.963867188935885
GCCTAGAA	0.747396824934762
GCCTAGGA	0.0802804077770675
GCCTAGGC	0.155275999171931
GCCTATCA	0.767081575684491
GCCTATCC	0.143644642035256
GCCTATGA	0.752548330633444
GCCTCAAC	0.36899325950368
GCCTCACC	0.690563623894843
GCCTCCGA	0.139930987280196
GCCTCCGC	1.16397604708347
GCCTCCTA	0.944161013254874
GCCTCTAA	1.04518670587999
GCCTCTGA	0.122583934587816
GCCTGAAC	1.07306649284401
GCCTGACA	1.19447681730731
GCCTGATA	0.523449159917202
GCCTGGAA	0.909116967325886
GCCTGTAA	1.07391515817746
GCCTGTAC	0.35797965455222
GCCTGTCA	1.99109504130808
GCCTGTCC	1.92768676691337
GCCTGTGA	0.0953433247402913
GCCTTACC	0.293460854552873
GCCTTCAC	0.104526288341343
GCCTTCCA	0.432100394586518
GCCTTCGA	0.0578746907548778
GCCTTGAA	0.579772923702259
GCCTTGAC	0.579906234385775
GCCTTGCA	0.207940860804088
GCCTTGCC	0.747396824934762
GCCTTGGA	1.23797537917385
GCCTTTCA	0.689573315960163
GCCTTTTA	0.758494939337379
GCGAAAAA	2.24061217153338
GCGAAACA	2.36494580884233
GCGAAACC	1.38641682526772
GCGAAATA	0.951403830301199
GCGAACAA	1.53074468455599
GCGAACCA	1.70590421022897
GCGAACGC	1.55867089220445
GCGAAGAA	0.494770699126056
GCGAAGTA	0.266528525660978
GCGAATAA	1.5604824891715
GCGAATAC	0.00344227229218827
GCGAATCA	0.569491337236172
GCGAATGA	0.722501054788347
GCGAATTA	0.392599962951463
GCGACAAA	0.568715278614281
GCGACAGA	0.137633758537483
GCGACCAA	1.21674922364598
GCGACCCC	1.66544322750823
GCGACCGA	0.858280366496221
GCGACGAA	0.94375989093037
GCGACGCA	1.57082596988351
GCGACTAC	0.605011492749139
GCGACTCA	0.896935703619712
GCGAGACA	0.991443456040113
GCGAGACC	0.821788947431928
GCGAGATA	1.05553970878367
GCGAGGCA	0.364390470100535
GCGAGTAC	1.32050897555711
GCGAGTCA	0.40816874634767
GCGATAAA	0.176589044698881
GCGATACA	0.480525500373316
GCGATACC	1.38419101296261
GCGATCAA	0.748545439306117
GCGATCAC	0.484340328414969
GCGATGAC	0.222776435440963
GCGATGCC	0.328477524180781
GCGATGTA	0.529959958478155
GCGATTAA	0.581053658483171
GCGATTCC	0.375099364918246
GCGATTGA	1.02085869641248
GCGCAAAA	0.873884858111229
GCGCAACC	1.19201890158
GCGCACAA	0.493200727772872
GCGCACTA	1.12147136397349
GCGCATAA	0.542927993271859
GCGCCAAA	1.42902387193826
GCGCCACC	0.603548646052356
GCGCCCAA	0.431414796785583
GCGCCCCA	1.50857583205184
GCGCCCCC	0.532465485163858
GCGCCGAA	0.542082898760292
GCGCCGCA	1.14845725519358
GCGCCGCC	0.295766415213306
GCGCCTAA	1.37147650652237
GCGCGACC	3.18174512783413
GCGCGGAA	0.471252075951307
GCGCGGCA	0.120777098716603
GCGCGGCC	0.0145618116260869
GCGCGTAA	0.710179338754895
GCGCGTAC	0.000790341909411805
GCGCGTTA	0.0164281611952956
GCGCTAAA	1.38821056812538
GCGCTACA	0.41528301380632
GCGCTACC	0.66281595734038
GCGCTATA	0.29879685271535
GCGCTCCC	1.72452961715434
GCGCTGAA	1.86938952890271
GCGCTGAC	0.90141351425706
GCGCTTAA	0.78840414340312
GCGCTTAC	0.186737320481454
GCGCTTCC	0.823982622340126
GCGGAAAA	0.798327457407264
GCGGAAGA	0.883930770333245
GCGGAAGC	0.162510484300536
GCGGACAC	0.0964788460980899
GCGGACCC	0.84594674772317
GCGGACGA	0.237798883089553
GCGGAGAA	0.788250598062287
GCGGAGCA	0.263062447889591
GCGGAGTA	0.479475678740635
GCGGATAA	0.347899224385361
GCGGATGA	0.833160824845336
GCGGATTA	1.43939591922531
GCGGCAAA	1.40162614592802
GCGGCACA	0.289268709665915
GCGGCAGA	0.0588281001968031
GCGGCAGC	0.713250245571579
GCGGCATA	0.865865982443013
GCGGCCAA	0.224868937062563
GCGGCCGA	0.168814175192457
GCGGCGAA	0.131199137509968
GCGGCGCA	1.02257269091481
GCGGCGGA	0.403976601460709
GCGGCTAA	1.46510702703429
GCGGCTTA	0.0690061328283757
GCGGGAAA	0.0750289190657448
GCGGGACA	0.877142637939624
GCGGGACC	1.8779737847019
GCGGGAGA	1.0080561096992
GCGGGAGC	0.111606037855154
GCGGGATA	0.373036620145646
GCGGGCAA	0.601823939084379
GCGGGCTA	0.144261203946512
GCGGGGAA	1.32686027740743
GCGGGGTA	2.50576712104457
GCGGGTAC	0.396782585646741
GCGGGTTA	0.11908690969347
GCGGTAAA	0.214299304298167
GCGGTACA	0.392530927061784
GCGGTAGC	1.25288713134417
GCGGTATA	0.916991819844948
GCGGTCGA	0.488067076183588
GCGGTGAC	1.61698003295471
GCGGTGCA	0.103627631501578
GCGGTGCC	0.800898449160765
GCGGTGGA	0.0652865267035172
GCGGTGTA	1.13866130050315
GCGGTTGA	1.64428967869191
GCGTAACA	0.349462054094784
GCGTAAGA	0.46150730304116
GCGTAATA	0.893450581464962
GCGTACAA	0.352612709266781
GCGTACGA	0.285897853811322
GCGTACTA	0.0993735923686984
GCGTATAA	0.0377102595992859
GCGTATCC	1.5080568726053
GCGTATTA	0.690685031838758
GCGTCACC	0.210052406809045
GCGTCAGA	1.03474562270327
GCGTCCAA	1.57710823584415
GCGTCCAC	0.486364984420852
GCGTCCCC	1.17925916472929
GCGTCGCA	0.502940739587183
GCGTCGCC	1.57818067268207
GCGTCGTA	0.0297270921498682
GCGTCTAA	1.21225355889923
GCGTCTAC	0.0988236857991994
GCGTCTCA	1.63421758044278
GCGTGAAA	0.935486296634723
GCGTGACC	0.934569785685558
GCGTGAGA	1.49793240230192
GCGTGATA	1.79922168868942
GCGTGCAA	0.876386813975053
GCGTGCTA	0.481869319674103
GCGTGGCA	0.789906269140582
GCGTGGGA	0.971481371457714
GCGTGTAC	0.000790341909411805
GCGTGTCA	0.649872918299832
GCGTGTCC	0.915832493007951
GCGTGTTA	0.958490721458768
GCGTTAAA	0.629731102349478
GCGTTACC	0.283923189311758
GCGTTATA	0.731739961265516
GCGTTCGA	0.140188086455546
GCGTTCTA	0.693550021260369
GCGTTGAA	2.28506176229393
GCGTTGAC	0.440913182986024
GCGTTGGA	0.803684880501018
GCGTTGTA	0.0382887327438248
GCGTTTAA	0.457488938152355
GCGTTTAC	0.150993393464015
GCGTTTCC	0.463820005345353
GCGTTTGA	0.237978614457505
GCGTTTTA	0.260946140788793
GCTAAAAA	0.930383592168398
GCTAAACA	1.21919404635973
GCTAAAGA	0.597505625157665
GCTAAATA	1.2631199165779
GCTAACAA	0.578014889063406
GCTAACAC	0.630883287542715
GCTAACCA	0.312031508876085
GCTAACCC	0.290917239100453
GCTAACTA	0.622320456674801
GCTAAGCA	1.00788113942709
GCTAAGCC	0.210590410638948
GCTAATAA	1.84106100865579
GCTAATAC	0.502312274936328
GCTAATCA	0.941838788759001
GCTAATCC	0.428865229963361
GCTAATTA	0.857413847053375
GCTACAAC	0.560066748021248
GCTACACA	0.23889512540667
GCTACACC	0.755366899370618
GCTACAGA	1.59669657440312
GCTACCAC	0.475543013576946
GCTACCCC	1.65476885063535
GCTACCTA	0.730202127309256
GCTACGAA	1.47244982709325
GCTACTAA	1.83860428320244
GCTACTAC	0.00732494594956289
GCTACTCC	1.45989481736365
GCTACTGA	0.7132288206403
GCTACTTA	0.784778568921099
GCTAGAGA	0.502940739587183
GCTAGGAA	0.641596943456265
GCTAGGCC	0.689875645545991
GCTAGGTA	0.432328927186828
GCTAGTAC	1.85339462742884
GCTAGTCA	0.135523402806486
GCTATAAA	0.621772930653222
GCTATAAC	0.341737176094677
GCTATAGA	0.412265669317834
GCTATAGC	0.0190991359614347
GCTATATA	0.0317874563745495
GCTATCAA	0.838417074652498
GCTATCAC	0.0807458048954093
GCTATCCC	0.628386092774729
GCTATCGA	0.447128793604906
GCTATCTA	1.12832377116095
GCTATGAA	1.62715925586024
GCTATTAA	0.634056557919953
GCTATTAC	0.0640486417851611
GCTATTCC	0.344698577707045
GCTATTGA	3.24855996630223
GCTATTTA	0.388576836966816
GCTCAAAA	0.737567542573455
GCTCAAAC	0.986320516916469
GCTCAACC	0.294304758790483
GCTCACAA	1.56733608663292
GCTCACGA	0.621059956551209
GCTCAGAA	1.58167412675453
GCTCAGGA	0.370706063732055
GCTCATAA	1.91011832326444
GCTCATCA	0.488626504944767
GCTCATTA	0.281165324546542
GCTCCAAA	1.05836184834273
GCTCCAAC	0.716152133485948
GCTCCAGA	0.372477191384467
GCTCCATA	0.437694682198305
GCTCCCAA	0.114028245363663
GCTCCCCA	1.41566780783361
GCTCCCCC	1.8396338701778
GCTCCGAA	0.235118386131732
GCTCGCGA	1.52659896035347
GCTCGGAA	0.43121959185615
GCTCGGCC	0.153604854532155
GCTCGGGA	0.44232484790253
GCTCGTAA	0.302220080624181
GCTCGTCC	0.441377389830406
GCTCGTTA	0.0404919298437
GCTCTACA	0.985826553223087
GCTCTACC	0.22914083030484
GCTCTATA	0.740950301167647
GCTCTCAA	1.87577891951974
GCTCTCAC	0.78024600568159
GCTCTCCA	1.02464138705721
GCTCTCTA	0.450015207957797
GCTCTGAA	0.795917152638355
GCTCTGAC	0.0884087886495957
GCTCTGCC	0.140513031246614
GCTCTTAA	1.21057408234174
GCTCTTCC	0.805665496370383
GCTCTTGA	1.61234272560673
GCTCTTTA	0.897761753747921
GCTGAAAA	1.35380569931289
GCTGAATA	0.00743207060595899
GCTGACAA	1.09479494398298
GCTGACAC	0.360883923014509
GCTGACCA	0.144208831892274
GCTGACGA	0.433412076490389
GCTGAGAA	0.905250957503955
GCTGAGAC	1.36312911524121
GCTGAGGA	0.739815970083808
GCTGATAA	0.54035105014856
GCTGATGA	0.537011141416927
GCTGATTA	1.03944958539301
GCTGCAAC	0.526203453860539
GCTGCAGA	0.166935922883649
GCTGCCAA	0.31198746873957
GCTGCCCC	0.105558255864624
GCTGCGGA	0.358132009619094
GCTGCGTA	0.217252373992814
GCTGCTAA	0.629612074953483
GCTGCTCA	0.276357808022285
GCTGCTCC	0.569005705460508
GCTGCTGA	0.0633225746695924
GCTGGAAA	1.02639942169607
GCTGGAAC	0.167769114655616
GCTGGACC	0.202791735653325
GCTGGATA	0.887922949194935
GCTGGCAA	0.34142056322133
GCTGGCCC	0.0480882582561321
GCTGGGAA	1.00175598962916
GCTGGGAC	1.24008811545277
GCTGGGGA	2.64092153892347
GCTGGGTA	1.51770642359865
GCTGGTAC	0.909933495262416
GCTGGTCC	0.514457830423704
GCTGGTGA	1.14332717442618
GCTGGTTA	0.739879054603689
GCTGTAAC	0.630009626456108
GCTGTAGA	0.746243449467563
GCTGTATA	0.976415057021725
GCTGTCGA	0.565318236732568
GCTGTCTA	0.866071899838085
GCTGTGAA	0.907104214059602
GCTGTGTA	0.142568634375456
GCTGTTAA	0.631104678499265
GCTGTTCA	0.204693793441332
GCTGTTCC	0.64438575534444
GCTGTTGA	0.848479650709954
GCTGTTTA	0.762916807098613
GCTTAAAA	0.692765630720761
GCTTAAAC	0.138150337436104
GCTTACCA	0.2029024311316
GCTTAGAA	0.325947001741917
GCTTAGCA	0.798616693979531
GCTTAGGA	0.328313266374308
GCTTAGTA	0.306471739209139
GCTTATAA	4.40810105261091
GCTTATAC	0.12118893350675
GCTTATCA	0.715641505957128
GCTTATCC	0.794179352656821
GCTTATGA	0.677509889376022
GCTTCAAA	1.08689271516284
GCTTCAAC	1.47098459984855
GCTTCACA	0.848824830158341
GCTTCAGA	0.559585877341428
GCTTCCAA	0.0924295340863229
GCTTCCAC	0.0283713701094818
GCTTCCGA	1.03238292889276
GCTTCGAA	0.0662339847756415
GCTTCGGA	0.962354350732783
GCTTCTAA	1.20246712640048
GCTTCTAC	0.6102498884469
GCTTCTCA	0.182233323816987
GCTTCTCC	0.0467230140240631
GCTTCTTA	0.0678670406486981
GCTTGAAA	0.673439152432975
GCTTGAGA	0.478256838205644
GCTTGATA	0.24731274285147
GCTTGCGA	0.9891700327766
GCTTGGAA	0.656564638502698
GCTTGGCC	0.097958356630313
GCTTGGGA	1.24746186263469
GCTTTAGA	1.12541355132886
GCTTTATA	2.16854108325812
GCTTTCAA	1.54060015294442
GCTTTGAA	0.0822193640578314
GCTTTGCA	0.129966013687453
GCTTTGGA	1.27166013224057
GCTTTGTA	0.510196649647067
GCTTTTAA	2.26298337061073
GCTTTTAC	0.753130374599862
GCTTTTCA	1.55835665987902
GCTTTTCC	1.46849335645036
GCTTTTTA	0.8367792576836
GGAAAAAA	0.0214796838813419
GGAAAAAC	1.12882963759393
GGAAAACA	0.778839101860925
GGAAAAGA	0.0541265180549822
GGAAAATA	1.6224671959101
GGAAACAC	1.49563755410713
GGAAACCA	2.2821408299962
GGAAACGA	0.262054285845511
GGAAACTA	0.471735327179052
GGAAAGAA	1.23359993209706
GGAAAGAC	0.846265741144439
GGAAAGCA	1.04454395794162
GGAAAGGA	1.76743780313675
GGAAATAA	3.27000156141685
GGAAATAC	0.900458914541178
GGAAATCA	0.54875200375792
GGAAATCC	0.534735337605493
GGAAATGA	1.38353874283255
GGAACAAA	1.25749825266503
GGAACACA	0.3768931077759
GGAACAGA	2.17369496950473
GGAACATA	0.318012635524858
GGAACCAA	0.0462088156733618
GGAACCAC	0.0939459431113061
GGAACCGA	0.109719453628626
GGAACCTA	0.797663284537608
GGAACGCA	0.984637469537093
GGAACTAA	0.422015203323822
GGAACTAC	1.42902387193826
GGAACTGA	0.363135921346743
GGAACTTA	2.33137532207577
GGAAGAAA	0.593344427393663
GGAAGAAC	0.742347682796632
GGAAGAGA	1.65093973930618
GGAAGCAC	0.348826447800166
GGAAGGAA	0.079546008743773
GGAAGGTA	1.73153914050451
GGAAGTAA	0.315703504042547
GGAAGTCA	0.499198518257086
GGAAGTGA	1.65181935176258
GGAAGTTA	0.306770497973085
GGAATAAA	0.935543429784803
GGAATAAC	2.01052507343038
GGAATACA	1.87126540066359
GGAATACC	0.347644505757932
GGAATAGA	0.819183437733589
GGAATATA	1.41157207513741
GGAATCAC	0.258687000812797
GGAATCGA	0.549968463744994
GGAATGAC	0.145139626128957
GGAATGCA	1.30940610005866
GGAATTAA	1.36403253317682
GGAATTAC	0.18212143806475
GGAATTGA	2.07076245799576
GGACAAAA	0.718735027979051
GGACAAAC	1.3333972619955
GGACAACA	0.0853319304631138
GGACAAGA	0.391557282962542
GGACAATA	0.513390154681625
GGACACAA	0.592692157263606
GGACACAC	0.586909806366147
GGACACCA	0.896444120474249
GGACAGAC	1.85249954141095
GGACAGCA	0.895785898974395
GGACAGGA	0.213770822659947
GGACAGTA	0.488925263708716
GGACATAA	0.304449463751177
GGACATAC	0.628945521535908
GGACATTA	0.805565513357748
GGACCAAA	0.225903285133764
GGACCACC	0.0440282337787255
GGACCAGA	0.2423778670135
GGACCATA	1.16656489294637
GGACCCAC	0.700666669266938
GGACCCCC	0.00205203230696373
GGACCCGA	0.737962713528161
GGACCTCC	0.245620173280415
GGACCTGA	2.1871188792251
GGACGACA	0.177391289347892
GGACGATA	1.50478599976334
GGACGCAC	0.435699783041421
GGACGCGA	0.0837357730828147
GGACGGCA	0.182304740254583
GGACGTAA	0.153293002754646
GGACGTAC	0.210568985707668
GGACGTTA	0.37345559657955
GGACTAAC	0.0737850827775932
GGACTAGA	0.159197951869983
GGACTATA	1.43939591922531
GGACTCAC	0.923712106622851
GGACTCCA	1.57272088602776
GGACTGAA	1.12637886351038
GGACTTAA	0.116613520404682
GGACTTGA	0.402176907233257
GGAGAACA	2.24328314629952
GGAGAAGA	1.83674507527699
GGAGAATA	2.5072049719882
GGAGACAA	0.145118201197678
GGAGACAC	0.328956014312685
GGAGACGA	0.288885441450808
GGAGAGAA	0.352091369272322
GGAGAGTA	0.176643797301038
GGAGATAA	0.188068046768685
GGAGATAC	0.650877509522033
GGAGATCA	0.389594521202576
GGAGATGA	0.236359841871967
GGAGATTA	0.0111219198818179
GGAGCAAA	0.0703285271978863
GGAGCACA	1.24378629664635
GGAGCGCA	0.624831934730303
GGAGCTAA	0.19893048692723
GGAGGAAA	0.398410880423962
GGAGGCAC	0.165379044544026
GGAGGCTA	0.636885839122767
GGAGGGAA	0.00205203230696373
GGAGGGCA	1.74650088418115
GGAGGGTA	0.754989582525312
GGAGGTAC	0.524465653879003
GGAGGTCA	0.0325087623942823
GGAGGTGA	0.475339476729794
GGAGTAAA	1.34955880182377
GGAGTAAC	0.141928266984999
GGAGTACC	0.508976618838114
GGAGTATA	2.43235935511229
GGAGTCAA	0.854871421874911
GGAGTCGA	0.726526561320915
GGAGTGCA	2.2264098226432
GGAGTGTA	1.44686845914591
GGAGTTAA	1.23433552140431
GGAGTTAC	0.947573528698063
GGAGTTGA	0.878096047381547
GGAGTTTA	0.613519571014894
GGATAAAC	0.940299764528781
GGATAACA	1.26168563645615
GGATAATA	2.58274570885672
GGATACAA	0.100547202493214
GGATACGA	1.42145372955295
GGATACTA	0.000627274376895642
GGATAGTA	0.655854044948602
GGATATAA	1.27147444950282
GGATATAC	1.50485741620094
GGATATGA	2.59637553597216
GGATATTA	0.201777622239444
GGATCAGA	0.505570054764723
GGATCCAC	0.295744990282027
GGATCGTA	0.98341624845418
GGATCTAA	0.992707526985587
GGATCTCA	0.54478601092335
GGATCTGA	0.110812125123863
GGATCTTA	1.02986668974141
GGATGAAC	0.0358177240029566
GGATGACC	0.847379837570956
GGATGAGA	0.410837340565887
GGATGATA	1.26107026481886
GGATGCAA	0.251099004318086
GGATGCAC	0.247091351894917
GGATGTAA	1.0098367595433
GGATGTAC	0.0118694119286686
GGATGTCA	0.724892315173896
GGATGTGA	0.266420210730622
GGATGTTA	0.0690596951565738
GGATTAAC	0.505733122297237
GGATTACA	0.602516678529072
GGATTAGA	0.464786507800835
GGATTATA	0.820020200327439
GGATTCAA	0.582912866408619
GGATTCAC	0.49646922006691
GGATTCGA	0.798802376717283
GGATTGCA	0.0472086457997245
GGATTGGA	0.750681981064235
GGATTTAC	1.20630933074322
GGATTTCA	0.449526005360257
GGATTTGA	1.00637782341566
GGCAAAAC	0.238130969524379
GGCAAACA	0.253197457309487
GGCAAAGA	0.147286880352715
GGCAAATA	1.14705749301667
GGCAACCA	0.472988685658883
GGCAACCC	0.687376070230086
GGCAACTA	0.346267358786264
GGCAAGAA	0.80809365524869
GGCAATAA	2.3526086192474
GGCAATCA	2.33095277481998
GGCAATGA	2.05251555818966
GGCAATTA	0.541434199452118
GGCACACA	1.88195406082399
GGCACATA	0.356613220046189
GGCACCAA	0.154430904660364
GGCACCAC	0.765558025015752
GGCACCCC	1.50889125465122
GGCACGAA	0.612279305548622
GGCACGAC	0.068575253654872
GGCACGCC	0.244353721787021
GGCACGGA	0.00634654075447944
GGCACTAA	0.0583019991065026
GGCACTAC	0.327125372962274
GGCAGAAC	0.0155259335336491
GGCAGACA	0.418726476372468
GGCAGACC	0.531771555445206
GGCAGAGA	0.29039827965391
GGCAGCAA	2.01327222572995
GGCAGCAC	0.101412531662103
GGCAGGGA	0.404571738440686
GGCAGTAC	0.736147545739228
GGCAGTCA	1.18825049422278
GGCAGTTA	0.392111950627879
GGCATAAC	0.225168886100472
GGCATACA	1.61620635488074
GGCATATA	0.528003148087991
GGCATCAA	1.02797534441904
GGCATCCC	0.352052090231645
GGCATCTA	0.438615954243312
GGCATGAA	0.846041969639967
GGCATGCA	0.475504924810226
GGCATTAC	0.0372472430288634
GGCATTCA	0.532219098454147
GGCCAACA	0.861779771938489
GGCCAACC	1.4333683718921
GGCCAAGA	0.224868937062563
GGCCAATA	0.493289998319871
GGCCAGAA	0.242987287280995
GGCCAGAC	0.0713235962284077
GGCCAGGA	1.09299882057741
GGCCATAA	0.532357170233505
GGCCATCA	0.29778988094523
GGCCATTA	0.221909915998117
GGCCCACA	0.0684169472181972
GGCCCAGA	0.00657150253291125
GGCCCATA	0.457874586915378
GGCCCCAA	0.631676010000043
GGCCCCCA	0.724430488877434
GGCCCCTA	0.115886263015151
GGCCCGAA	0.320931187274668
GGCCCGCC	0.0268859082074577
GGCCCTGA	1.04074222291352
GGCCGATA	0.357196454286569
GGCCGCAA	1.11876468098855
GGCCGGCC	0.186598058428139
GGCCGTAA	0.33880077023547
GGCCGTTA	0.163022302103318
GGCCTGGA	0.415555586543149
GGCCTGTA	0.0614943138671008
GGCCTTGA	1.01432409237232
GGCGAAAA	0.332084054279445
GGCGAAAC	0.5755926815549
GGCGAACA	1.78752248593702
GGCGAACC	1.71450155904172
GGCGAATA	0.351449811607908
GGCGACCC	0.205650773705136
GGCGACGA	0.0364188123527344
GGCGAGAC	0.0497225044031484
GGCGATCA	1.33681572880849
GGCGATGA	0.222776435440963
GGCGCATA	2.04189355337102
GGCGCCGA	1.163752275579
GGCGCTAC	0.0521923228700542
GGCGCTGA	1.13072693428609
GGCGGAAA	0.524779886204431
GGCGGAGA	1.35376880082013
GGCGGCAC	0.338887660234546
GGCGGGAC	0.155716400537115
GGCGGGGA	0.649224218991657
GGCGGTAC	0.354139830757404
GGCGGTGA	0.339685143787716
GGCGTACC	0.248948179272446
GGCGTAGA	0.415603197501546
GGCGTATA	0.646373512857564
GGCGTGCA	1.29980177947578
GGCGTTAA	0.205650773705136
GGCGTTAC	0.0250219391861683
GGCGTTGA	0.969099633263845
GGCGTTTA	0.155117692735256
GGCTAACA	0.549257870190901
GGCTAATA	1.20876605619656
GGCTACAA	0.560066748021248
GGCTACAC	0.154066680828618
GGCTAGTA	0.599507665958309
GGCTATAA	0.621772930653222
GGCTATCA	0.324523434085811
GGCTCAAA	0.28882354720489
GGCTCACC	0.253854488535382
GGCTCATA	0.268909073580888
GGCTCCAA	0.624551030075754
GGCTCTAC	0.0150664877851082
GGCTCTCA	0.470586712807694
GGCTCTTA	1.47962717907178
GGCTGAAC	0.214406428954563
GGCTGACA	1.1242351801085
GGCTGATA	0.304897006760119
GGCTGCAC	0.0732911190842115
GGCTGGGA	1.99583471221661
GGCTGTAA	0.42204376989886
GGCTGTCA	1.38384702378818
GGCTGTTA	0.498919994150456
GGCTTAAA	0.656258738094988
GGCTTAAC	0.0313625285708468
GGCTTACC	0.306643138659372
GGCTTATA	1.28017416187613
GGCTTCAA	1.60978958796263
GGCTTTAA	0.913569782210076
GGCTTTCA	1.02314045159371
GGCTTTTA	0.832632343207117
GGGAAAAC	0.979888276436872
GGGAAACA	1.48370981875442
GGGAAAGA	1.32825289794058
GGGAAATA	2.85486495130761
GGGAACAA	0.340487388436724
GGGAACAC	0.3768931077759
GGGAACCA	0.388167382724592
GGGAACGA	0.499198518257086
GGGAAGAA	0.646802011483148
GGGAATAA	1.480215174408
GGGAATAC	0.654063872912833
GGGAATCA	0.0930699014767802
GGGAATGA	1.16756591334669
GGGAATTA	1.36403253317682
GGGACAAA	0.400134397117974
GGGACACA	2.00876584851756
GGGACACC	0.926937749054328
GGGACAGA	0.134627126514637
GGGACATA	0.529246984376142
GGGACCAA	0.135436512807406
GGGACCAC	0.139173973041665
GGGACGAC	0.30799528987788
GGGACGCA	1.25486893748749
GGGACGTA	1.88264203917284
GGGACTAA	0.569005705460508
GGGACTAC	0.11276060359631
GGGACTCA	0.988386832510951
GGGACTGA	0.54898291690615
GGGACTTA	0.0378626146661597
GGGAGAAA	1.09720643902585
GGGAGAAC	1.31015597265343
GGGAGACA	1.26770128104976
GGGAGACC	0.658452413003186
GGGAGAGA	0.726252798310124
GGGAGATA	1.52297219559749
GGGAGCAC	1.22492283492899
GGGAGCGA	0.808705456064108
GGGAGCTA	0.202520353190453
GGGAGGCA	1.09597331520334
GGGAGGGA	0.210726101870381
GGGAGTAC	2.13771655851718
GGGAGTCA	1.18427497919654
GGGAGTGA	0.813248731769256
GGGAGTTA	0.326604032967812
GGGATAAC	1.20149110175332
GGGATACA	2.28938245676856
GGGATATA	3.84869847745931
GGGATCAC	0.212568645960391
GGGATGAA	0.206626798352297
GGGATGAC	0.116351660133493
GGGATGCA	1.36216856415553
GGGATGTA	0.935143497734256
GGGATTAA	0.801844716958927
GGGATTGA	0.893645786394397
GGGATTTA	1.29020460053667
GGGCAAAC	0.931439365170878
GGGCAATA	0.0292259868127285
GGGCACAA	0.468777496388562
GGGCACAC	1.64950664945839
GGGCACCA	0.433395412654948
GGGCACGA	0.474492001670305
GGGCAGAA	0.649170656663459
GGGCAGCA	0.343670181005643
GGGCATGA	2.92687652588487
GGGCATTA	0.565600331661079
GGGCCAAA	0.672242927103221
GGGCCATA	0.391902462410928
GGGCCCCC	0.557017266135846
GGGCCGAA	0.304931524704957
GGGCGAAC	1.93494862834305
GGGCGACA	1.00906189119536
GGGCGATA	1.18031850855365
GGGCGCAA	0.956694598053196
GGGCGCTA	1.36593459096482
GGGCGGAA	0.301589235425404
GGGCGGAC	0.655864757414244
GGGCGGCA	0.160563196102052
GGGCGGTA	1.39499989079296
GGGCTAAA	0.477617661089146
GGGCTAAC	0.687628408309595
GGGCTACA	1.41879941862225
GGGCTAGA	0.248800585301414
GGGCTATA	0.513396106051423
GGGCTCTA	0.159649065700806
GGGCTGAA	0.393921167047011
GGGCTGCA	0.331798388529055
GGGCTTGA	0.29778988094523
GGGGAAAA	1.61714191021327
GGGGAAAC	3.71376545053697
GGGGAACA	0.3768931077759
GGGGAACC	0.680312984551712
GGGGAAGA	3.57116943986043
GGGGAATA	2.67356361200127
GGGGACAA	1.74166480108185
GGGGACAC	1.28107043816797
GGGGACCA	0.165899194264529
GGGGACGA	0.217483287141047
GGGGACTA	1.43939591922531
GGGGAGAA	1.39162546411649
GGGGAGAC	1.29594410157157
GGGGAGCA	1.90567622084589
GGGGAGGA	0.0185706543232148
GGGGAGTA	1.22442291986581
GGGGATAA	2.71480184361786
GGGGATAC	1.27543806178947
GGGGATCA	0.117444331628731
GGGGATGA	3.29712314386838
GGGGATTA	1.06167438077328
GGGGCAAA	1.43037245233489
GGGGCAAC	0.48439270046921
GGGGCACA	2.90265326052583
GGGGCACC	0.325858921468881
GGGGCAGA	0.29459280508879
GGGGCCAA	0.486036468807906
GGGGCCCC	1.18247409469513
GGGGCCGA	1.78197580928363
GGGGCCTA	0.209564394485467
GGGGCGAA	1.87393280460785
GGGGCGAC	0.467805042563277
GGGGCGCA	0.956694598053196
GGGGCGGA	1.53411554041058
GGGGCGTA	1.18898965435192
GGGGCTAA	0.236343178036526
GGGGCTAC	0.96130095827822
GGGGCTGA	1.80972704665998
GGGGGAAA	4.11780632679151
GGGGGAAC	1.02003383655823
GGGGGACA	1.43352072695897
GGGGGAGA	2.29878800160013
GGGGGATA	4.12301615591423
GGGGGCAA	0.466392187372814
GGGGGCAC	0.0571688582966259
GGGGGCCA	0.304458985942854
GGGGGCGA	0.141529525208414
GGGGGGAA	1.65181935176258
GGGGGGCA	0.105558255864624
GGGGGGGA	0.312918262976254
GGGGGGTA	1.72435226633431
GGGGGTAA	1.65044458533884
GGGGGTAC	0.857762597323641
GGGGGTGA	0.264657414995931
GGGGGTTA	2.0741023667274
GGGGTAAA	1.43050933384029
GGGGTAAC	1.14367949551832
GGGGTACA	1.33521362005839
GGGGTAGA	1.53140528660377
GGGGTATA	2.93999334492357
GGGGTCCA	0.143838656690726
GGGGTCGA	0.227392317857667
GGGGTCTA	1.13008656689564
GGGGTGAA	0.18365689147309
GGGGTGGA	1.2273569451771
GGGGTGTA	0.339685143787716
GGGGTTAA	0.790277634616089
GGGGTTAC	0.280957026603548
GGGGTTCA	1.38711670635618
GGGGTTGA	1.18109099635366
GGGGTTTA	0.83340721155505
GGGTAAAA	0.144344523123707
GGGTAACA	0.266357126210744
GGGTAACC	0.239980655258149
GGGTAATA	0.23498626572218
GGGTACAC	2.17226426020486
GGGTACCA	0.0726471808718752
GGGTACGA	0.204885427548882
GGGTACTA	1.67760544683104
GGGTAGAC	0.990572175501429
GGGTAGCA	0.544078988191136
GGGTAGTA	0.651858295265036
GGGTATAA	1.48375742971282
GGGTATAC	2.55375182546619
GGGTATCA	1.04749226654042
GGGTATGA	0.732665994406361
GGGTATTA	1.19150589350326
GGGTCACA	2.36501484473201
GGGTCACC	0.92774594507314
GGGTCATA	2.64843573843266
GGGTCCAA	1.96951299386618
GGGTCCAC	0.67646006774334
GGGTCGAC	0.128631716578346
GGGTCGGA	0.439860980805423
GGGTCTAC	1.66062499851833
GGGTCTGA	0.335835797801223
GGGTCTTA	0.734496635756771
GGGTGAAA	0.395375681826076
GGGTGAAC	0.685228816006325
GGGTGACA	0.38102097786902
GGGTGATA	1.30186928534422
GGGTGCAC	0.290681564856378
GGGTGCTA	0.525453581265766
GGGTGGCA	1.81768997945207
GGGTGGTA	0.0723258069026869
GGGTGTAA	0.789301609968925
GGGTGTGA	0.273960596266934
GGGTTAAA	1.37057189831281
GGGTTACA	0.4299698041982
GGGTTATA	0.887268298516959
GGGTTCAA	1.2168051665221
GGGTTCAC	1.80056788853813
GGGTTCGA	0.0350440459289881
GGGTTCTA	0.130930135595018
GGGTTGAA	0.603746231529708
GGGTTGCA	0.140252361249384
GGGTTTCA	0.624579596650794
GGGTTTGA	0.256940868913544
GGTAAAAA	0.0150379212100683
GGTAAAAC	0.12352306074222
GGTAAACA	1.17521699436128
GGTAAAGA	2.05551742911666
GGTAAATA	2.16374904029535
GGTAACCA	0.296468676849679
GGTAAGAC	0.310225863278835
GGTAAGCA	0.0206214963562162
GGTAAGGA	0.750168972987493
GGTAATAC	0.521892281577583
GGTAATCA	4.28104168793366
GGTAATGA	1.49051937607932
GGTAATTA	0.191581735498471
GGTACACA	2.50198919149567
GGTACACC	0.667191404417172
GGTACAGA	0.261288939689257
GGTACATA	2.27500870842815
GGTACCCA	0.467393207773136
GGTACCTA	0.283923189311758
GGTACGAC	0.0219879308622422
GGTACTAA	0.045556545543308
GGTACTAC	0.356451342787638
GGTACTGA	0.420545214983279
GGTACTTA	0.50008884317913
GGTAGACA	1.04216698084358
GGTAGAGA	1.99231388184307
GGTAGATA	1.00036574964394
GGTAGGTA	0.647480467640325
GGTAGTAA	1.11663528087419
GGTAGTAC	0.581489298752513
GGTAGTCA	0.626974427858223
GGTAGTGA	0.709603246158281
GGTAGTTA	0.964225461397828
GGTATAAA	2.19043022138169
GGTATACA	2.34443381769043
GGTATACC	1.29849604894171
GGTATATA	0.168211896568719
GGTATCTA	0.0448233367839759
GGTATGCA	1.05966281778096
GGTATGTA	0.436728179742824
GGTATTAA	0.116350469859533
GGTATTAC	0.671838233956835
GGTATTGA	0.355689567453266
GGTATTTA	1.12068102206408
GGTCAAAC	1.16244059367513
GGTCAACA	1.25231699011735
GGTCAACC	0.590830568790239
GGTCAATA	0.530620560525929
GGTCACAA	0.266911793876085
GGTCACAC	0.383232506886619
GGTCAGAA	0.471496082113098
GGTCATAA	1.67279435948491
GGTCATAC	0.944757340508811
GGTCATCA	0.592894503836799
GGTCATGA	1.42415327089413
GGTCATTA	0.301077417622625
GGTCCAAA	0.794279335669457
GGTCCACA	0.193654002462749
GGTCCATA	0.709477077118522
GGTCGACA	0.484551006905882
GGTCGACC	0.0167816725614027
GGTCGAGA	0.454139507229039
GGTCGCGA	0.696143628219112
GGTCGGTA	0.212704337191827
GGTCGTCA	0.0327408658164748
GGTCGTGA	1.21493048503517
GGTCGTTA	1.2294434954289
GGTCTACA	0.633182896833347
GGTCTAGA	0.468986984605516
GGTCTATA	1.53963126994102
GGTCTCGA	0.211014148168691
GGTCTGCA	0.0344060590864502
GGTCTTAC	1.08271009246756
GGTCTTGA	0.129104255340448
GGTCTTTA	0.688799637886192
GGTGAACA	0.651135798971343
GGTGAACC	0.359772207135911
GGTGAAGA	0.0168269029718804
GGTGAATA	1.47792984840488
GGTGACAC	1.07821918881665
GGTGAGAC	0.619911342179852
GGTGAGCA	1.41624628097815
GGTGAGTA	1.12147136397349
GGTGATAA	1.92076175301435
GGTGATCA	0.496090712947642
GGTGATGA	2.43215819881305
GGTGATTA	1.14301175182679
GGTGCAAC	0.189369016206916
GGTGCACA	0.300808415707675
GGTGCAGA	1.53798155023252
GGTGCCAC	0.222776435440963
GGTGCCCA	0.36506654570979
GGTGCCTA	0.534374684595628
GGTGCGAA	0.326515952694778
GGTGCGTA	0.0216272778523771
GGTGCTAA	0.818952524585357
GGTGCTCA	1.12230217519754
GGTGGAAA	0.612400713492539
GGTGGACA	0.260520022711128
GGTGGATA	2.90398517708702
GGTGGCAA	0.233381776424161
GGTGGCCA	0.371003632222042
GGTGGGCA	1.79935618964689
GGTGGGTA	1.34098644876417
GGTGGTAC	0.576468723189426
GGTGGTGA	0.303317513215258
GGTGTAAA	0.275636502002552
GGTGTAAC	0.747270655895006
GGTGTACA	0.017413708034137
GGTGTAGA	1.29317790488863
GGTGTATA	1.3900971523519
GGTGTCGA	1.28067645748723
GGTGTGCA	0.580727523418144
GGTGTTGA	3.06281771485129
GGTGTTTA	0.155259335336493
GGTTAAGA	0.690851670193153
GGTTAATA	0.845891995121012
GGTTACAA	0.152868074950944
GGTTACAC	1.0754030006274
GGTTACGA	0.579987173015051
GGTTACTA	1.5173541025065
GGTTAGGA	0.209550111197946
GGTTATAA	0.223077574752832
GGTTCACA	1.48943741704972
GGTTCAGA	0.140436853713177
GGTTCATA	0.609015574350428
GGTTCGAC	0.231691587401024
GGTTCGTA	1.37739692919919
GGTTCTAC	0.130301670944163
GGTTCTCA	0.357534492091195
GGTTCTGA	0.290850583758693
GGTTCTTA	0.756192949498825
GGTTGAAA	0.875948793157789
GGTTGACA	1.31829030489576
GGTTGAGA	0.920176992961785
GGTTGATA	0.330596211829502
GGTTGCGA	0.951707350160987
GGTTGCTA	0.369543166073179
GGTTGTAA	1.03357201257875
GGTTGTAC	0.184392480780344
GGTTGTTA	0.382246960047775
GGTTTACA	0.33352190522307
GGTTTAGA	0.210826084883019
GGTTTCAA	0.480599297358834
GGTTTCGA	0.0933793727063665
GGTTTCTA	0.809607683725754
GGTTTGAA	0.222727634208607
GGTTTGAC	0.611353272407777
GGTTTGGA	0.492647250381494
GGTTTGTA	1.53088513688327
GGTTTTGA	1.79093976247605
GGTTTTTA	1.38358635379095
GTAAAAAA	1.65071596780171
GTAAAAAC	1.09931441420893
GTAAAACA	1.55663909455481
GTAAAAGA	2.14832547032225
GTAAAATA	1.68148812048842
GTAAACAA	0.301254768442657
GTAAACAC	1.06079833913875
GTAAACCA	0.0331527006066186
GTAAACGA	0.876729612875518
GTAAAGAA	0.973508408011517
GTAAAGAC	1.76413360262391
GTAAAGTA	1.91417001582412
GTAAATAA	0.378866582001505
GTAAATCA	1.30222755780617
GTAAATGA	1.5674289280018
GTAAATTA	0.0121931664457762
GTAACAAA	1.32962647409037
GTAACATA	0.922324247185543
GTAACCAA	0.677863400742126
GTAACCAC	1.34340032435496
GTAACCCA	0.316767608962747
GTAACCGA	1.0033866649543
GTAACCTA	1.3324045735129
GTAACGTA	0.440769159836868
GTAACTAA	0.10354431232438
GTAACTGA	1.95563916058895
GTAACTTA	1.69256004886392
GTAAGAAC	1.33689190634193
GTAAGACA	0.491766447651127
GTAAGATA	0.289216337611674
GTAAGCCA	1.25432855310967
GTAAGCGA	0.698321829565829
GTAAGCTA	0.31198746873957
GTAAGGAA	0.421725966751553
GTAAGTCA	1.53411554041058
GTAAGTGA	1.59335785594545
GTAATAAA	1.83956840511
GTAATACA	0.780938745126285
GTAATATA	2.68031722645005
GTAATCAA	2.48805346397253
GTAATCAC	1.1426963292274
GTAATCCA	1.03134858082156
GTAATCGA	1.31007741457207
GTAATCTA	1.4958256173928
GTAATGAA	0.742042972662884
GTAATGGA	0.84595626991485
GTAATGTA	0.623796396385143
GTAATTAA	0.57817438577404
GTAATTAC	0.760851681778087
GTAATTCA	0.590513955916889
GTAATTGA	1.84367723081976
GTAATTTA	0.200646861977487
GTACAAAC	1.16926086346567
GTACAACA	1.20759958771581
GTACAAGA	1.02656725032442
GTACAATA	2.19715288870751
GTACACAC	0.464452040818087
GTACACCA	0.0320885956864209
GTACACTA	0.0208488386825673
GTACATAC	0.0264466971162337
GTACATCA	0.189160718263922
GTACATTA	1.63078721089018
GTACCATA	1.51089805654771
GTACCCAA	1.63385097606311
GTACCCTA	0.045920769375052
GTACCGCA	0.900078026873991
GTACCTAA	0.319912312764948
GTACGAAC	0.521397127610241
GTACGACA	2.55203068932009
GTACGATA	0.307347780843665
GTACGCAA	0.151041004422414
GTACGCAC	0.311768458330939
GTACGCCA	0.204693793441332
GTACGGAA	0.0702237830894095
GTACGGTA	0.615644210033413
GTACGTAC	2.00921339152651
GTACGTTA	0.170687666405426
GTACTATA	1.0291299101602
GTACTCAC	1.49240596030585
GTACTCCA	0.615464478665462
GTACTCTA	0.00263883736922025
GTACTGAC	0.116351660133493
GTACTTTA	0.177391289347892
GTAGAAAA	1.29102827011695
GTAGAAAC	0.433983407991167
GTAGAATA	0.0202917904693076
GTAGACAA	0.558876474061294
GTAGACAC	0.990572175501429
GTAGACCA	0.14483253544729
GTAGACGA	0.412277572057434
GTAGAGAC	0.496250209658279
GTAGAGCA	1.25620799569244
GTAGAGGA	0.0784652399881348
GTAGATAA	0.632218774925784
GTAGATCA	1.08665942146669
GTAGATGA	2.4392665149019
GTAGATTA	1.64962686712835
GTAGCAAC	0.187703822936938
GTAGCACA	0.378470220772839
GTAGCAGA	0.807305693887201
GTAGCCCA	0.98973422263362
GTAGCGAC	0.12594050715489
GTAGCGGA	0.124421717581987
GTAGCTTA	2.37025085988185
GTAGGAGA	0.638229658423554
GTAGGCAA	0.0795745753188129
GTAGGCGA	0.846008641969088
GTAGGCTA	0.0489345430416586
GTAGGGGA	0.629106208520502
GTAGGTAA	0.674343760642541
GTAGGTCA	1.03970787484232
GTAGGTGA	1.17440760806851
GTAGGTTA	1.04515813930495
GTAGTAAA	0.245524951363618
GTAGTACA	1.08782231912557
GTAGTAGA	0.534349688842467
GTAGTATA	1.344409676673
GTAGTCAA	0.594310929849147
GTAGTCAC	0.582184418745128
GTAGTGAA	0.066710094359623
GTAGTGTA	0.301847524874714
GTAGTTCA	0.648113693387019
GTAGTTGA	0.180376496439456
GTAGTTTA	0.582001116555295
GTATAAAA	1.42690280374162
GTATAAAC	0.607605099707881
GTATAAGA	1.1000285785849
GTATAATA	1.93788027310642
GTATACAC	0.304617292379529
GTATACGA	1.00192024743564
GTATAGAC	0.840460775041741
GTATAGTA	0.479772056956665
GTATATAA	1.49231788003281
GTATATCA	1.08705578269536
GTATATGA	0.0843166267752729
GTATATTA	0.541322313699883
GTATCAAC	0.806680800058224
GTATCACA	0.35505396115865
GTATCAGA	1.13325983727288
GTATCCAC	1.8605886432428
GTATCGAC	0.358534322217555
GTATCGCA	0.536252936904436
GTATCGGA	1.15662848592867
GTATCTGA	0.251293018973558
GTATCTTA	1.05840826902717
GTATGACA	0.398869135898543
GTATGATA	2.95294114505996
GTATGCAC	1.47637535061318
GTATGCCA	0.635632480642933
GTATGCTA	0.251638198421945
GTATGGTA	0.609430979962451
GTATGTGA	1.29943398482215
GTATGTTA	1.32097318240149
GTATTAAA	0.359305619743607
GTATTAAC	0.0315351182950429
GTATTACA	1.39628538666971
GTATTAGA	1.36885433298859
GTATTATA	3.46725019123866
GTATTCAA	0.891547333402996
GTATTCCA	0.953216617542207
GTATTGAA	0.319764718793913
GTATTGGA	0.33612384409953
GTATTGTA	1.32637702617969
GTATTTAA	1.19416377525584
GTATTTGA	1.97122698836851
GTATTTTA	0.92452149291562
GTCAAACA	0.797647810976127
GTCAAATA	0.83992872258164
GTCAACAA	0.184053252701756
GTCAACAC	0.543355301623484
GTCAACGA	0.0141356935484218
GTCAAGAC	0.345857904544042
GTCAAGCA	0.0304472078956413
GTCAATAA	0.47462174153194
GTCAATCA	1.0716845847765
GTCAATGA	0.811283589461369
GTCAATTA	2.9044969948898
GTCACAAC	1.01499897770762
GTCACACA	1.45082016869295
GTCACATA	0.176643797301038
GTCACCAC	0.261469861331171
GTCACCCA	0.764512964478909
GTCACGGA	0.518014369016049
GTCACTAA	0.915289728082212
GTCACTCA	1.0943604939876
GTCACTGA	0.990812610841339
GTCAGAAA	1.63221315909421
GTCAGAAC	0.335896501773179
GTCAGAGA	1.27596178233185
GTCAGATA	0.48726364126062
GTCAGCAC	1.50586676851898
GTCAGCTA	0.370181152915714
GTCAGTAA	0.150150679500367
GTCAGTTA	1.06359310239673
GTCATAAA	0.451520904517141
GTCATAAC	0.237178750356416
GTCATAGA	0.24680330559661
GTCATATA	2.36498032678717
GTCATCAA	0.641859994001417
GTCATCAC	0.222557425032332
GTCATCCA	0.471410382387982
GTCATCTA	0.200085052668386
GTCATGGA	0.343670181005643
GTCATTAA	1.1310506888032
GTCATTCA	0.428258190243785
GTCATTGA	1.3307250969554
GTCATTTA	1.4274146215444
GTCCAAAA	0.017413708034137
GTCCAAAC	0.856030748711906
GTCCAACA	2.11159123537013
GTCCAATA	1.47577188171549
GTCCACAC	0.309440282465268
GTCCACCA	0.277371921436166
GTCCAGAC	1.34653550596548
GTCCATGA	1.74803038621968
GTCCCAAC	0.526332003448212
GTCCCACA	0.575030872245799
GTCCCAGA	0.171566088587871
GTCCCATA	1.1627179275078
GTCCCCAA	1.12466367873409
GTCCCCAC	1.07031338917463
GTCCCCCA	1.99587875235313
GTCCCCTA	0.212815032670102
GTCCCGAC	0.19026053140292
GTCCCGCA	1.12954142142198
GTCCCTAA	0.0507842287754294
GTCCCTGA	0.637390515281786
GTCCGAAC	0.391506101182263
GTCCGATA	0.599798092804538
GTCCGCAA	0.798288178366585
GTCCGCAC	0.180979965337156
GTCCGCCA	0.0138952582085118
GTCCGCGA	0.0265442995809499
GTCCGCTA	0.0314208519948862
GTCCGGGA	0.857218642123942
GTCCGTGA	0.526808113032193
GTCCTAAC	1.35174652536216
GTCCTATA	1.71694638175547
GTCCTCAA	0.0584722082827739
GTCCTTCA	0.403976601460709
GTCCTTTA	0.561005874175655
GTCGAAAA	1.25194800518976
GTCGAAAC	1.23976436093567
GTCGAATA	0.63913664718104
GTCGACAC	1.17505987819857
GTCGAGAA	0.200250500748821
GTCGAGAC	0.332269737017198
GTCGAGGA	1.06215049035726
GTCGATGA	0.918486803938652
GTCGCAAC	0.629508521118969
GTCGCACA	0.109469496097036
GTCGCATA	0.461371611809724
GTCGCCAC	0.547116567336941
GTCGCCCA	0.896935703619712
GTCGCCTA	0.160526297609291
GTCGGAAA	0.0409739907974825
GTCGGAAC	1.21066335288873
GTCGGGAA	0.00230437038647303
GTCGGGGA	1.42225835474988
GTCGGTGA	0.0879588650927348
GTCGTACA	2.31945115754494
GTCGTATA	0.102423074254103
GTCGTCAA	0.12193880610152
GTCGTCCA	0.244891725616921
GTCGTCGA	0.230241833717801
GTCGTGGA	1.05618959836581
GTCGTTAA	1.22623451683286
GTCGTTCA	0.569627028467605
GTCGTTGA	0.211578338025708
GTCTAAAC	0.0417393369537334
GTCTAACA	1.76039733266362
GTCTAAGA	0.271525295744869
GTCTAATA	1.28566727620132
GTCTACAC	0.126313062904354
GTCTACTA	1.39598186680992
GTCTATAA	0.238692778833477
GTCTATGA	1.21236425437751
GTCTATTA	0.293541793182152
GTCTCAAA	0.13379274446871
GTCTCACA	1.04595086176228
GTCTCATA	1.33180467543708
GTCTCCCA	0.303274663352699
GTCTCCTA	0.845891995121012
GTCTCTAA	0.272544170254589
GTCTCTCA	0.567829714788075
GTCTCTGA	0.770866646877149
GTCTGATA	0.85517137091282
GTCTGCAC	0.975106945939736
GTCTGCCA	0.414753341894138
GTCTGCTA	0.228884921403452
GTCTGGCA	0.524606106206277
GTCTGTCA	0.175901066350026
GTCTTAAC	0.347721873565329
GTCTTACA	0.491766447651127
GTCTTATA	0.797471650430055
GTCTTCAA	0.1970974650289
GTCTTGAA	0.604294947825247
GTCTTGTA	1.35522212532523
GTCTTTAA	0.747258753155407
GTCTTTCA	0.817662267612768
GTCTTTGA	1.79304535711121
GTCTTTTA	0.54875200375792
GTGAAAAA	1.74273723791977
GTGAAAAC	0.066710094359623
GTGAAACA	1.52221042026312
GTGAAAGA	1.75007884770477
GTGAAATA	0.999765851568117
GTGAACAC	0.408030674568315
GTGAACCA	1.05511121015809
GTGAACTA	0.491147505191951
GTGAAGAA	0.911942677706818
GTGAAGGA	0.425837173009238
GTGAAGTA	1.38977577838272
GTGAATAA	0.760218456031393
GTGAATCA	1.34590466076671
GTGAATGA	0.0515840928765184
GTGAATTA	1.79202886314941
GTGACACA	1.08964819938014
GTGACAGA	0.584295964750088
GTGACATA	0.0888718052200182
GTGACCAA	0.286373963395304
GTGACCAC	0.93427697829141
GTGACCCA	0.735723808209485
GTGACCGA	0.0983547178589786
GTGACCTA	1.01209113842345
GTGACTCA	0.777051310373072
GTGAGAAA	0.881647824878053
GTGAGAAC	0.582026112308453
GTGAGACA	0.923990630729481
GTGAGAGA	0.521682793360629
GTGAGATA	0.849286656454804
GTGAGCAC	3.10036371664411
GTGAGCCA	0.00835334265096272
GTGAGGAA	0.759711399324453
GTGAGTGA	0.349565607929299
GTGAGTTA	0.995620127365596
GTGATAAA	1.16806344786195
GTGATAAC	0.449511722072738
GTGATAGA	1.18462015864492
GTGATATA	0.62018391491668
GTGATCAA	0.955249605465811
GTGATCAC	0.0111219198818179
GTGATCCA	0.703616168139707
GTGATGCA	0.0775273041076905
GTGATGTA	0.16166181896709
GTGATTAA	1.55335274815137
GTGATTGA	1.36539658713492
GTGATTTA	0.85729243910946
GTGCAAAA	1.47889754113433
GTGCAAAC	0.296693638628111
GTGCAAGA	0.142400805747102
GTGCAATA	3.31972406582
GTGCAGAA	0.243806195765444
GTGCAGTA	0.308314283299149
GTGCATAA	0.644076284114854
GTGCATTA	0.522369581435524
GTGCCAGA	0.408784117984966
GTGCCCAA	0.280982022356707
GTGCCCAC	0.568534356972367
GTGCCCCA	0.335519184927873
GTGCCGAA	0.41056000673322
GTGCGAAA	0.315372607881681
GTGCGAAC	1.85072841375854
GTGCGACA	2.02543206450485
GTGCGATA	1.82413531294523
GTGCGGCA	0.017663665565727
GTGCGGGA	0.951044367565291
GTGCGTCA	0.873895570576866
GTGCGTTA	1.10574308386665
GTGCTAAC	1.05461129509491
GTGCTACA	1.15183168187005
GTGCTCAA	1.46810651741337
GTGCTCCA	0.998831486509554
GTGCTCTA	0.00431117228295631
GTGCTGAA	0.549454265394293
GTGCTGCA	0.543355301623484
GTGCTTCA	0.690279148418415
GTGCTTGA	0.462577359331158
GTGGAAAA	0.247115157374119
GTGGAACA	0.479292376550801
GTGGAAGA	1.45171287416292
GTGGAATA	0.773923270406311
GTGGACAA	1.38544913253828
GTGGACAC	0.85910641662443
GTGGACGA	0.0540741460007438
GTGGAGTA	1.30207877356117
GTGGATAA	0.531262118190346
GTGGATGA	1.21683849419298
GTGGATTA	0.589833119211796
GTGGCAAA	0.124421717581987
GTGGCACA	0.684284928756083
GTGGCATA	1.04826951543627
GTGGCTAA	0.690354135677892
GTGGCTTA	0.138150337436104
GTGGGAAA	0.0405204964187399
GTGGGACA	0.13455332952912
GTGGGAGA	0.0467230140240631
GTGGGATA	3.26310749464079
GTGGGCCA	0.842404492418346
GTGGGCGA	0.579245632337999
GTGGGCTA	0.917763117370997
GTGGGGCA	1.78391000446856
GTGGGGGA	2.78902375693875
GTGGGGTA	1.37032194078122
GTGGGTCA	1.37227637062346
GTGGGTGA	0.238659451162598
GTGGGTTA	0.679433372095307
GTGGTAAA	0.911814128119146
GTGGTACA	0.20529369151715
GTGGTAGA	1.52594073885362
GTGGTATA	0.253292679226284
GTGGTGAA	2.62765950646165
GTGGTGGA	0.224408301040063
GTGGTGTA	0.781629104023059
GTGGTTTA	0.300942916665149
GTGTAAAA	2.223384146237
GTGTAAAC	0.000147593971035224
GTGTAACA	0.401174696558975
GTGTAAGA	0.261676969000203
GTGTAATA	1.59042978200396
GTGTACAC	2.20890089269227
GTGTAGAA	0.107493641323509
GTGTAGCA	0.89304350777066
GTGTAGGA	0.11908690969347
GTGTAGTA	1.8796116016708
GTGTATAA	1.17574309545158
GTGTATCA	1.24708692633731
GTGTATGA	0.412359700960669
GTGTCAAC	0.520416341867239
GTGTCACA	0.577869675640293
GTGTCATA	1.2304123784323
GTGTCCCA	0.55427249438419
GTGTCGAA	0.993332420814561
GTGTCGCA	0.259815380526835
GTGTCGTA	0.816351775982856
GTGTCTTA	2.48872715903386
GTGTGAAA	0.426060944513708
GTGTGAAC	0.286047828330274
GTGTGACA	1.08249941397665
GTGTGAGA	0.964557547832658
GTGTGATA	1.15304457103524
GTGTGCAA	0.94687959897941
GTGTGCCA	0.321742954115356
GTGTGCTA	0.219148480411023
GTGTGGCA	0.192254240285845
GTGTGGGA	0.660516348049746
GTGTGGTA	0.179953949183672
GTGTGTAA	0.421492673055401
GTGTGTCA	1.25935269949464
GTGTGTTA	0.988082122377201
GTGTTAAC	0.416688727353023
GTGTTACA	1.87361500146055
GTGTTAGA	1.45351494893829
GTGTTATA	0.69984418996061
GTGTTCCA	0.167769114655616
GTGTTGAA	2.40352258788446
GTGTTGCA	0.526203453860539
GTGTTGGA	0.344011789632151
GTGTTTAA	0.511056027446155
GTTAAACA	1.31599783724889
GTTAAAGA	1.32342276621108
GTTAAATA	1.89121915332828
GTTAACCA	0.525834468932951
GTTAAGGA	0.331355606615952
GTTAAGTA	0.274611676123031
GTTAATAA	2.06828787843302
GTTAATCA	3.95381871250667
GTTAATTA	2.83864627832927
GTTACAGA	1.48552974763919
GTTACATA	0.00117122957659642
GTTACGCA	0.343942753742472
GTTACTCA	1.31979124035926
GTTACTTA	1.48945765170704
GTTAGAAA	1.32083749117006
GTTAGAAC	1.23153361650258
GTTAGACA	1.33895822193641
GTTAGAGA	0.417644517342867
GTTAGATA	1.08478712052768
GTTAGCCA	0.15819693146966
GTTAGGAA	0.355049200062811
GTTAGGTA	0.036679482349964
GTTAGTTA	0.338887660234546
GTTATACA	1.39620087721855
GTTATAGA	1.14451863866009
GTTATATA	0.940014098778391
GTTATCAA	0.0842237854063954
GTTATCTA	0.457054488156969
GTTATGAA	0.188720316898738
GTTATTCA	0.793339019241093
GTTATTGA	1.23709695699141
GTTCAACA	1.08977793924177
GTTCAAGA	2.49586166114983
GTTCAATA	0.810074271118056
GTTCACCA	1.07406513269641
GTTCACGA	0.374891066975255
GTTCAGAA	0.456670029667903
GTTCAGCA	0.182304740254583
GTTCAGTA	0.295766415213306
GTTCATAA	1.20926835180767
GTTCATTA	0.444364977469892
GTTCCACA	0.0670517029861281
GTTCCATA	0.463816434523471
GTTCCCAA	0.395949393874773
GTTCCCCA	0.511602363193775
GTTCCTCA	0.0340823045693453
GTTCCTTA	0.221480227098573
GTTCGAAA	0.576511573051981
GTTCGACA	0.600550345947228
GTTCGATA	0.404063491459783
GTTCGTCA	0.0646318760255414
GTTCGTTA	0.476409533019792
GTTCTAAA	0.666972394008541
GTTCTATA	0.527873408226353
GTTCTCGA	0.00280785627153469
GTTCTGCA	0.0703630451427245
GTTCTGGA	0.693139376744185
GTTCTTCA	0.761282560951591
GTTCTTGA	0.138330068804058
GTTCTTTA	0.505773591611876
GTTGAAAA	1.16544960624589
GTTGAAAC	0.624579596650794
GTTGAACA	0.0509746726090203
GTTGAAGA	1.32958362422781
GTTGAATA	1.68779657247618
GTTGACCA	1.54533030166128
GTTGACTA	1.71315654946697
GTTGAGAA	0.292526489494308
GTTGAGCA	0.485233033884938
GTTGAGGA	0.147257123503718
GTTGATAA	0.677430141020703
GTTGATCA	0.608858458187713
GTTGATGA	1.5078961856207
GTTGATTA	1.30609713844998
GTTGCACA	1.08725574872063
GTTGCAGA	0.778282053647665
GTTGCCGA	0.107093709272965
GTTGCGGA	0.621390852712075
GTTGCTAA	0.27699579486482
GTTGCTGA	0.00657745390270953
GTTGGAAA	0.0516138497255153
GTTGGAGA	0.411532460558499
GTTGGATA	1.19199033500496
GTTGGGAA	0.844311311302194
GTTGGGGA	0.254079450313814
GTTGGGTA	1.87857963414752
GTTGGTCA	0.160426314596656
GTTGGTGA	1.14876434587525
GTTGGTTA	0.480915910232181
GTTGTAAA	0.31304443201601
GTTGTATA	1.76363011673885
GTTGTCCA	0.363247807098978
GTTGTCTA	0.0439639589848878
GTTGTGAA	0.859123080459871
GTTGTGCA	0.0490607120814146
GTTGTGTA	1.53274910590456
GTTGTTGA	0.854276284894934
GTTTAAAA	0.804848968433854
GTTTAAAC	2.68449389777553
GTTTAACA	1.31599783724889
GTTTAAGA	0.251209699796361
GTTTAATA	1.62938625843932
GTTTACCA	0.825707329308101
GTTTAGCA	0.122570841574257
GTTTAGGA	0.657328794384986
GTTTAGTA	0.146270386390915
GTTTATAA	0.432259891297152
GTTTATCA	1.71946976255057
GTTTATGA	1.08861028048706
GTTTATTA	1.45332807592658
GTTTCAAA	0.355889533478539
GTTTCACA	0.206248291233032
GTTTCAGA	0.585345786382767
GTTTCATA	0.406322631435778
GTTTCCAA	0.105996276681888
GTTTCCGA	1.02784917537929
GTTTCGAA	0.683619565612467
GTTTCGCA	0.0368711164575174
GTTTCGTA	0.994971428057421
GTTTCTAA	1.17044399578186
GTTTCTCA	0.0069678637615741
GTTTCTGA	0.41233708575543
GTTTGAAA	0.0812219144793908
GTTTGATA	0.154184517950653
GTTTGCAA	0.177621012222162
GTTTGGGA	1.99699880014945
GTTTGTAA	0.182016693956276
GTTTGTCA	1.41245525841569
GTTTGTTA	0.6191400446538
GTTTTACA	0.587345446635492
GTTTTAGA	0.584519736254557
GTTTTCGA	0.539870179468737
GTTTTGAA	0.426234724511861
GTTTTGGA	1.86160989830044
GTTTTGTA	0.715302277878543
GTTTTTCA	0.821798469623608
GTTTTTGA	0.281842590429757
GTTTTTTA	0.777320312288022
TAAAAAAA	0.791372686659246
TAAAAACA	1.22896857611888
TAAAAAGA	1.22653684641869
TAAAACAA	3.13491855997555
TAAAAGAA	2.02302414028386
TAAAAGCA	0.3037888617034
TAAAAGGA	1.27897793654637
TAAAAGTA	1.65566869774908
TAAAATAA	2.15029418345202
TAAAATCA	1.02005050039367
TAAAATGA	1.05563493070047
TAAACAAA	0.917746453535557
TAAACACA	0.958494292280647
TAAACAGA	0.893157774070814
TAAACATA	0.593844342456843
TAAACCAA	1.83748304513216
TAAACCCA	0.173771666235669
TAAACGAA	0.378866582001505
TAAACGGA	0.38554163836893
TAAACGTA	0.931153699420488
TAAACTAA	1.27897793654637
TAAACTCA	1.0285919063303
TAAACTGA	1.24308403500998
TAAACTTA	0.176589044698881
TAAAGAAA	1.948949820934
TAAAGACA	1.21817398157605
TAAAGATA	0.274248642565244
TAAAGCCA	0.248204258047477
TAAAGCGA	0.360607779455801
TAAAGCTA	0.162846141557243
TAAAGGAA	1.90178402499683
TAAAGGGA	3.43459026405147
TAAAGTAA	2.62249490774941
TAAAGTCA	1.32455352647304
TAAAGTGA	0.495425349804029
TAAATAAA	0.574411929786623
TAAATACA	0.130725408473906
TAAATAGA	0.559621585560226
TAAATATA	0.882470304184381
TAAATCAA	0.217707058645517
TAAATCGA	1.23835626684104
TAAATCTA	0.0999258794861168
TAAATGAA	2.64102509275798
TAAATGCA	0.923990630729481
TAAATGGA	0.522782606499627
TAAATGTA	0.764460592424671
TAAATTAA	1.99668694837194
TAAATTCA	0.313647900913704
TAAATTGA	0.0771678413717851
TAAATTTA	1.08913757185132
TAACAAAA	2.08367097909147
TAACAAGA	1.09696838423386
TAACAATA	0.584837539401867
TAACACAA	1.30668275323828
TAACACCA	0.0408692466890057
TAACACGA	1.96139056436344
TAACAGAA	1.2063605125235
TAACAGCA	0.129949349852015
TAACAGGA	1.80630738957303
TAACATAA	0.901182601108828
TAACATGA	0.563480453738399
TAACATTA	0.421684307162957
TAACCAAA	0.589833119211796
TAACCACA	0.224596364325734
TAACCCGA	0.784611930566704
TAACCGAA	1.38745593443476
TAACCGGA	0.140787984531362
TAACCTAA	0.36789820746052
TAACCTCA	0.038250643977105
TAACCTGA	2.21396907921376
TAACGAAA	0.695606814663172
TAACGAGA	0.80993738961266
TAACGCAA	1.34300753394818
TAACGCCA	0.878983991755675
TAACGCGA	0.299403892434926
TAACGCTA	1.8864033048863
TAACGGAA	0.601658491003946
TAACGGCA	1.65424274954505
TAACGGTA	0.14483253544729
TAACGTAA	0.984431552142021
TAACGTGA	0.420307160191286
TAACTAGA	0.658021533829682
TAACTATA	0.242987287280995
TAACTCAA	0.842347359268269
TAACTCCA	1.23433552140431
TAACTCTA	1.83341230818911
TAACTGAA	1.36416346331241
TAACTGCA	2.10989152415531
TAACTGGA	0.393315317601394
TAACTGTA	1.51765524181837
TAACTTAA	3.03869681305281
TAACTTCA	0.152553842625516
TAACTTGA	2.40268463501665
TAAGAAGA	1.35325936356527
TAAGAATA	0.387550820813333
TAAGAGAA	0.283525637809133
TAAGAGCA	0.88748492837767
TAAGAGGA	0.275798379261106
TAAGATAA	1.93766959461551
TAAGCAGA	0.581458351629554
TAAGCCAA	2.96319654549893
TAAGCCCA	0.166071783988722
TAAGCGAA	0.997272227622013
TAAGCGGA	0.883930770333245
TAAGCTAA	0.31198746873957
TAAGGACA	0.602667843321989
TAAGGATA	0.700278639955993
TAAGGCAA	1.24879139864796
TAAGGCGA	0.393723581569659
TAAGGGGA	3.41517570549065
TAAGGGTA	1.28558276675016
TAAGGTAA	1.10675005563677
TAAGTAGA	0.35899019714422
TAAGTCAA	2.28275263081162
TAAGTCTA	0.375712356007624
TAAGTGAA	0.478542503956032
TAAGTGCA	1.37842056480475
TAAGTTAA	1.27233620784983
TAAGTTCA	1.81781138739599
TAATAAAA	1.37463906443397
TAATAACA	0.29407384564225
TAATAAGA	0.847034658122569
TAATAATA	5.27980056773165
TAATACAA	2.79687361370465
TAATACCA	0.119655860646326
TAATACGA	0.622451386810396
TAATAGAA	1.50975301299823
TAATAGCA	0.754024270343788
TAATAGTA	1.24475160882788
TAATATAA	4.578917268604
TAATATCA	1.49496623959371
TAATATGA	0.427002451216031
TAATCAAA	4.992218476267
TAATCACA	0.674218781876745
TAATCAGA	0.819166773898149
TAATCATA	7.33651065135619
TAATCCAA	1.61547076557349
TAATCGAA	2.02377520315259
TAATCGTA	0.950786078115981
TAATCTAA	1.0037580304298
TAATCTCA	1.20020203505469
TAATCTGA	1.55333370376801
TAATGAAA	1.10328873896122
TAATGATA	0.918703433799363
TAATGCAA	2.07977997351638
TAATGCGA	0.742365536906032
TAATGGAA	1.41343723443266
TAATGGCA	0.547492693908287
TAATGGGA	1.05776075999295
TAATGGTA	3.05250994235809
TAATGTAA	0.804771600626457
TAATGTCA	0.100271058934506
TAATGTGA	0.336935610940221
TAATTAAA	2.31792046523244
TAATTACA	0.986356225135267
TAATTAGA	1.42848586810836
TAATTATA	3.03800883470396
TAATTCAA	1.91467350170918
TAATTCCA	0.0490749953689332
TAATTCGA	0.983723339135847
TAATTGAA	1.92250074326984
TAATTGCA	0.703113872528605
TAATTGGA	1.30687200679791
TAATTGTA	1.34688068541387
TAATTTAA	1.92661075925357
TAATTTCA	1.23258105758734
TAATTTGA	0.306017054556437
TACAAACA	0.0358177240029566
TACAAAGA	0.772023593166224
TACAAATA	0.795217271549901
TACAACAA	2.18074139134766
TACAACCA	1.18542002274601
TACAACGA	2.09651998648918
TACAACTA	0.605948238355623
TACAAGAA	1.5273381204826
TACAAGGA	0.298155295050936
TACAATAA	1.5094685375218
TACAATCA	2.56423694877942
TACAATGA	2.63287647722813
TACACACA	1.98918941269819
TACACAGA	0.374126911092967
TACACATA	1.06380259061368
TACACCAA	0.334488407678554
TACACCCA	1.00960227557318
TACACGAA	0.809133954689689
TACACGCA	1.07084425136077
TACACTAA	0.123664703343454
TACACTCA	1.8796116016708
TACACTGA	0.0868411978443364
TACAGAAA	0.660878191333573
TACAGACA	1.18905511941971
TACAGATA	0.650274040624336
TACAGCAA	0.872954063874542
TACAGCCA	1.50318984238304
TACAGCGA	0.245430919720781
TACAGGCA	1.11613774635893
TACAGGTA	0.545597777764039
TACAGTAA	0.0312232665175319
TACAGTCA	1.34215767834077
TACAGTGA	0.627249381142973
TACATAAA	1.06578201620908
TACATACA	0.56584671837079
TACATAGA	0.218787827401155
TACATATA	0.484196305265815
TACATCAA	3.20427701389607
TACATCCA	0.0702237830894095
TACATCGA	0.407386736355979
TACATCTA	1.10894730136684
TACATGAA	1.77133714062956
TACATGCA	0.158258825715579
TACATTAA	0.964043349481957
TACATTGA	0.391902462410928
TACCAACA	0.478650818886387
TACCAATA	0.370294228941911
TACCACCA	0.631456999591413
TACCACTA	1.82183808420252
TACCAGAA	0.270141007129443
TACCAGCA	0.659777187920616
TACCATAA	0.29459280508879
TACCATCA	1.82562791649101
TACCATGA	0.0262800587618413
TACCCAAA	0.746047054264171
TACCCAGA	1.78420995350647
TACCCATA	2.42330494109891
TACCCCCA	1.49419851288954
TACCCCGA	0.925241608661393
TACCCCTA	1.03265193080771
TACCCGAA	0.67569234103917
TACCCGTA	0.365952109535996
TACCCTAA	0.863642550685819
TACCCTCA	0.197575955160803
TACCCTGA	0.26544775690534
TACCGACA	0.805565513357748
TACCGAGA	1.77338322156672
TACCGATA	0.947005768019163
TACCGCAA	0.861704784679012
TACCGCCA	0.0897716523337454
TACCGCGA	0.139173973041665
TACCGGCA	0.0341192030621027
TACCGGGA	1.07175838176202
TACCGTAA	0.801384080936426
TACCGTGA	0.493394742428345
TACCTAAA	0.283923189311758
TACCTACA	0.16899747738229
TACCTCAA	0.994485796281757
TACCTCCA	0.518402398326995
TACCTGCA	0.227663700320536
TACCTGGA	0.924140605248436
TACCTTAA	2.42681386873285
TACCTTCA	1.77665528468264
TACCTTGA	1.59650970139141
TACGAACA	0.521397127610241
TACGACAA	2.06277333917655
TACGACGA	0.104778626420855
TACGAGCA	0.994054917108256
TACGAGGA	0.517402568200632
TACGATAA	0.620606462172467
TACGATGA	0.224370212273343
TACGCAAA	0.584726843923592
TACGCACA	0.450654385074295
TACGCATA	0.705218276889805
TACGCGAA	0.323255792318461
TACGCGGA	1.75429955916676
TACGCTAA	0.549968463744994
TACGGAAA	0.331880517432293
TACGGATA	1.50507047523977
TACGGCAA	0.648456492287486
TACGGGAA	0.415812685718499
TACGGGCA	1.16012670109698
TACGGTAA	0.294864187551659
TACGGTCA	0.719296837288149
TACGTACA	1.32006024227421
TACGTCAA	1.60981934481162
TACGTCCA	0.751455659138209
TACGTGAA	1.13801260119498
TACGTGCA	0.414022513682728
TACGTTAA	1.24064397339207
TACGTTCA	0.42759044655225
TACTAAAA	0.045556545543308
TACTAAGA	1.44604597983957
TACTAATA	0.667296148525651
TACTACCA	0.245968923550683
TACTACTA	1.5053489993464
TACTAGAA	0.789368265310685
TACTAGCA	0.342396587868491
TACTAGTA	1.02080037298844
TACTATAA	0.612376908013338
TACTATCA	2.51032110921536
TACTATGA	1.10421834292394
TACTCAGA	0.579549152197787
TACTCCAA	1.64556565237698
TACTCCGA	0.720084798649639
TACTCGAA	0.278445548548046
TACTCGGA	0.193412376848882
TACTCTAA	1.29247564325226
TACTCTCA	1.84147998508969
TACTGACA	0.368623084302135
TACTGATA	2.34314951208764
TACTGCAA	0.36609494241119
TACTGCCA	0.904720095317815
TACTGGCA	0.0323087963690087
TACTGTAA	1.46501775648729
TACTGTGA	0.717581652511855
TACTTAGA	0.656676524254933
TACTTATA	0.580641823693027
TACTTCCA	0.290157844314
TACTTCTA	2.02644617791873
TACTTGGA	0.190223632910163
TACTTTAA	2.24637904886936
TACTTTCA	1.27860419052295
TACTTTGA	0.706944174131739
TAGAAACA	0.519716460778785
TAGAAAGA	1.02967267508594
TAGAACAA	0.885655477301219
TAGAACGA	0.464221127669857
TAGAAGAA	1.06178150542968
TAGAAGCA	0.595213157510794
TAGAAGGA	0.746580296998232
TAGAATAA	0.207529026013944
TAGAATGA	0.931439365170878
TAGACAAA	0.459426704159159
TAGACACA	0.98899387223053
TAGACAGA	1.04096123332215
TAGACCAA	0.476128628365243
TAGACCGA	1.97585477352482
TAGACGAA	0.919750874884123
TAGACTAA	0.169292665324358
TAGAGACA	0.333300514266517
TAGAGAGA	0.856563991445967
TAGAGATA	0.770545272907961
TAGAGCAA	0.263171953093907
TAGAGCGA	1.55690214509996
TAGAGGAA	0.262998173095754
TAGAGGCA	2.43587185356811
TAGAGGGA	0.0930699014767802
TAGAGTAA	1.08366112136157
TAGAGTCA	0.0974905789640519
TAGATAAA	0.83389641415259
TAGATCAA	0.690068469927501
TAGATCCA	0.975600909633117
TAGATCGA	0.615252609900589
TAGATGAA	1.80184743304508
TAGATGGA	0.917763117370997
TAGATTAA	0.10464888655922
TAGATTCA	0.15293592056666
TAGATTGA	2.17760859028506
TAGCAAAA	2.00121117969373
TAGCAACA	0.304539924572133
TAGCAATA	0.942327991356544
TAGCACCA	0.101758901384447
TAGCACGA	1.55888157069536
TAGCATCA	0.67666241431653
TAGCATGA	0.645618879166952
TAGCCCAA	0.742176283346398
TAGCCCCA	0.99600458585466
TAGCCTAA	1.04192535522971
TAGCCTCA	0.297335196292525
TAGCGAGA	0.790808496802229
TAGCGATA	0.909116967325886
TAGCGCCA	0.147530886514507
TAGCGCGA	0.601299028268041
TAGCGCTA	1.53303001055911
TAGCGGGA	1.28228689815505
TAGCGTGA	0.312039840793806
TAGCTATA	0.0779498513634766
TAGCTGGA	0.754398016367214
TAGGAAAA	0.692046705248948
TAGGAAGA	0.679272685110713
TAGGAATA	1.63071103335675
TAGGACAA	2.95925792896544
TAGGAGAA	0.543162477241971
TAGGAGGA	1.06719725194747
TAGGATAA	2.5197480789782
TAGGATCA	0.173613359798994
TAGGATGA	0.785686747952544
TAGGCATA	0.367230463768988
TAGGCCAA	0.29673291766879
TAGGCGAA	0.970201826950762
TAGGGAGA	1.20223026188245
TAGGGATA	0.801730450658773
TAGGGCAA	1.06245281994309
TAGGGGAA	2.21304780716875
TAGGGGCA	0.759997065074841
TAGGGGGA	3.98098552536868
TAGGGTAA	2.76704534826819
TAGGGTGA	1.30736120939545
TAGGTCAA	0.661699480365942
TAGGTCGA	1.31350302302882
TAGGTGGA	1.42198697228701
TAGGTTCA	0.842340217624509
TAGGTTGA	1.04685546997185
TAGTAAAA	1.04292399508211
TAGTACAA	1.07424486406437
TAGTACCA	0.383985950303268
TAGTACGA	0.0271810961495255
TAGTAGAA	0.977411316326209
TAGTAGCA	1.5115193795548
TAGTAGGA	0.742176283346398
TAGTATAA	2.74232454839389
TAGTATGA	1.84574592696217
TAGTCATA	0.409973201670961
TAGTCGCA	0.594477568203539
TAGTCTAA	0.238141681990018
TAGTCTGA	1.73764524591908
TAGTGATA	1.03085342685422
TAGTGCAA	1.19126902898523
TAGTGCCA	0.308742781924733
TAGTGCGA	0.623269105020883
TAGTGGCA	2.13012856202246
TAGTGGGA	0.485471088676929
TAGTGTAA	1.23375942880769
TAGTGTCA	0.269482785629586
TAGTGTGA	1.89600524492125
TAGTTAAA	0.304936285800798
TAGTTAGA	3.0767784381276
TAGTTCCA	1.37055761502529
TAGTTTAA	1.54110125828156
TAGTTTGA	1.07762405183668
TATAAAAA	1.11060178217118
TATAAACA	1.84364866424473
TATAAAGA	0.110361011293043
TATAAATA	0.271320568623757
TATAACAA	0.470486729795059
TATAACCA	0.373598429454744
TATAACGA	3.96246248200386
TATAAGAA	2.18435982418592
TATAAGCA	1.41596418604964
TATAAGGA	0.185436351043225
TATAATAA	1.11443208377432
TATAATCA	1.58737077792688
TATAATGA	3.41070860731894
TATACAAA	1.34153397478575
TATACACA	1.09444619371271
TATACATA	0.376506268738912
TATACCCA	0.62866223633344
TATACCGA	1.00656588670134
TATACGAA	0.217967728642749
TATACGGA	0.470486729795059
TATACTAA	0.587481137866926
TATACTCA	1.14645164357105
TATACTGA	0.147146428025441
TATAGACA	1.65546397062797
TATAGAGA	0.724741150380982
TATAGATA	0.571126773657148
TATAGCAA	1.17721665461401
TATAGGGA	2.86744138596849
TATAGTAA	1.06308128459395
TATAGTGA	0.490390490953421
TATATACA	0.413860636424174
TATATCAA	0.271525295744869
TATATCCA	1.13625932765196
TATATCGA	0.849286656454804
TATATGAA	1.74872788676022
TATATGCA	1.81314670374693
TATATGGA	1.37379635047033
TATATTAA	0.909153865818643
TATATTGA	2.95694522666124
TATCAACA	3.43803015579574
TATCAAGA	1.51403918952803
TATCAATA	0.821465192914821
TATCACAA	2.00892296468028
TATCACCA	1.14876434587525
TATCACGA	0.601969152507495
TATCAGAA	0.982963944349397
TATCAGCA	1.7240761227756
TATCATAA	1.46460473142319
TATCATCA	1.47695620430564
TATCATGA	2.59690877870622
TATCCAAA	0.817382553232178
TATCCACA	1.22965060309793
TATCCAGA	0.633758989429964
TATCCCAA	0.405523957608649
TATCCCCA	2.93361585704613
TATCCGAA	1.53506299848271
TATCCGCA	0.682972056578252
TATCCGGA	1.33309969350551
TATCCTAA	0.3705203809943
TATCCTCA	0.207229076976035
TATCGCAA	0.587987004299906
TATCGCCA	0.524358529222607
TATCGGAA	0.942113742043752
TATCGGCA	0.178945787139592
TATCGGGA	0.187077738834002
TATCGTAA	1.35114186619051
TATCGTCA	0.746530305491913
TATCGTGA	1.55729255495882
TATCTAAA	1.41844828780406
TATCTACA	1.19875466191939
TATCTAGA	0.814254513265417
TATCTCAA	0.879743386542125
TATCTCCA	3.01527579234278
TATCTGAA	0.200199318968542
TATCTGCA	1.64636551647807
TATCTGGA	1.13625932765196
TATCTTAA	1.83751399225512
TATCTTCA	1.36009986801313
TATGAAAA	0.334488407678554
TATGAAGA	0.169681884909265
TATGAATA	0.11066691170075
TATGACAA	0.788197035734089
TATGACCA	0.852059994781497
TATGACGA	1.65876579059288
TATGAGAA	0.977219682218658
TATGAGCA	1.43647260637966
TATGAGGA	1.69997426536047
TATGATAA	3.52867189839421
TATGATCA	0.150291131827642
TATGATGA	2.01131898616166
TATGCACA	1.42353075761307
TATGCAGA	0.303854326771198
TATGCATA	0.212949533627578
TATGCCCA	2.66151446870464
TATGCCGA	0.499915063180977
TATGCGAA	0.945441748035786
TATGCGCA	1.08349091218529
TATGCTCA	0.642158752765366
TATGCTGA	2.37819117746871
TATGGAAA	0.24680330559661
TATGGAGA	0.686490506403877
TATGGCAA	0.886249424007236
TATGGCCA	0.00857116278563388
TATGGCGA	0.570065049284869
TATGGGAA	1.0070931780656
TATGGGCA	0.837699339454644
TATGGGGA	1.6099002834409
TATGGTAA	2.82520570477346
TATGGTGA	2.7341830745078
TATGTAAA	1.45138911964581
TATGTAGA	1.00794541422093
TATGTCAA	1.34355505996975
TATGTCGA	0.432259891297152
TATGTGAA	0.960051170620267
TATGTGCA	1.24127005749501
TATGTGGA	1.0137420484059
TATGTTAA	0.992757518491904
TATGTTCA	2.41320308600077
TATGTTGA	0.0408216357306059
TATTAAAA	2.59577206707447
TATTAACA	0.413367863004752
TATTAAGA	1.04405356507011
TATTAATA	1.16180379710655
TATTACAA	1.83672126979779
TATTACGA	1.02046471573173
TATTAGAA	1.46591641332706
TATTAGCA	3.97472825516119
TATTAGGA	1.39814578486912
TATTATAA	3.24049228940166
TATTATCA	2.19517941448191
TATTATGA	2.32527397775704
TATTCAAA	2.91977059034394
TATTCACA	1.29943398482215
TATTCCAA	2.26048379529482
TATTCCCA	1.48962667060936
TATTCCGA	1.22088304510891
TATTCGAA	0.409700628934132
TATTCGGA	0.437544707679353
TATTCTAA	1.52507064858889
TATTCTCA	1.14780498506352
TATTCTGA	1.16979767702161
TATTGAAA	3.14297314386256
TATTGACA	0.431419557881424
TATTGAGA	0.16899747738229
TATTGGAA	2.06380173587795
TATTGGCA	1.63706947685083
TATTGGGA	2.23422516146427
TATTGTAA	1.33368887911569
TATTGTCA	0.449850950151324
TATTGTGA	1.37617570811627
TATTTAAA	1.19416377525584
TATTTACA	0.31717230210913
TATTTAGA	0.418735998564148
TATTTCAA	1.02878592098577
TATTTCCA	1.07762405183668
TATTTCGA	1.82339377226818
TATTTGAA	2.98266228584002
TATTTGCA	1.72312271333367
TATTTGGA	0.396608805648588
TATTTTAA	2.29117500935226
TATTTTCA	2.35115529474229
TATTTTGA	0.88383673869041
TCAAAAAA	0.925609403315019
TCAAACAA	1.00701700053216
TCAAACCA	0.600897905943537
TCAAAGAA	2.15668119352113
TCAAAGGA	4.03347660700268
TCAAATAA	0.125183492916357
TCAAATCA	0.928008995618286
TCAAATGA	1.18009235650126
TCAACAAA	2.15538141435687
TCAACACA	1.59907831259699
TCAACAGA	1.29832464949148
TCAACCGA	0.290681564856378
TCAACGCA	0.561793835537142
TCAACGGA	1.59867838054645
TCAACTCA	0.846576402647985
TCAACTGA	0.956971931885866
TCAAGAAA	1.43478003680861
TCAAGACA	0.4120764157582
TCAAGCAA	0.562114019232373
TCAAGCGA	1.64533473922875
TCAAGGAA	1.80319363289379
TCAAGGCA	0.0514198350700453
TCAAGGGA	2.80332251801969
TCAAGTAA	0.714909487471756
TCAATAAA	1.35293322850024
TCAATCAA	2.49512369129466
TCAATCCA	0.205831695347047
TCAATGAA	1.22881265023012
TCAATGCA	0.25940116518877
TCAATGGA	0.981005943685274
TCAATTAA	2.75700300686805
TCAATTCA	0.488941927544157
TCAATTGA	2.68235378519553
TCACAAGA	1.92717613938455
TCACACAA	1.25898609511497
TCACACGA	0.480294587225083
TCACAGAA	0.0181421556976304
TCACAGGA	0.487648099749684
TCACATAA	2.47564604821396
TCACATCA	1.10894730136684
TCACATGA	0.0102661129046115
TCACCACA	1.04517480314039
TCACCAGA	0.541850795338103
TCACCCAA	1.0106449555621
TCACCCGA	0.47704037821857
TCACCGAA	0.737316394767903
TCACCGCA	0.0311328056965764
TCACCTAA	0.138283648119618
TCACGAAA	0.0630607143984031
TCACGAGA	0.59947671883535
TCACGCAA	0.503244259446971
TCACGCCA	0.63992341826857
TCACGCGA	1.42119186928176
TCACGGAA	1.42045389942659
TCACGGCA	0.502816951095349
TCACGGGA	0.549054333343748
TCACGTAA	0.746419610013635
TCACGTCA	0.940028382065909
TCACTAAA	0.455436905845388
TCACTACA	0.8367792576836
TCACTCAA	1.58751242052811
TCACTCGA	1.4333683718921
TCACTGAA	1.36704035547362
TCACTGCA	0.431629046098377
TCACTGGA	0.0465908936145061
TCACTTAA	0.0111219198818179
TCACTTCA	1.30813726801734
TCAGAAAA	2.50174637560785
TCAGAACA	0.600319432798998
TCAGAAGA	0.728521460477799
TCAGACCA	2.0997741954957
TCAGACGA	0.240386538678495
TCAGAGAA	1.48134355412203
TCAGAGCA	0.486719686060919
TCAGAGGA	0.667386609346607
TCAGATAA	0.230556066043226
TCAGCAGA	1.67816487559222
TCAGCCGA	1.87212358818872
TCAGCGCA	0.147286880352715
TCAGCGGA	0.531443039832257
TCAGCTAA	0.245405923967622
TCAGGCAA	0.230867917820737
TCAGGCCA	0.0545716805160045
TCAGGCGA	0.296961450269101
TCAGGGGA	0.40260302531092
TCAGTAAA	1.19644672071103
TCAGTGAA	0.554066576989118
TCAGTGGA	0.0862734371654371
TCAGTTCA	1.25019473164675
TCATAAAA	1.54050016993178
TCATAAGA	1.11606871046925
TCATACAA	2.78822746365954
TCATACCA	0.798586937130534
TCATACGA	1.26745727488797
TCATAGAA	2.43777867245196
TCATAGCA	0.1970974650289
TCATAGGA	0.903215589032431
TCATATAA	2.14596872788154
TCATATCA	2.6286271991911
TCATCAAA	0.129711295060024
TCATCAGA	0.215951404554583
TCATCCAA	1.21125610932079
TCATCCCA	0.330008216493283
TCATCCGA	0.319699253726116
TCATCGAA	0.472336415528827
TCATCGCA	0.936226647037816
TCATCGGA	0.888376443573677
TCATCTAA	1.67260510592527
TCATCTCA	0.964557547832658
TCATGAAA	2.20883899844635
TCATGAGA	1.3109534562066
TCATGCGA	0.359422266591683
TCATGGAA	3.27528875834697
TCATGGCA	0.680755766464818
TCATGGGA	0.98499217117716
TCATGTAA	1.01169477719478
TCATGTCA	1.22096993510798
TCATTAAA	1.92920555648627
TCATTAGA	0.225156983360873
TCATTCAA	2.52387832961924
TCATTCCA	0.520442527894356
TCATTCGA	0.238522569657203
TCATTGAA	1.24295786597022
TCATTGCA	1.49650764437186
TCATTGGA	1.65879435716792
TCATTTAA	0.72820484760445
TCATTTCA	2.41462427310896
TCCAAAAA	0.343339284844777
TCCAAAGA	0.66096627160661
TCCAACAA	1.06013535654306
TCCAACGA	2.36476488720042
TCCAAGCA	0.0447745355516165
TCCAATAA	1.6266998101117
TCCAATCA	1.27681520876114
TCCACAAA	0.94821508636248
TCCACAGA	0.0783105043733417
TCCACCAA	0.250170590629321
TCCACCGA	2.49672222922287
TCCACGAA	0.212292502401683
TCCACGGA	0.203686821671208
TCCACTAA	2.02401801904042
TCCAGCAA	0.0590709160846351
TCCAGCGA	2.12950128764557
TCCAGGGA	0.200880155673636
TCCAGTAA	0.00918415387501094
TCCAGTCA	1.25449876228594
TCCATAGA	0.987415568959628
TCCATCAA	0.233826938885183
TCCATCGA	0.859151647034908
TCCATGAA	1.0479862302338
TCCATGCA	2.07659956149538
TCCATTAA	0.641564806059347
TCCCAAAA	1.53478447437608
TCCCAAGA	0.11902977654339
TCCCACGA	0.860364536200103
TCCCAGCA	1.12010850028934
TCCCAGGA	0.984785063508128
TCCCATAA	0.92923497779704
TCCCCAAA	1.63651004808965
TCCCCAGA	1.5368436483268
TCCCCCAA	1.75468758847771
TCCCCCGA	4.26822957902871
TCCCCGAA	0.638931920059927
TCCCCGGA	0.429227073247188
TCCCCTAA	1.59986627395848
TCCCCTCA	0.170079436411888
TCCCGAGA	0.393191529109558
TCCCGCAA	0.461616808245475
TCCCGCGA	0.118632225040768
TCCCGGGA	0.173439579800841
TCCCGTAA	0.00868185826390894
TCCCGTCA	1.00770497888101
TCCCTAGA	0.390627678999815
TCCCTCGA	0.126276164411597
TCCCTGAA	0.871899481146022
TCCGAAAA	0.486907749346593
TCCGACAA	1.24123911037205
TCCGACGA	2.05041948574618
TCCGAGCA	0.138322927160297
TCCGCACA	0.386205811238586
TCCGCGCA	0.683141075480566
TCCGGGAA	0.0325087623942823
TCCGGGCA	0.612195986371424
TCCGTACA	0.118632225040768
TCCGTAGA	0.577486407425186
TCCGTCGA	0.53847993948351
TCCGTGAA	0.410066043039838
TCCGTGCA	2.54345119461674
TCCTAACA	0.404644345152244
TCCTAGCA	0.190054614007848
TCCTATAA	1.4586509810755
TCCTCAAA	0.398390645766642
TCCTCCCA	0.651653568143923
TCCTCCGA	0.267161751407675
TCCTCGAA	1.38048211930339
TCCTCTAA	0.21444213717336
TCCTCTCA	0.236343178036526
TCCTGGAA	0.301560668850364
TCCTTCGA	1.22579887656352
TCCTTTAA	1.1704309027683
TCCTTTCA	0.958084838038423
TCGAACGA	1.32707690726814
TCGAAGAA	1.2545475635183
TCGAATCA	0.471684145398773
TCGACAGA	0.126276164411597
TCGACGAA	0.59631773174563
TCGACGCA	0.473498122913743
TCGACTAA	0.0730816308672606
TCGAGACA	0.645308217663406
TCGAGAGA	0.336252393687205
TCGAGGAA	0.282482957820212
TCGAGGCA	0.372446244261508
TCGAGTAA	1.12068102206408
TCGATACA	1.41020087953554
TCGATAGA	0.502838376026626
TCGATCCA	0.72275101231994
TCGATTAA	1.08009268002962
TCGCAAAA	0.239333146223931
TCGCACAA	0.267399806199665
TCGCACCA	0.0150664877851082
TCGCCAGA	2.01818091554081
TCGCCCAA	0.272243030942721
TCGCCCCA	0.205691243019772
TCGCCGCA	0.751372339961009
TCGCCTAA	0.100835248791524
TCGCGCGA	1.04079578524171
TCGCGGCA	0.338623419415435
TCGCTAGA	1.27746866916515
TCGCTCCA	0.14431595654867
TCGCTGCA	0.526203453860539
TCGGAAAA	0.887434936871351
TCGGAAGA	0.578808801794697
TCGGAGAA	0.249671865840101
TCGGAGCA	0.0209345384076842
TCGGATAA	0.140930817406558
TCGGATCA	0.0645664109577441
TCGGCACA	0.580727523418144
TCGGCAGA	0.51484585973465
TCGGCCCA	0.16663359329782
TCGGCCGA	0.988191627581516
TCGGCGCA	0.0518245282164285
TCGGGAGA	0.559119289949126
TCGGGGAA	1.22801754722487
TCGGGGCA	0.65203683635903
TCGGGTAA	0.023723350295859
TCGGGTCA	0.777917829815921
TCGGTAAA	0.00181159696705099
TCGGTAGA	0.910567911283072
TCGGTGCA	0.469072684330633
TCGTACCA	0.434479752232468
TCGTAGAA	0.702154511716882
TCGTAGCA	0.965676405355014
TCGTATCA	1.72425823469147
TCGTCAAA	0.306017054556437
TCGTCGAA	0.894445650495486
TCGTCGCA	0.365837843235839
TCGTCTAA	0.166071783988722
TCGTGAGA	2.08390070196575
TCGTGGAA	1.61159523355988
TCGTGTAA	1.56537570542087
TCGTGTCA	1.60097084819332
TCGTTAAA	1.28562680688668
TCGTTACA	0.823064921117002
TCGTTAGA	0.709381855201726
TCGTTCAA	0.123724217041453
TCGTTCCA	0.416286414754561
TCGTTGCA	0.216598913588798
TCTAAAAA	0.968893715868773
TCTAAACA	0.155259335336493
TCTAACAA	0.364738030096841
TCTAACCA	0.648296995576852
TCTAAGAA	1.21987369279086
TCTAAGCA	0.119178560788388
TCTAATAA	1.20358360337492
TCTACGAA	0.582184418745128
TCTACTAA	2.14945504031025
TCTAGACA	0.827656998054507
TCTAGAGA	0.479217389291327
TCTAGGAA	0.963679125650213
TCTAGGCA	0.665789261692345
TCTAGTCA	0.234806534354226
TCTATAGA	2.11230301919818
TCTATGAA	0.951716872352667
TCTATGCA	1.70225363999379
TCTATTAA	0.20949773914371
TCTCAAAA	0.631628399041646
TCTCAACA	1.02907515755804
TCTCACCA	0.619911342179852
TCTCAGAA	0.248044761336843
TCTCAGCA	1.19857731109935
TCTCATAA	0.660900806538812
TCTCATCA	1.40805124476386
TCTCCACA	0.848277304136764
TCTCCCAA	0.915365905615649
TCTCCCCA	2.28223367136508
TCTCCTAA	1.9083210095849
TCTCGAGA	0.329836817043049
TCTCGCAA	0.344467664558812
TCTCTAAA	0.770545272907961
TCTCTCAA	1.25769107704654
TCTCTGAA	0.564067258800658
TCTCTGCA	0.341794309244754
TCTCTTAA	0.764291573522359
TCTGAAAA	0.115536322470923
TCTGACCA	1.38704528991858
TCTGAGCA	0.122210188564389
TCTGATAA	0.0818051487197683
TCTGATCA	1.54060253349234
TCTGCAGA	0.39918455849793
TCTGCTAA	0.734371656990978
TCTGCTCA	1.20123400257797
TCTGGAAA	0.434371437302112
TCTGGTCA	0.466868296956795
TCTGTCAA	0.446708626897042
TCTTAAAA	0.474502714135944
TCTTACAA	1.50655474686783
TCTTACCA	1.00394609371548
TCTTAGAA	0.734496635756771
TCTTATAA	1.81174694157002
TCTTATCA	2.85274864420681
TCTTCCCA	0.511774952917966
TCTTCGAA	0.0159246753102339
TCTTCGCA	0.382280287718656
TCTTGAAA	0.578535038783905
TCTTGCAA	0.042114273251117
TCTTGCCA	1.86074575940552
TCTTGGAA	0.47065812924529
TCTTGGCA	0.315424979935917
TCTTGTAA	0.837166096720585
TCTTGTCA	0.269278058508473
TCTTTACA	1.68330447855131
TCTTTCAA	0.83570205974984
TCTTTCCA	0.0687240378998642
TCTTTGAA	2.15098454234879
TCTTTTAA	0.54875200375792
TCTTTTCA	0.379346262407365
TGAAAAAA	1.10716903207067
TGAAACAA	0.888439528093552
TGAAAGAA	0.770248894691931
TGAAATAA	1.66466478833842
TGAACCAA	0.129989819166654
TGAACCCA	1.10858545808302
TGAACTAA	0.971505176936913
TGAACTCA	0.410066043039838
TGAAGAAA	1.41978972655693
TGAAGACA	0.0788151805323603
TGAAGCAA	0.252436872249074
TGAAGTAA	2.06734994255258
TGAATAAA	0.708364170965968
TGAATACA	0.0382054135666272
TGAATCAA	1.55072700379571
TGAATCCA	1.72528782166683
TGAATGAA	0.134824711991989
TGAATTAA	1.76845191655063
TGACAAAA	2.32449434831327
TGACACAA	0.148327179793717
TGACAGAA	0.717575701142057
TGACAGCA	0.39842516371148
TGACATAA	0.434023877305803
TGACCACA	1.0754030006274
TGACCCCA	0.496806067597577
TGACCGAA	0.395855362231939
TGACGAAA	1.63199414868558
TGACGACA	2.12518416399281
TGACGCAA	0.323290310263299
TGACGCCA	0.448583308383971
TGACGTAA	0.593844342456843
TGACTACA	0.970149454896524
TGACTCCA	0.299644327774839
TGACTTAA	2.01850228950999
TGAGAAAA	0.0888372872751801
TGAGAGAA	0.50458331765192
TGAGAGCA	1.35743365434283
TGAGCACA	2.17756216960062
TGAGCGCA	0.673261801612941
TGAGGAAA	1.42327008761584
TGAGGACA	0.129104255340448
TGAGGGCA	0.296349649453683
TGAGGTAA	0.629106208520502
TGAGTACA	0.177265120308136
TGAGTCCA	0.827899813942339
TGAGTTAA	1.29154484901557
TGATAAAA	0.880506352150456
TGATACAA	1.10894730136684
TGATACCA	0.156182987929416
TGATAGAA	0.815897091330154
TGATAGCA	0.888008648920051
TGATATAA	1.59025600200581
TGATCAAA	0.686014396819896
TGATCACA	1.4302593763087
TGATCCAA	0.557771899826458
TGATCCCA	1.04683642558849
TGATGACA	1.35111329961547
TGATGGCA	1.35841444008583
TGATGTAA	0.352306808859077
TGATTAAA	1.01740214083277
TGATTACA	4.03388130014906
TGATTCCA	0.0858330358002534
TGATTGAA	2.7278698614242
TGATTGCA	3.06314861101216
TGCAAAAA	1.44018626113472
TGCAAACA	0.831941984310343
TGCAATAA	2.66955238875622
TGCACACA	1.81758642561756
TGCACCAA	0.457381813495956
TGCACGAA	0.142647192456813
TGCACTAA	2.32117229369104
TGCAGACA	2.02056860510447
TGCATACA	0.480435039552358
TGCATCCA	1.12912244498807
TGCATTAA	0.815988742425072
TGCCACCA	1.37522229867435
TGCCCAAA	1.0642596558143
TGCCCACA	1.61448045763881
TGCCCCAA	0.142479363828458
TGCCCGCA	0.638210614040195
TGCCCTAA	0.244863159041884
TGCCGAAA	0.246799734774729
TGCCGCAA	1.56439372940391
TGCCGCCA	0.326395735024821
TGCCGTAA	0.808312665657321
TGCCTACA	0.0741374038697379
TGCGAAAA	0.798007273712036
TGCGACCA	0.150993393464015
TGCGAGAA	1.02098843627411
TGCGATAA	0.632154500131947
TGCGCACA	0.829111512833572
TGCGCTAA	0.471255646773188
TGCGGAAA	0.79075850529591
TGCGGACA	0.0424915900964227
TGCGGCAA	1.64718680551044
TGCGGTAA	0.124809746892933
TGCGTACA	0.294253577010204
TGCGTCAA	1.10417430278742
TGCGTCCA	0.300808415707675
TGCTAACA	0.436023537558529
TGCTACAA	0.0358177240029566
TGCTATAA	0.90241334438342
TGCTCAAA	1.45506706618207
TGCTCACA	1.61998904552548
TGCTCCAA	1.72892529888845
TGCTCTAA	0.0606944497660118
TGCTGAAA	0.411582452064819
TGCTGACA	0.356787000044345
TGCTGCAA	0.437042412068249
TGCTGGAA	0.167769114655616
TGCTGTAA	1.30414032805982
TGCTTCAA	0.803855089677292
TGGAAAAA	0.355889533478539
TGGAACAA	1.40336394590956
TGGAATAA	0.962456714293338
TGGACAAA	1.78960308481902
TGGACACA	0.647769704212592
TGGACCCA	0.443296111453853
TGGACTAA	1.39334064889278
TGGAGACA	0.211578338025708
TGGAGCAA	0.425627684792285
TGGAGTAA	1.89761211476719
TGGATAAA	0.392302394461473
TGGATACA	1.01721288727313
TGGATTAA	0.417321953099722
TGGCAAAA	0.348655048349935
TGGCAGAA	0.113800903037309
TGGCCAAA	0.0332217364962948
TGGCCCCA	0.247563890657023
TGGCTACA	0.206554191640742
TGGCTTAA	1.01094966569585
TGGGAACA	1.12509336763363
TGGGACAA	2.08353409758608
TGGGACCA	0.139173973041665
TGGGAGAA	0.747340882058642
TGGGATAA	2.92292005524198
TGGGCACA	0.714638105008887
TGGGCTAA	1.73964133534992
TGGGGAAA	2.85056568176425
TGGGGACA	1.04755892188218
TGGGGCAA	0.273788006542744
TGGGGGAA	3.71475932929353
TGGGGTAA	1.4537851411272
TGGGTAAA	0.470481968699217
TGGGTACA	2.20694051148022
TGGGTCAA	0.358022504414776
TGGGTGAA	1.19972235464883
TGGGTTAA	0.330029641424562
TGGTACAA	0.574616656907736
TGGTATAA	1.03924961936773
TGGTCAAA	0.801021047378639
TGGTCACA	1.23111225952075
TGGTGAAA	1.3161906616304
TGGTGCAA	0.404507463646848
TGGTGTAA	2.21030779651293
TGGTTAAA	0.425522940683808
TGGTTACA	1.01185665445334
TGGTTCAA	0.786954389719897
TGGTTTAA	3.03425233008634
TGTAAAAA	2.18074139134766
TGTAAACA	2.25053429526356
TGTAACAA	0.331862663322892
TGTAAGAA	1.27601296411213
TGTAATAA	0.945963088030245
TGTACACA	1.20759958771581
TGTACCAA	0.000623703555016674
TGTACTAA	0.306471739209139
TGTAGAAA	2.06095222001782
TGTAGACA	1.28363428827772
TGTAGTAA	1.81169933061162
TGTATAAA	0.820083284847314
TGTATACA	0.875394125492449
TGTATCAA	2.57738590521505
TGTATGAA	0.412359700960669
TGTATTAA	1.55360865705276
TGTCAAAA	0.541773427530706
TGTCACAA	1.14664089713069
TGTCCAAA	0.268747196322334
TGTCCACA	0.0555262802318867
TGTCCCAA	2.09741031141123
TGTCGAAA	2.20212347276429
TGTCGCAA	0.929868203543737
TGTCGGAA	0.270123153020043
TGTCGTAA	0.36398101585831
TGTCTAAA	0.843027005699403
TGTCTTAA	0.83069219665239
TGTGAAAA	1.25898609511497
TGTGAACA	0.24281112673492
TGTGACAA	0.596629583523139
TGTGATAA	2.20100223469401
TGTGCAAA	0.768114733481732
TGTGCTAA	1.14787759177508
TGTGGAAA	0.308942747950007
TGTGGGAA	0.306017054556437
TGTGTAAA	0.310679357657581
TGTGTCAA	0.432708624580056
TGTGTGAA	1.52169146081658
TGTGTTAA	3.33774719412163
TGTTAAAA	0.511510712098857
TGTTAACA	0.382120791008019
TGTTACAA	0.3037888617034
TGTTAGAA	1.23153361650258
TGTTATAA	0.791557179123042
TGTTCAAA	2.14995138455155
TGTTCCAA	1.47626346486095
TGTTCTAA	0.585345786382767
TGTTGAAA	1.362451849358
TGTTGCAA	0.0937150299630733
TGTTGGAA	1.48276712177814
TGTTGTAA	2.02868746378533
TGTTTAAA	2.41388035188399
TGTTTCAA	1.18116598361314
TGTTTGAA	1.5826501514017
TGTTTTAA	0.696786376157486
TTAAAAAA	0.112304728669648
TTAAACAA	1.16740403608814
TTAAAGAA	0.204252201802189
TTAAATAA	0.720168117826837
TTAACAAA	1.54944388846688
TTAACCAA	1.5021923928046
TTAACGAA	0.695606814663172
TTAACTAA	0.00160686984593875
TTAAGAAA	1.3397937942563
TTAAGGAA	1.29956967605359
TTAAGTAA	0.381454237590446
TTAATAAA	2.61346906031107
TTAATCAA	4.11517225051813
TTAATGAA	0.54767599609812
TTAATTAA	2.66000639159738
TTACAAAA	0.246841394363327
TTACACAA	0.194145585608214
TTACATAA	0.876458230412649
TTACCAAA	0.540793832061663
TTACCGAA	1.13689850476846
TTACGGAA	0.949314899501475
TTACTGAA	0.603176090302889
TTAGACAA	0.371572583174901
TTAGATAA	1.43055218370284
TTAGCAAA	0.0777094160235612
TTAGGAAA	1.08612736900659
TTAGGCAA	0.374807747798058
TTATAAAA	1.39217775123391
TTATACAA	2.02638428367281
TTATAGAA	0.19446457902948
TTATCAAA	0.90065650001853
TTATGAAA	1.56419852447448
TTATGGAA	0.881781135561567
TTATTAAA	2.24307484835653
TTATTCAA	3.59198971196796
TTATTGAA	2.32404323448245
TTCAACAA	1.0849799449092
TTCAAGAA	1.27147444950282
TTCAGAAA	1.91529363444232
TTCAGCAA	1.21524590763456
TTCATAAA	1.41339676511802
TTCATCAA	0.0453661017097143
TTCATGAA	0.976174621681815
TTCCACAA	0.20284648825548
TTCCCAAA	2.2684979098672
TTCCCCAA	1.91985476425687
TTCCGCAA	1.07418058927053
TTCCTAAA	0.589202274013021
TTCCTCAA	0.003556538592345
TTCGAGAA	0.236708592142232
TTCGTAAA	0.0971715855427829
TTCGTCAA	0.556130512035678
TTCTAAAA	2.07497126671817
TTCTACAA	1.14241423429889
TTCTCAAA	1.10820814123771
TTCTCCAA	0.437154297820486
TTCTGAAA	0.363578703259846
TTCTTCAA	1.53604973559551
TTGAAAAA	0.767557685268475
TTGACAAA	2.43592660617027
TTGAGAAA	1.20707348662551
TTGATAAA	1.44097898359205
TTGATCAA	0.396511203183872
TTGCCAAA	0.209542969554188
TTGCGAAA	0.572640802134212
TTGCTAAA	0.551139693321588
TTGGAAAA	0.0214796838813419
TTGGCAAA	1.73719532236222
TTGGCCAA	0.205427002200664
TTGGGAAA	2.4014943610567
TTGGTAAA	0.486045990999586
TTGTACAA	0.859314714567422
TTGTCAAA	0.571576697214011
TTGTGAAA	0.0769773975381914
TTGTTAAA	0.459274349092285
TTTAGAAA	1.26168563645615
TTTATAAA	2.04077469584867
TTTCAAAA	0.355889533478539
TTTCCAAA	0.229099170716244
TTTGCAAA	0.342396587868491
TTTTAAAA	0.387550820813333
