	0
AAAAAAAA	2.403869327231
AAAAAAAC	4.19170792428765
AAAAAAAG	1.64131662140654
AAAAAAAT	2.76702624952767
AAAAAACA	3.73235441150459
AAAAAACC	1.41849231078181
AAAAAACG	1.11888745347946
AAAAAACT	1.00333824439887
AAAAAAGA	2.75327595130637
AAAAAAGC	0.768954688419634
AAAAAAGG	1.07653814941785
AAAAAAGT	2.15666450827562
AAAAAATA	2.73386495268512
AAAAAATC	1.08435819007731
AAAAAATG	1.9893156381632
AAAAAATT	0.926965637169478
AAAAACAA	1.5389598569555
AAAAACAC	3.92477281841497
AAAAACAG	2.26717573724473
AAAAACAT	1.7936452475242
AAAAACCA	1.80201593436466
AAAAACCG	2.68665857452175
AAAAACCT	0.928921728445954
AAAAACGA	1.44044392169104
AAAAACGC	0.715378400638909
AAAAACGT	2.01631387807681
AAAAACTA	0.683121633844984
AAAAACTC	2.18377085935042
AAAAACTG	0.892110598801604
AAAAACTT	0.699604982221189
AAAAAGAA	3.30677050103104
AAAAAGAC	1.53142450902052
AAAAAGAG	1.78566952679263
AAAAAGAT	1.5230213888317
AAAAAGCA	1.28886558703204
AAAAAGCC	0.24172178123032
AAAAAGCG	0.615153588286556
AAAAAGCT	1.09640537713933
AAAAAGGA	0.320225619817318
AAAAAGGC	1.0431923428602
AAAAAGGG	1.46171947747229
AAAAAGGT	0.918339807988612
AAAAAGTA	1.17864697893922
AAAAAGTC	0.284613803321109
AAAAAGTG	1.23204956812097
AAAAAGTT	2.43558697970112
AAAAATAA	4.45514743594849
AAAAATAC	1.88054932333571
AAAAATAG	0.91856035475744
AAAAATAT	1.6969635982946
AAAAATCA	0.968656904629976
AAAAATCC	0.575654815175005
AAAAATCG	1.62571546010565
AAAAATGA	0.823225049855204
AAAAATGC	1.11723695641862
AAAAATGG	1.61451658528844
AAAAATGT	1.07406961123733
AAAAATTA	0.991657914543829
AAAAATTC	0.825488176829462
AAAAATTG	0.960250901476863
AAAAATTT	1.71961576952835
AAAACAAA	1.42485789595272
AAAACAAC	2.11714411293183
AAAACAAG	2.29076919632191
AAAACAAT	1.48264547383236
AAAACACA	1.62412262233077
AAAACACG	3.18701793000336
AAAACACT	1.96959616236202
AAAACAGA	1.57410175027107
AAAACAGC	0.991231235827663
AAAACAGG	0.914818987839168
AAAACAGT	2.30955242946718
AAAACATA	3.06617487772979
AAAACATC	1.61891310584353
AAAACATG	1.25417559837025
AAAACATT	0.110419334482096
AAAACCAA	2.13027889827543
AAAACCAC	1.69279843562446
AAAACCAG	0.361348222569952
AAAACCAT	2.03506467787372
AAAACCCA	2.05719287034623
AAAACCCG	0.825015370684522
AAAACCGA	0.17827710665611
AAAACCGC	1.15325455013983
AAAACCGG	0.267167544869233
AAAACCGT	0.201715606402248
AAAACCTA	1.20847989349925
AAAACCTG	0.901170314109383
AAAACCTT	0.487764765573433
AAAACGAA	1.32720468775455
AAAACGAG	0.735665099665801
AAAACGAT	1.08213037941571
AAAACGCA	0.901170314109383
AAAACGCG	1.33118678219174
AAAACGCT	0.182871831006714
AAAACGGA	0.380848593084452
AAAACGGC	0.652930510970875
AAAACGGG	1.524434762079
AAAACGGT	0.927067982402073
AAAACGTA	2.13492767820663
AAAACGTC	1.78267412688657
AAAACGTG	1.59767142489279
AAAACGTT	0.474709261748047
AAAACTAA	0.306439284542282
AAAACTAC	1.28362219571429
AAAACTAG	0.874229012740667
AAAACTAT	2.28589410369329
AAAACTCA	1.86057038074768
AAAACTCC	1.42737328230309
AAAACTCG	0.0566188962271685
AAAACTCT	0.798972112694762
AAAACTGA	1.70193671170937
AAAACTGC	0.48075627936398
AAAACTGG	1.32497039042328
AAAACTGT	1.46254256377949
AAAACTTA	2.15104416937586
AAAACTTC	0.449801891691865
AAAACTTG	0.689282528550702
AAAACTTT	0.819082230158378
AAAAGAAA	2.44255077996395
AAAAGAAC	0.657786864331562
AAAAGAAT	3.303891140438
AAAAGACA	2.17904568086532
AAAAGACC	0.403053184110867
AAAAGACG	2.75198005885423
AAAAGACT	0.952453924531792
AAAAGAGA	0.781106382937467
AAAAGAGC	0.71687970429731
AAAAGAGG	1.72470780522043
AAAAGAGT	2.8633749163808
AAAAGATA	1.95417014114226
AAAAGATT	1.32167516223019
AAAAGCAA	0.777558174627188
AAAAGCAC	1.09126937624169
AAAAGCAG	1.59974427622335
AAAAGCAT	0.0202423734508046
AAAAGCCA	2.56400646215092
AAAAGCCC	0.544250685072337
AAAAGCCG	0.0822419621704334
AAAAGCGA	1.07801134417434
AAAAGCGC	0.292423032864449
AAAAGCGT	0.683213888702533
AAAAGCTA	0.990148682733607
AAAAGCTC	0.869500951291261
AAAAGCTG	2.32886756952551
AAAAGCTT	1.05616856516738
AAAAGGAA	0.530549397244106
AAAAGGAT	0.392508742189403
AAAAGGCA	0.81171481489377
AAAAGGCG	1.09210183218286
AAAAGGGA	2.02023687174589
AAAAGGGC	1.40731505819684
AAAAGGGG	0.773480942368151
AAAAGGGT	0.370872095129777
AAAAGGTA	2.35808208824352
AAAAGGTC	1.91569121665128
AAAAGGTT	1.12022947336038
AAAAGTAA	0.401572781943629
AAAAGTAC	1.17864697893922
AAAAGTAG	0.996575530895856
AAAAGTAT	1.38482793666918
AAAAGTCG	0.983705257526643
AAAAGTCT	1.56415408195938
AAAAGTGA	1.46973123525759
AAAAGTGC	1.75753035375792
AAAAGTGG	1.06810836180928
AAAAGTGT	1.15354933323934
AAAAGTTA	2.45418858609559
AAAAGTTC	1.53374313305752
AAAAGTTG	1.18175553519399
AAAAGTTT	0.960938488462036
AAAATAAA	0.736728913491917
AAAATAAC	3.18252050569782
AAAATAAG	2.26606867895414
AAAATAAT	0.941034502945758
AAAATACA	1.5064414611515
AAAATACC	1.74893767866648
AAAATACG	1.49115310147699
AAAATACT	0.725886084765569
AAAATAGA	0.891435264414699
AAAATAGC	0.523063780443264
AAAATAGG	1.23354366436862
AAAATAGT	0.797145754811715
AAAATATA	1.22044851978413
AAAATATC	0.937175655232326
AAAATATG	0.776403547425671
AAAATATT	2.0397653511623
AAAATCAA	2.54059102611917
AAAATCAC	1.33392848123954
AAAATCAG	0.915980101710357
AAAATCAT	0.264409268776722
AAAATCCA	1.08435819007731
AAAATCCC	0.55005337146398
AAAATCCG	0.255164323012769
AAAATCGG	0.947976680976348
AAAATCGT	1.97498226041254
AAAATCTG	1.66322715007451
AAAATCTT	0.232604406636574
AAAATGAA	1.49156176166629
AAAATGAC	0.212567084021493
AAAATGAG	2.09156861589949
AAAATGAT	0.224075156759704
AAAATGCA	1.18591349045338
AAAATGCC	0.330826279542601
AAAATGCG	1.74954310116915
AAAATGGA	1.28441284867313
AAAATGGC	1.40613015987019
AAAATGGG	1.65986705518471
AAAATGGT	0.290146211809774
AAAATGTA	1.38852605912298
AAAATGTG	1.93624170691148
AAAATTAA	1.96554199381737
AAAATTAC	0.812019688368328
AAAATTAG	0.396586695189516
AAAATTAT	2.08106525621928
AAAATTCA	1.64313937558421
AAAATTCC	0.270619173875513
AAAATTCG	1.19111291656558
AAAATTCT	0.711154137200652
AAAATTGA	0.855407580318445
AAAATTGC	1.22260209411505
AAAATTGG	1.06816385887202
AAAATTGT	1.34001081516812
AAAATTTA	0.374452736788411
AAAATTTC	0.0216701615195966
AAAATTTG	0.948703187979551
AAAATTTT	2.21285564467501
AAACAAAA	1.68356646319985
AAACAAAC	0.760457151150047
AAACAAAG	2.72310284695912
AAACAAAT	1.2634688337862
AAACAACA	2.14266987883003
AAACAACC	0.190634933121279
AAACAACG	2.11969697781808
AAACAACT	1.2363711316043
AAACAAGA	1.12926035902517
AAACAAGC	0.720995135833301
AAACAAGG	3.25249869811333
AAACAAGT	0.80176426361778
AAACAATA	3.27274431489897
AAACAATC	0.302823326570993
AAACAATG	1.79989767634639
AAACAATT	1.18185139375691
AAACACAA	2.03414645374468
AAACACAC	1.65790952242608
AAACACAG	0.826567846959219
AAACACAT	1.49689452487729
AAACACCA	0.225347264756381
AAACACCT	0.439426823922933
AAACACGA	2.28883184431337
AAACACGC	1.13526052847125
AAACACGG	0.103771218809943
AAACACGT	0.689203967773572
AAACACTA	3.13736031144526
AAACACTC	0.875695000086411
AAACACTT	0.587833897853671
AAACAGAA	0.64615194116422
AAACAGAC	1.29140619932002
AAACAGAG	0.651479659187697
AAACAGAT	1.16127279459481
AAACAGCA	1.77745740298858
AAACAGCG	0.151476349796942
AAACAGCT	0.0556141831691696
AAACAGGC	0.97483437638041
AAACAGGG	0.216040335260012
AAACAGGT	0.716215181026524
AAACAGTA	1.08203019640634
AAACAGTC	0.915565675592457
AAACAGTG	0.58415667689104
AAACAGTT	0.596412158123614
AAACATAA	3.75564227636613
AAACATAC	2.19348212458965
AAACATAG	2.47267559465919
AAACATAT	1.09808542458423
AAACATCA	0.557125282887997
AAACATCC	0.643809532671755
AAACATCT	0.0120533133611471
AAACATGA	1.42890990227414
AAACATGC	0.261483780754901
AAACATGG	0.575036419332994
AAACATGT	0.273676557513986
AAACATTA	0.856841855056908
AAACATTC	1.71143752055481
AAACATTG	1.04772003829086
AAACATTT	0.038097292091982
AAACCAAA	1.81461448834874
AAACCAAC	1.85275610601681
AAACCAAG	1.0433285629233
AAACCAAT	1.26891259112269
AAACCACA	0.386974892218589
AAACCACC	0.39408284069634
AAACCACG	1.81098195333274
AAACCAGA	0.775471629216207
AAACCATA	1.6220728347146
AAACCATC	0.829814785500314
AAACCATG	1.54958646335947
AAACCATT	1.26128859203552
AAACCCAA	2.61924838255506
AAACCCAG	0.625847223610463
AAACCCAT	0.342898692542226
AAACCCCA	0.124548021767568
AAACCCGA	0.793823138457789
AAACCCGC	0.848120888054192
AAACCCGT	0.80435316555776
AAACCCTT	0.486880416274893
AAACCGAA	1.67263714554455
AAACCGAC	0.0935813814971862
AAACCGAT	0.090757517966885
AAACCGCA	0.783072564588987
AAACCGCT	0.0595811420437934
AAACCGGA	0.417625127157222
AAACCGGC	0.697013197316911
AAACCGGG	0.305267359554976
AAACCGTA	0.693188224433985
AAACCGTC	0.00891736894554353
AAACCGTT	1.15891020535225
AAACCTAA	1.01218750331286
AAACCTAG	1.55405361653987
AAACCTAT	0.582950877073226
AAACCTCA	0.121476223307605
AAACCTCG	0.0657463611959597
AAACCTTA	0.550089408517707
AAACCTTC	0.482732551390544
AAACCTTG	0.5677367537294
AAACCTTT	1.36198621053282
AAACGAAA	2.02898738913266
AAACGAAC	1.04340856518258
AAACGAAG	1.40339999267959
AAACGAAT	2.03882262183671
AAACGACA	1.78235916303697
AAACGACT	1.77092172292407
AAACGAGA	2.25561865411345
AAACGAGC	0.884838321358845
AAACGAGG	0.517078025818673
AAACGAGT	0.779451561430174
AAACGATA	1.39121154036695
AAACGATC	0.588703111589644
AAACGATT	0.382670626521052
AAACGCAA	1.48990910238222
AAACGCAC	0.0754403286493905
AAACGCAT	0.854083578964396
AAACGCCT	0.383535515810578
AAACGCGA	1.09262653168517
AAACGCGC	1.54906320533931
AAACGCGT	0.418924623314734
AAACGCTC	0.292853315285988
AAACGCTT	0.271787495157447
AAACGGAA	0.957285051954866
AAACGGAC	0.327258611223308
AAACGGCA	0.954531100308802
AAACGGCG	0.806317905727132
AAACGGCT	1.04375452089839
AAACGGGA	0.685760266919111
AAACGGGC	0.779213716875555
AAACGGGG	1.74375699182222
AAACGGGT	0.898041577104524
AAACGGTA	0.363076559666854
AAACGGTG	1.96391023602447
AAACGGTT	0.725309491905884
AAACGTAA	1.86987370653867
AAACGTAC	1.58598532910915
AAACGTAG	1.58644804487905
AAACGTAT	2.89370586302338
AAACGTCA	1.66340445237887
AAACGTCG	0.144934903803832
AAACGTGA	1.84014169572909
AAACGTGC	0.644234769905772
AAACGTGG	1.58764303358074
AAACGTGT	0.5788534640641
AAACGTTA	0.403428690210737
AAACGTTC	0.38052570108303
AAACGTTG	0.780640784203271
AAACGTTT	1.29835270179706
AAACTAAA	1.58839260429833
AAACTAAC	1.97145783655773
AAACTAAG	2.23187600163383
AAACTAAT	0.700596001198769
AAACTACA	0.21811679029595
AAACTACC	0.979974701724491
AAACTACG	1.30411070224208
AAACTACT	1.09482767492702
AAACTAGA	0.748618258258593
AAACTAGC	1.31611392409854
AAACTAGG	0.524264535073555
AAACTAGT	0.924848099892289
AAACTATA	0.355105884122803
AAACTATC	0.76048886375733
AAACTATG	0.505555538258971
AAACTATT	2.11746268048681
AAACTCAA	2.79666600547971
AAACTCAC	0.265310195119976
AAACTCCG	1.08668330078399
AAACTCGA	0.0191590996156739
AAACTCGC	0.30691641513367
AAACTCGG	0.265536507817403
AAACTCGT	0.96799238135919
AAACTCTA	0.303899392995376
AAACTCTC	0.806642959951778
AAACTCTG	0.875892483140854
AAACTCTT	1.10420091260225
AAACTGAA	1.42417895786044
AAACTGAC	1.9673690724415
AAACTGAG	0.454309406372441
AAACTGAT	1.17586708061447
AAACTGCA	0.434872461072507
AAACTGCT	0.259160111530376
AAACTGGA	1.09251481681861
AAACTGGC	0.383804352231405
AAACTGGG	0.209973136893992
AAACTGGT	0.361281193650015
AAACTGTA	1.18877915696601
AAACTGTC	0.803427013276893
AAACTGTT	0.334947477007189
AAACTTAA	3.02712728853095
AAACTTAC	1.71739588701857
AAACTTAG	0.407812958167555
AAACTTAT	1.04450120865168
AAACTTCA	0.755044385679768
AAACTTCC	0.574684697688587
AAACTTCG	0.315166738214669
AAACTTCT	0.678742411075687
AAACTTGA	1.18114650898595
AAACTTGC	1.19897548094844
AAACTTGG	0.166379112996538
AAACTTGT	0.459419460591387
AAACTTTA	1.54650601600661
AAACTTTC	2.13604626835441
AAACTTTG	1.81142953354007
AAAGAAAA	4.31020496436337
AAAGAAAC	1.58276289576459
AAAGAAAG	2.3819991600632
AAAGAAAT	1.36548180474465
AAAGAACA	0.600771200142823
AAAGAACC	0.0995361442555684
AAAGAACG	1.20053660611604
AAAGAACT	0.968425546745027
AAAGAAGC	1.26667252786282
AAAGAAGT	1.00017274959921
AAAGAATA	2.03599010941352
AAAGAATC	1.39603113593283
AAAGAATG	1.05729292124376
AAAGAATT	0.0354226219641242
AAAGACAA	1.97256777781262
AAAGACAC	1.78667856429707
AAAGACAG	0.393469490041851
AAAGACAT	0.907951046139261
AAAGACCA	1.72184934611855
AAAGACCT	0.515076527854495
AAAGACGA	2.97581484846555
AAAGACGC	0.281503084843117
AAAGACGG	2.6513372166786
AAAGACGT	0.394807906217392
AAAGACTA	0.390727070252981
AAAGACTC	0.839340820283361
AAAGACTG	1.31318194940705
AAAGACTT	0.97863628554895
AAAGAGAA	1.2043860841955
AAAGAGAC	0.613410115627087
AAAGAGAG	0.37256151220865
AAAGAGAT	0.638922187444863
AAAGAGCA	1.0268336826899
AAAGAGCC	0.584329654748944
AAAGAGCG	0.924071861754941
AAAGAGCT	1.86222808521927
AAAGAGGA	0.0365102202457031
AAAGAGGC	0.972458813798514
AAAGAGGT	1.94305631377186
AAAGAGTA	0.992397394886373
AAAGAGTC	1.7409763727564
AAAGAGTG	0.913388316806078
AAAGAGTT	2.31786761924489
AAAGATAA	2.25427591349146
AAAGATAC	0.743880106434144
AAAGATAG	1.06316047433212
AAAGATAT	1.69164741212832
AAAGATCA	0.775577578154175
AAAGATCG	0.641769835430625
AAAGATGA	1.65245351249133
AAAGATGG	2.28522309375283
AAAGATGT	0.168702782221063
AAAGATTA	2.03946696435741
AAAGATTC	1.03305007445837
AAAGATTG	1.12782248058134
AAAGATTT	1.04062218018816
AAAGCAAA	1.55221788902285
AAAGCAAC	1.04058614313443
AAAGCAAG	1.42757653128612
AAAGCAAT	0.800531796380206
AAAGCACA	1.72596045320809
AAAGCACC	0.195237585623703
AAAGCACG	0.526089451474452
AAAGCAGA	1.87066580097966
AAAGCAGC	0.152584849569682
AAAGCAGT	0.615764055976745
AAAGCATG	1.15770512627551
AAAGCATT	0.634301516415572
AAAGCCAC	0.221290933988507
AAAGCCAG	1.30336329374771
AAAGCCAT	0.349755823126013
AAAGCCGA	0.028566212121412
AAAGCCGG	0.415957332310587
AAAGCCGT	0.963969925421822
AAAGCCTA	1.5777905030909
AAAGCCTG	0.444128217952578
AAAGCCTT	0.959984227279259
AAAGCGAC	0.421865967640194
AAAGCGAT	0.986704981879146
AAAGCGCG	0.429835922443171
AAAGCGGA	0.772567763426627
AAAGCGGG	0.184778911890117
AAAGCGTC	0.971271032507565
AAAGCGTG	0.0798916255261466
AAAGCGTT	0.0734438758727357
AAAGCTAA	0.287785064049369
AAAGCTAT	0.174551596041479
AAAGCTCA	0.123972149648958
AAAGCTCG	0.76504538883098
AAAGCTCT	0.474393577157369
AAAGCTGA	0.85787395627574
AAAGCTGC	0.243171191531352
AAAGCTGT	0.594953378188615
AAAGCTTA	1.11265592614843
AAAGCTTC	0.354168199984742
AAAGCTTG	0.694095637446912
AAAGCTTT	1.31780478265956
AAAGGAAG	0.423810527059478
AAAGGAAT	2.22145985162364
AAAGGACA	1.48308945033431
AAAGGACT	0.0932656969065084
AAAGGAGC	1.44255785526285
AAAGGAGG	0.108666492188657
AAAGGATA	0.497987756975624
AAAGGATC	1.24314177325913
AAAGGATT	0.298870782517861
AAAGGCAA	1.84406829310353
AAAGGCAT	1.0833678918408
AAAGGCGA	0.314396986746991
AAAGGCGC	0.25313111244131
AAAGGCGG	0.225172845416326
AAAGGCGT	0.422595357607695
AAAGGCTA	0.554939275208721
AAAGGCTC	0.572534006321968
AAAGGGAA	0.0858781008918132
AAAGGGAC	2.08692920560226
AAAGGGAT	0.27677502339371
AAAGGGCA	1.83844146753409
AAAGGGCC	0.00576917193167143
AAAGGGCG	0.871852008676621
AAAGGGGA	0.899012415332017
AAAGGGGC	0.322237928897613
AAAGGGGG	0.326973197757766
AAAGGGTT	0.480230138379518
AAAGGTAA	1.11051604589793
AAAGGTAC	0.91167151156637
AAAGGTAG	0.491368470946456
AAAGGTAT	1.48708956329837
AAAGGTCC	1.12878611139808
AAAGGTGA	1.36284605463482
AAAGGTGC	0.904012916907623
AAAGGTGT	0.473313907027612
AAAGGTTA	0.495727512965664
AAAGGTTG	1.33980180025649
AAAGTAAA	1.67080069728646
AAAGTAAG	0.771537103689942
AAAGTAAT	1.07756448470809
AAAGTACA	1.49874250499257
AAAGTACC	1.03731037495035
AAAGTACG	1.94753499880945
AAAGTACT	1.95034588900041
AAAGTAGC	0.362946105532351
AAAGTAGG	0.211155872997418
AAAGTAGT	1.09482767492702
AAAGTATA	2.13043385760647
AAAGTATC	2.76150681437835
AAAGTATG	1.75762549157977
AAAGTATT	0.00707587549992914
AAAGTCAA	0.217471727034178
AAAGTCAC	0.279361042369391
AAAGTCAG	0.809016360310451
AAAGTCAT	0.953010336641386
AAAGTCCA	1.55051261564034
AAAGTCCG	0.230811202842958
AAAGTCCT	1.03997567544424
AAAGTCGA	0.277508737807658
AAAGTCGC	1.55047297488124
AAAGTCGG	0.435245804949152
AAAGTCGT	1.00827387927776
AAAGTCTA	0.249055321664421
AAAGTCTC	0.683062533076867
AAAGTCTG	1.9696790475856
AAAGTCTT	0.859879778686365
AAAGTGAA	1.89751989267835
AAAGTGAC	0.587098741957576
AAAGTGAG	0.0373880828745706
AAAGTGAT	0.406156695178115
AAAGTGCA	0.458705926927529
AAAGTGCC	0.357552800071086
AAAGTGCG	0.883690901568074
AAAGTGCT	1.78074326154771
AAAGTGGC	0.393258312906992
AAAGTGGG	0.0960996508118532
AAAGTGGT	1.22345761377061
AAAGTGTA	0.738076699301429
AAAGTGTC	1.74851964884321
AAAGTGTT	1.27765806332194
AAAGTTAA	1.8433879135291
AAAGTTAC	2.23190050683036
AAAGTTAG	1.10809651811048
AAAGTTAT	1.79790338579296
AAAGTTCA	1.07618066184485
AAAGTTCC	0.911417810708109
AAAGTTCG	1.42577828230499
AAAGTTCT	0.187385832356961
AAAGTTGA	1.12839546973565
AAAGTTGC	0.164832402650438
AAAGTTGG	0.413939257301693
AAAGTTGT	1.14951318322156
AAAGTTTA	0.69032616162673
AAAGTTTC	1.2296134632888
AAAGTTTG	3.29040967863752
AAATAAAA	2.85471737459265
AAATAAAC	2.57071584081442
AAATAAAG	2.44272159559863
AAATAAAT	0.766368669443953
AAATAACA	1.41620612009316
AAATAACC	1.27993416363554
AAATAACG	1.36412537004224
AAATAACT	1.8759661308423
AAATAAGA	1.11013189090517
AAATAAGC	0.61650353631929
AAATAAGG	1.16952239693473
AAATAAGT	2.22777498491933
AAATAATA	2.00538311893936
AAATAATC	1.22048023239142
AAATAATG	0.814062989314832
AAATAATT	1.03406055344496
AAATACAA	0.725854372158284
AAATACAG	0.671209946104996
AAATACAT	1.33360630997919
AAATACCA	0.564749281975164
AAATACCC	1.20245738107986
AAATACCG	1.00375339125784
AAATACCT	1.69517039450099
AAATACGA	0.412680843385435
AAATACGG	1.91022511634148
AAATACGT	1.45125431706903
AAATACTA	1.47716495870106
AAATACTG	0.929481023519847
AAATACTT	1.10863707391644
AAATAGAA	1.90135639741847
AAATAGAC	0.548711351583064
AAATAGCC	0.114165025846816
AAATAGCG	1.07615759813046
AAATAGCT	0.162501526015166
AAATAGGA	0.90705084053708
AAATAGGG	1.21610677555072
AAATAGGT	1.18464210319778
AAATAGTA	0.340833048622409
AAATAGTC	0.755674313378971
AAATAGTT	0.83607081802788
AAATATAA	1.08064781502525
AAATATAC	0.710701511805801
AAATATAG	0.96842122229858
AAATATAT	3.61152721553466
AAATATCA	0.794140264530614
AAATATCC	0.434995707796264
AAATATCG	0.284535963285052
AAATATCT	1.12308072505151
AAATATGA	1.28640497700334
AAATATGC	0.326961665900572
AAATATGG	1.7183739326568
AAATATGT	1.09808542458423
AAATATTA	3.33079424252976
AAATATTC	0.775079546071624
AAATATTG	1.28309749621198
AAATATTT	0.347247644186391
AAATCAAA	1.64765193545231
AAATCAAC	1.57809177286008
AAATCAAG	1.62722613339802
AAATCAAT	1.99892167520553
AAATCACA	2.27783333551491
AAATCACG	0.213049980541478
AAATCACT	0.747555885914625
AAATCAGA	0.385778462034746
AAATCAGG	0.615905321227368
AAATCAGT	1.9325118718504
AAATCATA	2.78803296888809
AAATCATC	0.594349397168096
AAATCATG	0.0298469690109839
AAATCATT	0.650019437770547
AAATCCAA	1.51702842679636
AAATCCAC	1.16590067303484
AAATCCAG	0.214594528664357
AAATCCAT	2.03211684687859
AAATCCCA	1.01482541564592
AAATCCCG	0.575654815175005
AAATCCGA	0.385433947801085
AAATCCTC	0.0749905862188371
AAATCCTG	0.0848820367267091
AAATCCTT	0.421678574960797
AAATCGAA	1.03142984852266
AAATCGAG	0.248875136395771
AAATCGCA	0.667468579186723
AAATCGCG	0.475572709555424
AAATCGCT	2.39314325855873
AAATCGGA	0.432899792751315
AAATCGGC	0.559997436070296
AAATCGGT	0.468090696459953
AAATCGTA	0.325658566037686
AAATCGTC	0.492368138816932
AAATCGTG	0.17733005288408
AAATCTAA	0.792749234256627
AAATCTAC	0.157124797598617
AAATCTAG	0.757133093313972
AAATCTAT	1.74064050741564
AAATCTCA	0.186790500229338
AAATCTGA	1.08206551271899
AAATCTGC	0.0666371971641701
AAATCTGG	0.544087797589476
AAATCTGT	0.210672255736359
AAATCTTA	0.978131046055651
AAATCTTC	0.248699275573567
AAATCTTG	0.0521488600824708
AAATGAAA	2.51684549067525
AAATGAAC	1.7009226290174
AAATGAAG	0.283072858903605
AAATGAAT	1.96652292241991
AAATGACA	1.73742167777645
AAATGACG	0.113344822503916
AAATGACT	0.415282718664756
AAATGAGA	0.512858086826864
AAATGAGG	1.39361665333291
AAATGAGT	1.37289390595588
AAATGATA	1.50823826865049
AAATGATC	1.21864522561547
AAATGATG	0.20989457611686
AAATGCAA	1.77104929409427
AAATGCAC	0.148377883917217
AAATGCAG	0.575770854488015
AAATGCAT	1.18591349045338
AAATGCCA	1.74987752502777
AAATGCCG	0.301885642432932
AAATGCGA	1.74954310116915
AAATGCGC	0.632006676834032
AAATGCGG	2.11317210886969
AAATGCGT	1.99864563137396
AAATGCTA	0.873896030364199
AAATGCTC	0.785879130333496
AAATGCTT	0.201885701295855
AAATGGAA	0.617009496553662
AAATGGAC	0.855308838791224
AAATGGAT	0.0858788216328877
AAATGGCA	1.26719434440083
AAATGGCC	0.720298899955234
AAATGGCG	0.799997727243924
AAATGGGA	0.834653120334133
AAATGGGC	0.0731555794428942
AAATGGGG	0.384842219378836
AAATGGGT	1.05336344090502
AAATGGTA	1.63280466931546
AAATGGTT	1.17147200154153
AAATGTAA	1.21483106384867
AAATGTAC	2.33993094502068
AAATGTAG	1.06253991626688
AAATGTAT	1.60992186093784
AAATGTCA	1.56118751169631
AAATGTGA	3.47625708917074
AAATGTGC	1.12935477610594
AAATGTGG	0.881181281146302
AAATGTGT	1.76656844683346
AAATGTTA	0.808673287558939
AAATGTTC	0.798402727245825
AAATGTTG	0.914303657970825
AAATTAAA	0.836777144280992
AAATTAAC	3.19406245326654
AAATTAAG	3.04272844983183
AAATTAAT	1.21828053063172
AAATTACC	0.633329957447006
AAATTACG	0.975480160383256
AAATTACT	0.980839591014015
AAATTAGA	0.954531100308802
AAATTAGG	1.12336325555276
AAATTAGT	0.0216701615195966
AAATTATA	1.40507067049052
AAATTATC	2.12106782734198
AAATTATG	0.623768606351302
AAATTATT	1.8500403536477
AAATTCAA	1.7213909547951
AAATTCAC	1.31455856485954
AAATTCAG	1.8369343979471
AAATTCAT	0.66714712866745
AAATTCCC	0.513482248597471
AAATTCCG	0.0273063567230032
AAATTCCT	0.296122596800394
AAATTCGA	0.665490144936934
AAATTCGC	0.723046364931625
AAATTCGG	0.0111213951516831
AAATTCGT	1.0109319723609
AAATTCTA	1.42592026829668
AAATTCTG	2.16934234377792
AAATTCTT	0.305627730092278
AAATTGAA	2.04778359561727
AAATTGAG	0.0542145040022883
AAATTGAT	0.35575671331317
AAATTGCC	1.10183039520787
AAATTGCG	1.40548653809057
AAATTGCT	0.939327788081095
AAATTGGA	0.597292903716781
AAATTGGC	0.281445425557148
AAATTGGG	0.400062108651259
AAATTGGT	0.909406222368888
AAATTGTA	1.00434728190332
AAATTGTC	0.488769478631432
AAATTGTG	0.138731485374711
AAATTGTT	2.3655525694818
AAATTTAA	1.15674365768199
AAATTTAC	1.63150156945257
AAATTTAT	1.33721433979866
AAATTTCA	1.1349015994161
AAATTTCC	1.19266971728673
AAATTTCG	0.217062346103802
AAATTTGA	0.928985153660519
AAATTTGT	3.5171973444315
AAATTTTC	0.936799428391382
AAATTTTG	1.80212764923122
AACAAAAA	2.11119583684312
AACAAAAC	0.868168301044316
AACAAAAG	3.11268069556865
AACAAAAT	1.38985798862885
AACAAACA	1.8856694679297
AACAAACG	1.4232917255976
AACAAACT	2.31923558580449
AACAAAGA	2.42292860420784
AACAAAGC	1.77953169580129
AACAAAGG	1.57511655370411
AACAAAGT	1.53180145660253
AACAAATA	1.73709013688213
AACAAATC	0.165610803011011
AACAAATG	2.04141296525884
AACAAATT	1.37862235601684
AACAACAA	1.72205043287836
AACAACAC	0.204383789860435
AACAACAG	0.249159108379164
AACAACAT	1.53887048506225
AACAACCA	0.565219205155806
AACAACCG	0.810212790494294
AACAACCT	0.664961841729248
AACAACGA	1.91369980906215
AACAACGC	2.36642178321777
AACAACGG	0.904628429785335
AACAACGT	2.22002269392088
AACAACTA	0.595153744207354
AACAACTC	0.297627504164167
AACAACTG	1.49415210508842
AACAACTT	1.21265010135691
AACAAGAA	1.25612592371813
AACAAGAC	0.28969791086137
AACAAGAG	0.108101431186168
AACAAGAT	1.00637112284081
AACAAGCA	0.225678805650699
AACAAGCC	1.43198602518056
AACAAGCG	0.827145160559977
AACAAGGA	0.263591227657045
AACAAGGC	0.320113904950754
AACAAGGT	1.29541784414127
AACAAGTA	1.63402920840121
AACAAGTG	0.808740316478878
AACAAGTT	0.554785036618757
AACAATAA	2.04410277094926
AACAATAC	1.12667217782627
AACAATAG	1.61247400508302
AACAATAT	0.734844896322902
AACAATCA	1.06342066186005
AACAATCC	1.35208106594453
AACAATCT	0.17133492862552
AACAATGA	0.513506753794008
AACAATGC	0.848928118057749
AACAATGG	0.895113206118407
AACAATGT	0.894217324962672
AACAATTA	1.50177394195236
AACAATTC	2.58284375087679
AACAATTG	1.32619853321441
AACACAAA	3.4776034334981
AACACAAC	2.03378752468953
AACACAAG	2.17371580061862
AACACAAT	1.35854395116051
AACACACA	0.890099731203458
AACACACC	0.758910440803946
AACACACG	0.617343920412278
AACACACT	1.10883599845303
AACACAGA	1.02315934469157
AACACAGC	2.02976578949323
AACACAGG	0.698284584572513
AACACAGT	0.387762662213133
AACACATA	1.22283128977678
AACACATC	0.717390709719204
AACACATG	1.17285438292263
AACACATT	1.31136279893475
AACACCAA	0.15962360690427
AACACCAG	0.54508242027243
AACACCCA	0.103631395041471
AACACCCG	0.337553676732959
AACACCGC	0.00781535584247455
AACACCTA	0.347806939260283
AACACCTC	0.991817919062392
AACACCTG	0.629172722928687
AACACGAA	0.88171174657721
AACACGAC	1.00735853811301
AACACGAG	1.05762734510238
AACACGAT	0.915404950332822
AACACGCA	0.934875770463262
AACACGCG	0.865301193049541
AACACGCT	1.42626910697679
AACACGGA	2.12654257654468
AACACGGC	0.770769514445488
AACACGGG	0.360502072548368
AACACGTA	0.516993699112944
AACACGTC	0.0686415780926452
AACACGTG	1.76002700084035
AACACGTT	0.392430181412272
AACACTAA	1.55093641139221
AACACTAC	0.799792316037663
AACACTAG	0.333033909454113
AACACTAT	2.1521014965323
AACACTCA	0.411253776057719
AACACTCC	0.925535686877461
AACACTCG	1.39637420868435
AACACTCT	0.551766572998312
AACACTGA	1.29951093270395
AACACTGC	0.600184516908095
AACACTGT	0.0870586747720157
AACACTTA	0.701683599480348
AACACTTC	0.88370892009494
AACACTTG	0.434993545573041
AACAGAAA	2.90920251686845
AACAGAAC	0.749478823101671
AACAGAAG	0.924218172193086
AACAGAAT	0.560914218717194
AACAGACA	1.25874942122969
AACAGACC	0.78693141230242
AACAGACG	0.185274061008371
AACAGACT	0.0620849965369686
AACAGAGC	0.589712149094091
AACAGAGG	1.13340822390952
AACAGAGT	1.34283756166272
AACAGATA	0.464643391900122
AACAGATC	0.711220445379515
AACAGCAA	2.11214505283838
AACAGCAG	0.421515687477936
AACAGCAT	1.69855931903378
AACAGCCG	0.0392908393115274
AACAGCGT	0.0168253400161036
AACAGCTA	0.816812616514448
AACAGCTC	0.95652322863901
AACAGCTT	1.10626439429884
AACAGGAT	0.447475339503042
AACAGGCA	1.31658817172563
AACAGGCG	0.245299539924657
AACAGGGC	0.233647318971526
AACAGGGT	0.205998249867548
AACAGGTA	0.347889103742789
AACAGGTC	1.07559542009227
AACAGGTT	1.10849292570152
AACAGTAA	2.98737553530221
AACAGTAC	1.31136279893475
AACAGTAG	0.993139037452141
AACAGTAT	1.66476953597417
AACAGTCG	0.553905732507739
AACAGTCT	0.445950251389178
AACAGTGA	0.891218321351243
AACAGTGC	0.733892076622275
AACAGTGG	0.26899534423443
AACAGTGT	0.722043093355775
AACAGTTA	0.381658706052307
AACAGTTC	0.290730732821278
AACAGTTG	0.48751538916162
AACATAAA	0.735969252399285
AACATAAC	1.25578068874339
AACATAAG	1.42923567723986
AACATAAT	0.980786256174495
AACATACA	1.3597331739336
AACATACC	0.862290657580919
AACATACG	1.82240137491877
AACATAGA	2.12217488563257
AACATAGG	0.20236859781584
AACATAGT	0.919661647119436
AACATATA	0.301972131361884
AACATATC	0.869516807594902
AACATATG	0.343017614819536
AACATATT	0.871084419432167
AACATCAA	0.398436116786951
AACATCAC	0.426928452948216
AACATCAG	1.27451779445989
AACATCCA	0.936826095811142
AACATCCT	1.0839725936024
AACATCGA	0.369198534354546
AACATCGC	0.0454834466245284
AACATCTA	0.5486933330562
AACATCTT	0.856586712716498
AACATGAA	1.08204749419213
AACATGAC	0.675745569687481
AACATGAG	1.12053650905816
AACATGCA	1.93660496041308
AACATGGA	0.201009280149136
AACATGGG	1.37880470350871
AACATGTA	1.50978569973766
AACATGTT	0.598629157669098
AACATTAA	1.94092796537856
AACATTAC	0.162593060131642
AACATTAG	1.38322500851926
AACATTAT	1.44449232430709
AACATTCA	0.552384968840323
AACATTCC	0.833574891686525
AACATTCG	0.229253681380737
AACATTCT	0.119986451506396
AACATTGA	1.2422912987911
AACATTGC	0.456047833844388
AACATTGG	0.581195151815491
AACATTGT	0.483877088217016
AACATTTA	0.750250736792572
AACATTTC	1.69664503073963
AACCAAAA	2.44296232311755
AACCAAAC	0.700155628402187
AACCAAAG	0.0618276919733338
AACCAAAT	0.0453162346952195
AACCAACA	2.06431811660977
AACCAACC	1.96373581668442
AACCAACG	1.33131651558517
AACCAACT	1.64156960152372
AACCAAGA	0.766744175543822
AACCAAGG	1.66542396886991
AACCAAGT	0.895839713121608
AACCAATA	0.193058064614099
AACCAATC	1.17083054198514
AACCAATG	0.509461954883326
AACCAATT	1.67762971896834
AACCACAA	0.337802332403699
AACCACAC	0.877109094074786
AACCACAT	0.426344652677787
AACCACGA	0.169765154565031
AACCACGC	0.237119849468971
AACCACGG	0.400718703770222
AACCACGT	2.00151490159196
AACCACTC	0.285602660075467
AACCACTT	1.22027698340838
AACCAGAA	0.627644031109451
AACCAGAC	0.393195608433501
AACCAGAG	0.238010685437183
AACCAGAT	0.673133604033115
AACCAGCA	0.258904969189966
AACCAGCG	0.823885248679541
AACCAGGA	0.501193613275464
AACCAGGG	0.0502324095650967
AACCAGGT	0.0725227687793913
AACCAGTA	0.698181518598844
AACCAGTC	0.454235890782831
AACCATAA	0.348178841654779
AACCATAC	0.82775418676802
AACCATAT	0.645581114233134
AACCATCA	0.103327242307987
AACCATCC	0.222866473977592
AACCATCG	0.421547400085219
AACCATCT	0.336915820881935
AACCATGA	1.89900173632774
AACCATGC	1.39525417705441
AACCATTA	1.46852543543978
AACCATTC	0.200367820592739
AACCCAAA	1.48864059809092
AACCCAAC	2.38571674252601
AACCCAAG	0.195479033883696
AACCCAAT	0.462541710926575
AACCCACT	0.607368143198677
AACCCAGA	0.0919056584987302
AACCCAGC	0.0117794317527974
AACCCATA	0.601790328022313
AACCCATG	0.411802980756565
AACCCATT	1.48858510102817
AACCCGAA	0.176259031647218
AACCCGAC	0.601258421109254
AACCCGAT	0.757540312021123
AACCCGCA	0.212505100289078
AACCCGCC	0.367501909864926
AACCCGCG	0.381570775641206
AACCCGGA	0.161486722582123
AACCCGTA	0.871790024944204
AACCCTAC	0.0641218108138009
AACCCTCA	0.109537147406781
AACCCTCG	0.0433356382222069
AACCCTGT	0.831444381069993
AACCGAAC	1.72743581018781
AACCGAAG	0.0489985008453755
AACCGAAT	0.920909970660651
AACCGACG	0.537834648026207
AACCGACT	1.00843964972492
AACCGAGG	1.37902597101862
AACCGATA	1.20185484154149
AACCGATC	0.486113547771514
AACCGATT	0.327131040053104
AACCGCAA	2.40526972713895
AACCGCAC	1.3904439511225
AACCGCAG	0.0766857692263074
AACCGCAT	0.885237611914175
AACCGCCA	0.422563645000412
AACCGCGA	1.04680685934934
AACCGCGC	0.517983997349451
AACCGCTA	0.0015701344310259
AACCGCTT	0.71687970429731
AACCGGAT	0.867407198469535
AACCGGTA	0.251969998570122
AACCGGTC	0.165148087241115
AACCGGTT	0.401830086507264
AACCGTAA	0.197767386795564
AACCGTAC	0.944019091735695
AACCGTAG	1.09122396955399
AACCGTAT	1.37654806320413
AACCGTCA	1.14613506980489
AACCGTCT	0.552902460931889
AACCGTGA	0.839340820283361
AACCGTGG	0.6289680324635
AACCGTTA	0.918328276131418
AACCGTTC	0.807703170072522
AACCGTTG	0.38050696181509
AACCTAAA	1.49447211412554
AACCTAAC	0.197973518742902
AACCTAAT	0.818411940958995
AACCTACA	1.36432141161454
AACCTAGA	1.01153018745282
AACCTAGG	0.826625506245188
AACCTAGT	0.241653310828232
AACCTATA	0.914191222363188
AACCTATC	0.666157551172019
AACCTATT	0.578186057829015
AACCTCAA	0.952033732485298
AACCTCAG	1.65629938686542
AACCTCAT	0.218893028433299
AACCTCCA	0.389291354032369
AACCTCGA	0.0527492373976165
AACCTCGG	0.325435136304559
AACCTCGT	1.55242402097019
AACCTCTT	0.246059921758366
AACCTGAT	0.413218516227089
AACCTGCG	0.527316152783429
AACCTGCT	0.178349180763571
AACCTGTA	0.964163084029817
AACCTTAA	0.0983548496342916
AACCTTAC	0.598348068650003
AACCTTAG	0.776023716879355
AACCTTAT	1.1012278556695
AACCTTCA	0.261079445012048
AACCTTCT	1.10776786018046
AACCTTGA	0.497603601982859
AACCTTGC	0.776718511275274
AACCTTGG	0.283170158948678
AACCTTGT	0.0599544859204382
AACCTTTA	1.13142978965973
AACCTTTC	1.07287534327671
AACCTTTG	0.0559053625633089
AACGAAAA	0.29690315938419
AACGAAAC	2.96306421811472
AACGAAAG	2.71044375072477
AACGAAAT	1.54618961067486
AACGAACA	0.723117718298011
AACGAACC	1.30927553278269
AACGAACG	0.47043310495242
AACGAACT	1.42471951366639
AACGAAGA	1.54882247782039
AACGAAGC	0.856789961699536
AACGAAGT	1.66266353055417
AACGAATA	1.39113730403627
AACGAATC	1.53778721122712
AACGAATG	1.35514061180622
AACGAATT	1.02439685711666
AACGACAA	2.07821400452815
AACGACAC	2.14935835600236
AACGACAT	0.389080897638585
AACGACCG	0.512605827450752
AACGACCT	1.08275958637384
AACGACGA	1.38917616757227
AACGACGT	1.02134091496034
AACGACTC	0.632836970551976
AACGACTT	0.515171665676344
AACGAGAA	0.236909393075186
AACGAGAC	1.56574259528781
AACGAGAG	0.436537372954843
AACGAGAT	0.608040594621283
AACGAGCA	0.473548147876859
AACGAGCT	0.111855050702709
AACGAGGA	1.08629842505015
AACGAGGC	1.11781066631401
AACGAGGT	0.191290807499168
AACGAGTA	0.909566947628526
AACGAGTG	1.43370138893811
AACGAGTT	1.34937828691476
AACGATAA	1.87879503956013
AACGATAG	0.720995135833301
AACGATAT	1.53350312627967
AACGATCA	0.886515485839448
AACGATCC	0.455613226976401
AACGATCG	0.218694824637781
AACGATCT	0.443246751618337
AACGATGA	0.28369197548669
AACGATGG	0.49626086136087
AACGATTA	0.196488792129217
AACGATTG	0.934503147327691
AACGCAAA	0.901170314109383
AACGCAAC	1.283571023098
AACGCAAG	0.316265868353442
AACGCAAT	1.8046653785549
AACGCACC	0.10907371089581
AACGCACG	0.0181298813611381
AACGCACT	0.517470829704332
AACGCAGC	1.33979459284574
AACGCATA	1.90363610143744
AACGCATG	0.466263617835832
AACGCATT	1.19233241046381
AACGCCAC	0.214170012171415
AACGCCAT	0.951000910525388
AACGCCTA	0.423406191316624
AACGCCTT	0.623951674584253
AACGCGAC	1.04537330535195
AACGCGAG	0.123812865871473
AACGCGAT	0.509173658453485
AACGCGCA	0.680225696207223
AACGCGCG	1.47435118554581
AACGCGCT	1.02692089235993
AACGCGGA	0.475334865000804
AACGCGGG	0.279805018871349
AACGCGGT	1.29072365752237
AACGCGTA	0.663818025643851
AACGCGTC	0.130460981543624
AACGCGTT	0.711736495988932
AACGCTAA	0.85846063951047
AACGCTAC	1.31680006960156
AACGCTAT	0.407697639595618
AACGCTCA	0.771622151136745
AACGCTCG	0.270497368633906
AACGCTCT	0.292853315285988
AACGCTGA	0.474690522480107
AACGCTGC	1.3004262738687
AACGCTGT	0.0168253400161036
AACGCTTA	0.354917049961257
AACGCTTG	0.608922781696599
AACGGAAG	0.0469436680416776
AACGGAAT	0.74205446929217
AACGGACA	2.1705149895063
AACGGACT	0.332478218085595
AACGGAGA	0.135930685558796
AACGGAGC	3.76182767626839
AACGGATG	0.690688694387257
AACGGATT	0.141924368335209
AACGGCAA	0.978208165350634
AACGGCAT	0.146407377819249
AACGGCCG	0.402926333681737
AACGGCGA	0.815415820311864
AACGGCGC	0.406821218448899
AACGGCTA	0.768210883630642
AACGGCTG	0.0254439617862257
AACGGCTT	0.725020474734968
AACGGGAA	0.62340030766218
AACGGGAT	0.883617385978465
AACGGGCA	0.24333696197851
AACGGGCG	0.00111606755402433
AACGGGCT	0.987927358741677
AACGGGGA	0.153469198868223
AACGGGGC	2.41642463675061
AACGGGTA	2.37192536206345
AACGGTAA	0.985762252553564
AACGGTAC	0.538380969760758
AACGGTAG	0.297846609450848
AACGGTAT	0.230703091681766
AACGGTCT	0.879316723986299
AACGGTGA	1.49847006486637
AACGGTGC	0.450433981614293
AACGGTGG	1.18969449813076
AACGGTGT	0.043917997010487
AACGGTTA	0.566448068688006
AACGGTTC	1.10349674857236
AACGGTTG	0.0691122220143635
AACGTAAA	1.95787691248896
AACGTAAC	1.70729902530443
AACGTAAG	0.8728459106185
AACGTAAT	1.9787978636615
AACGTACA	1.24943384284043
AACGTACC	0.45790013840612
AACGTACG	0.310037944727782
AACGTACT	2.44037125895434
AACGTAGA	0.677242548899436
AACGTAGC	0.778027377066756
AACGTAGG	0.110116623230761
AACGTATA	1.15798189084816
AACGTATC	1.72181619202912
AACGTATG	0.759112248304834
AACGTATT	1.45125431706903
AACGTCAA	1.73338552775867
AACGTCAC	0.355859058545764
AACGTCAT	0.664166143582885
AACGTCCC	0.250219318499908
AACGTCCG	0.093094160530753
AACGTCGA	0.0276595198495593
AACGTCGC	0.147648493949716
AACGTCTC	0.342939054042404
AACGTCTG	0.230205059599217
AACGTCTT	0.525579887534707
AACGTGAC	0.925323789001528
AACGTGAG	1.51683743041159
AACGTGAT	2.04356077366116
AACGTGCA	0.390435170117767
AACGTGCC	1.35052786892875
AACGTGCG	0.342304801896752
AACGTGCT	0.477262126634296
AACGTGGA	1.17091270646764
AACGTGGC	0.238724219101041
AACGTGGT	1.55972584879701
AACGTGTA	0.767131934241959
AACGTGTC	0.168065647111114
AACGTGTG	0.742071046336885
AACGTTAA	0.29425155297072
AACGTTAC	0.382130791456174
AACGTTAG	1.07111961801898
AACGTTAT	0.234662843145644
AACGTTCG	0.0904951682157293
AACGTTCT	0.38052570108303
AACGTTGA	0.953767114769721
AACGTTGC	1.11923340919527
AACGTTGG	0.580848475358606
AACGTTGT	2.37757957579373
AACGTTTA	1.21457664224933
AACGTTTC	0.452523409989572
AACGTTTG	0.68285495964738
AACTAAAA	1.37729330947527
AACTAAAC	0.556661846377026
AACTAAAG	0.838951620103074
AACTAAAT	1.73489403882781
AACTAACA	2.02294181299888
AACTAACC	0.971116073176527
AACTAACG	1.98441099515052
AACTAACT	0.516463233682036
AACTAAGA	0.365147969515267
AACTAAGC	0.672520253378626
AACTAAGG	1.29407222055498
AACTAAGT	1.54062765180214
AACTAATA	1.36098798414449
AACTAATC	0.0670696418089325
AACTAATG	0.937246287857637
AACTACAA	1.09949375264401
AACTACAC	1.96850279815185
AACTACAG	0.562899139636655
AACTACAT	0.784355483701783
AACTACCC	0.932604715337184
AACTACCT	0.405766053515679
AACTACGA	0.966438463602343
AACTACTC	1.06250099624885
AACTACTG	0.57060746542955
AACTACTT	1.40596294794089
AACTAGAA	1.21765348589682
AACTAGAC	2.97195600075212
AACTAGAT	0.326223627040175
AACTAGCA	0.0858514334720514
AACTAGCT	0.61650353631929
AACTAGGA	0.0853591673180971
AACTAGGC	0.13503264217984
AACTAGGG	0.072955934165228
AACTAGGT	1.11294422257828
AACTAGTA	0.0516083042765171
AACTAGTC	1.08382556242318
AACTATAA	1.10360990492107
AACTATAC	1.04913557376139
AACTATAG	0.545096835093923
AACTATAT	0.130950364733281
AACTATCA	0.757040838456423
AACTATCC	0.848223233286786
AACTATCG	0.109509759245944
AACTATCT	1.13244891753922
AACTATGA	1.82065429855393
AACTATGG	0.398052682535261
AACTATGT	0.834491674333422
AACTATTA	1.6837978210848
AACTATTC	1.20556521659355
AACTATTG	0.119201564476152
AACTCAAA	2.2138747725545
AACTCAAC	1.30617346319759
AACTCAAG	1.75827343780583
AACTCAAT	1.20704994320724
AACTCACG	0.43949529432502
AACTCACT	1.65428707778512
AACTCAGA	0.389604876399822
AACTCAGG	0.0979015034983644
AACTCATA	0.00967847152032657
AACTCATG	0.924014923210047
AACTCATT	0.45564926403013
AACTCCAC	0.726903771162909
AACTCCGA	0.902334310944869
AACTCCTA	0.63798089960143
AACTCGAG	1.20242999291902
AACTCGAT	0.624882872052641
AACTCGCC	0.401761616105177
AACTCGCG	0.430804598447439
AACTCGGA	0.53837808679646
AACTCGGC	0.481034485418776
AACTCGGT	0.665005086193725
AACTCGTA	0.649719609483512
AACTCTAA	1.48408191079404
AACTCTAC	1.22276786456221
AACTCTAG	0.484365750665598
AACTCTAT	0.30019190090761
AACTCTCA	0.904628429785335
AACTCTCG	0.212031573403062
AACTCTCT	0.290149094774072
AACTCTGA	1.263698750189
AACTCTGC	0.389703617927042
AACTCTTA	1.71340586442955
AACTGAAA	2.51056206998685
AACTGAAC	0.978962781255744
AACTGAAG	0.773602026868684
AACTGAAT	0.72802308205177
AACTGACA	1.00256200626152
AACTGACG	0.858732358895595
AACTGAGA	1.3020609146259
AACTGAGG	0.454309406372441
AACTGATA	2.81683738593466
AACTGATC	0.943113120204917
AACTGATG	0.990729600039739
AACTGATT	1.21822070912253
AACTGCAA	1.91853814389597
AACTGCAC	1.32671314234167
AACTGCAG	0.00346280049293747
AACTGCAT	0.0577331619285076
AACTGCCA	0.00896133415109484
AACTGCCC	0.250960961065675
AACTGCCT	0.513100976569004
AACTGCGA	0.402091715517345
AACTGCGC	0.798291012379261
AACTGCTG	0.0329389482210378
AACTGCTT	0.639800770814805
AACTGGAA	2.51857526925431
AACTGGAC	0.40560965270249
AACTGGAT	0.30866637446281
AACTGGCA	0.911414927743811
AACTGGCC	0.472641455605006
AACTGGTA	1.05983065056744
AACTGTAA	1.45574597544597
AACTGTAC	0.597193441448486
AACTGTAG	1.59794530650114
AACTGTAT	0.928985153660519
AACTGTCA	2.50858075277276
AACTGTCC	0.741813021032178
AACTGTCT	0.0963922716881429
AACTGTGA	2.15399992852281
AACTGTGT	1.20144690209326
AACTGTTA	1.64888944787741
AACTGTTG	0.15160752467252
AACTTAAA	1.40729199448246
AACTTAAC	1.71648703252349
AACTTAAG	0.977573913204983
AACTTAAT	1.09576607980615
AACTTACA	2.14682206816082
AACTTACC	0.658688511415891
AACTTACG	0.572534006321968
AACTTACT	1.22703321024172
AACTTAGA	0.962737458184248
AACTTAGC	1.03993171023869
AACTTAGG	0.119986451506396
AACTTAGT	0.0453875880616054
AACTTATA	0.668105714296672
AACTTATC	1.56389966036005
AACTTATG	0.900823637652497
AACTTCAA	0.291336155323946
AACTTCAC	0.666064575573393
AACTTCAG	0.758617819927656
AACTTCAT	0.432332569525601
AACTTCCA	1.11190347246655
AACTTCCG	0.986302808359518
AACTTCGT	1.27135518262452
AACTTCTC	0.398302779688148
AACTTCTG	1.20740382707487
AACTTCTT	0.533199562175427
AACTTGAA	0.0693219576670732
AACTTGAC	2.299039700153
AACTTGAG	1.36235018477549
AACTTGAT	0.981237440087197
AACTTGCA	0.979474507418715
AACTTGCC	0.954531100308802
AACTTGCG	1.16127279459481
AACTTGCT	1.48783336808736
AACTTGGA	1.45007806763528
AACTTGGC	0.823997684287181
AACTTGGT	0.450929130732547
AACTTGTA	0.590422079052575
AACTTGTG	0.491684155537132
AACTTTAA	2.64726647108924
AACTTTAC	1.16969609553371
AACTTTAG	0.117988557247592
AACTTTAT	2.19363924614391
AACTTTCA	2.04545776416952
AACTTTCC	1.54358917687769
AACTTTCG	1.38133810838595
AACTTTCT	1.03385298001547
AACTTTGA	1.59447421748584
AACTTTGG	1.8993008438737
AACTTTGT	1.09880760714098
AACTTTTA	0.896757937250653
AACTTTTC	2.08449814595762
AACTTTTG	1.15277597806629
AAGAAAAA	3.07635174170321
AAGAAAAC	0.672819360924587
AAGAAAAG	2.26150134276437
AAGAAAAT	1.9326026852258
AAGAAACA	3.69059106993663
AAGAAACG	0.776182279915769
AAGAAACT	1.92008917868852
AAGAAAGA	1.09208165143277
AAGAAAGC	0.551857386373713
AAGAAAGG	0.193141670578754
AAGAAAGT	2.35788460518908
AAGAAATA	1.81098195333274
AAGAAATC	0.908112492139973
AAGAAATG	1.65073814873377
AAGAACAA	0.726372584990926
AAGAACAC	1.28379301134897
AAGAACAT	0.707723409685535
AAGAACCA	0.816591349004544
AAGAACCG	0.82616711492174
AAGAACCT	0.396659490038051
AAGAACGG	0.234417070439204
AAGAACTA	0.481693242760965
AAGAACTG	0.903374340315523
AAGAAGAA	0.0729847638082132
AAGAAGAC	1.26514455678466
AAGAAGAG	0.384623114092157
AAGAAGAT	0.923232919144101
AAGAAGCC	0.973003694050916
AAGAAGCG	0.724012157971595
AAGAAGCT	1.00377645497223
AAGAAGGT	0.588070300926141
AAGAAGTC	1.2832928170432
AAGAAGTG	2.03149845103658
AAGAATAA	2.29617475438144
AAGAATAC	1.32858202394812
AAGAATAT	0.111892529238587
AAGAATCA	1.96175666169355
AAGAATCC	0.300415330640739
AAGAATCG	0.191290807499168
AAGAATGA	0.255834612212152
AAGAATGC	0.438516527945707
AAGAATGG	0.448869252741326
AAGAATGT	0.839776868633497
AAGAATTA	1.11922043585593
AAGAATTC	0.698284584572513
AAGACAAA	0.478116925548777
AAGACAAG	0.839340820283361
AAGACAAT	1.64500249126207
AAGACACA	1.86060209335496
AAGACACC	1.11363180956345
AAGACACG	1.07735546979645
AAGACAGA	1.6823873308018
AAGACAGC	0.175549822429806
AAGACATA	0.726637096965305
AAGACATG	1.08522452084899
AAGACATT	1.33979459284574
AAGACCAA	0.705682991703329
AAGACCAG	0.142920432500311
AAGACCAT	0.762232336416798
AAGACCCA	0.0488723711573186
AAGACCGA	0.19786036239419
AAGACCTA	0.147813543655802
AAGACCTC	0.318566473863579
AAGACCTG	0.017776718234582
AAGACCTT	0.228537264752581
AAGACGAA	1.4746012826987
AAGACGAC	0.793944222958321
AAGACGAG	2.30037811632854
AAGACGAT	0.354313789681813
AAGACGCC	0.400632214841272
AAGACGGA	1.70202608360262
AAGACGGC	0.160802018561249
AAGACGGG	0.237036243504318
AAGACGGT	0.460048667549516
AAGACGTC	1.1297619948131
AAGACGTG	0.039158222953799
AAGACTAA	1.73842350787015
AAGACTAC	0.370782723236525
AAGACTAG	0.85342986680973
AAGACTAT	0.928265854068064
AAGACTCC	0.447171186769558
AAGACTCG	1.64460896663533
AAGACTGA	1.29858333894093
AAGACTGC	0.682780002575622
AAGACTGG	0.449858109495685
AAGACTGT	1.23498730874106
AAGACTTA	1.10789903505604
AAGACTTC	0.901324552699348
AAGACTTG	0.0760601659735505
AAGAGAAA	1.76782686074972
AAGAGAAC	0.211111907791868
AAGAGAAG	2.05958284774962
AAGAGAAT	1.55234257722876
AAGAGACA	0.0861685595448797
AAGAGACG	0.382670626521052
AAGAGAGT	0.513059894327754
AAGAGATA	3.85794354375442
AAGAGATG	0.126550961213894
AAGAGATT	0.148424011345991
AAGAGCAC	0.287760558852832
AAGAGCAG	0.179244341178229
AAGAGCCA	0.528329514734323
AAGAGCCG	0.0915114131309222
AAGAGCGA	0.0770944294156072
AAGAGCGT	0.880161432525737
AAGAGCTA	1.56691452027511
AAGAGCTC	0.141357865850569
AAGAGCTG	0.824151202136071
AAGAGCTT	0.625625956100559
AAGAGGAA	0.514520115744903
AAGAGGAC	0.960201170342716
AAGAGGCA	1.49939621714724
AAGAGGCC	1.16387755283843
AAGAGGCG	0.0125369306222083
AAGAGGGT	0.434032797720594
AAGAGGTA	0.923835458682472
AAGAGGTC	0.591057051939302
AAGAGGTG	0.810042695600688
AAGAGTAA	1.62324620118405
AAGAGTAC	0.365819700196799
AAGAGTAG	0.417780807229336
AAGAGTAT	0.340338620245231
AAGAGTCG	0.827225162819259
AAGAGTCT	1.56144986144746
AAGAGTGA	0.13670908591937
AAGAGTGC	0.75619036398839
AAGAGTGT	1.08035303192573
AAGAGTTA	1.21178088762094
AAGAGTTC	1.97884399109027
AAGATAAA	3.70827228997882
AAGATAAC	1.76476875637017
AAGATAAG	0.816587745299172
AAGATAAT	2.30015829030078
AAGATACA	1.22582092375424
AAGATACC	1.45175811508018
AAGATACG	1.96698924189518
AAGATACT	1.49530457006671
AAGATAGA	0.281968683577311
AAGATAGG	1.09530192255411
AAGATAGT	0.654155050056629
AAGATATA	3.25411748256689
AAGATATC	0.224111914554509
AAGATATT	1.74227731039606
AAGATCAA	1.70805724491491
AAGATCAG	0.48098979947215
AAGATCAT	1.07525306808183
AAGATCCT	1.02144758463938
AAGATCGA	2.06395558384925
AAGATCGT	1.46073494516438
AAGATCTA	0.982063409358693
AAGATCTC	0.793519706465379
AAGATGAC	0.627187802009227
AAGATGAG	0.661026595461907
AAGATGCA	0.634806035167796
AAGATGCC	0.335472176509501
AAGATGCG	0.975988282840853
AAGATGCT	0.266722847626202
AAGATGGG	1.00846920010898
AAGATGGT	1.07756448470809
AAGATGTG	0.250176074035431
AAGATTAA	1.30964383147181
AAGATTAC	1.93765868386415
AAGATTAG	1.40488327781113
AAGATTAT	1.45091989321042
AAGATTCA	1.04772003829086
AAGATTGA	0.136004201148407
AAGATTGG	0.830973016407202
AAGATTTA	0.690633918065586
AAGATTTC	0.421094053949293
AAGATTTG	0.371715362187064
AAGCAAAA	1.10205742864637
AAGCAAAC	1.82671861395565
AAGCAAAG	0.191844336644465
AAGCAAAT	0.118534878982143
AAGCAACA	1.01656960904646
AAGCAACC	1.14045635087808
AAGCAAGA	1.09705476484755
AAGCAAGT	1.42618261804784
AAGCAATA	1.11683766586329
AAGCAATC	0.0879401411062553
AAGCAATT	2.71054753743951
AAGCACAG	0.288579320713584
AAGCACCT	0.357488654115444
AAGCACGA	0.530788683280874
AAGCACGC	1.54215994732675
AAGCACGG	0.271843712961268
AAGCACGT	1.49115310147699
AAGCACTT	0.248560893287243
AAGCAGAA	1.69301249572362
AAGCAGAC	0.605163396251463
AAGCAGAT	0.586481787597714
AAGCAGCC	0.152584849569682
AAGCAGCG	0.444774001955424
AAGCAGGG	0.0183821407372502
AAGCAGTA	1.07971373459256
AAGCAGTC	1.30718682514849
AAGCATAA	1.36833882236438
AAGCATAC	0.299387553868352
AAGCATAT	0.541810255793727
AAGCATCC	0.318322863380363
AAGCATCG	0.679597209990168
AAGCATGA	1.09844147067508
AAGCATGC	0.946218072754314
AAGCATTA	1.26638134846868
AAGCATTG	0.198498218245213
AAGCCAAT	0.928066929531474
AAGCCACC	0.110173561775656
AAGCCACT	0.238092849919687
AAGCCAGC	0.963512254839449
AAGCCAGT	0.592167713935269
AAGCCCAT	0.0414963069998158
AAGCCGAA	0.918896940839281
AAGCCGAG	0.127558557236191
AAGCCGAT	0.428737513045473
AAGCCGCC	0.141269935439467
AAGCCGGG	0.848149717697177
AAGCCGTA	1.41992514403812
AAGCCTAC	1.13018434908281
AAGCCTAG	0.960250901476863
AAGCCTAT	1.70000872933481
AAGCCTCA	1.14129817645322
AAGCCTGT	0.640368714781594
AAGCCTTA	0.954957779024968
AAGCCTTG	0.508073086832563
AAGCGAAA	0.439756202594027
AAGCGAAG	0.415941476006945
AAGCGAAT	0.179531196125922
AAGCGACA	0.0910169847537431
AAGCGATA	0.919908861308025
AAGCGATC	1.11491184571194
AAGCGATT	1.1646473043061
AAGCGCAA	1.18123371865598
AAGCGCGA	1.28223332766353
AAGCGCTC	0.368457612529851
AAGCGGAA	0.765540537949232
AAGCGGAC	0.0547413657278231
AAGCGGAG	0.432934388322895
AAGCGGGC	0.959984227279259
AAGCGGTA	0.172589738836406
AAGCGTAA	0.559453997300045
AAGCGTAC	2.19911904053413
AAGCGTAT	0.221071828701827
AAGCGTCA	0.169765154565031
AAGCGTCT	0.753574073887573
AAGCGTGG	0.576611959322079
AAGCGTGT	0.377208850657698
AAGCGTTA	0.0584366052173203
AAGCGTTG	0.00168617374403596
AAGCTAAA	0.60993542290642
AAGCTAAT	1.89825288635122
AAGCTACC	0.161718801208145
AAGCTAGA	0.628787847194848
AAGCTATA	0.414103586266704
AAGCTCAC	0.413741053506179
AAGCTCCG	0.370985972219563
AAGCTCTA	0.138738692785455
AAGCTGAA	0.971970151349932
AAGCTGAC	0.255164323012769
AAGCTGAT	0.64200695924417
AAGCTGCA	0.268045407498102
AAGCTGGA	0.61719400626876
AAGCTGTA	0.449277192189553
AAGCTTAA	0.799620779661907
AAGCTTAC	1.60901444792491
AAGCTTAG	0.104179878999245
AAGCTTAT	0.678241496028836
AAGCTTCC	0.114017273926522
AAGCTTCG	0.0638414425357813
AAGCTTCT	1.23957050123447
AAGCTTGC	0.372472861056473
AAGCTTGG	0.234823568405282
AAGCTTGT	0.676794968692106
AAGCTTTA	1.5954688401688
AAGCTTTG	0.330303742263511
AAGGAAAA	1.75348987929368
AAGGAACC	0.543137860853148
AAGGAAGA	0.913518050199507
AAGGAAGC	0.961029301837437
AAGGAAGT	0.996260567046253
AAGGAATA	0.935824265717442
AAGGAATC	1.60430800870775
AAGGAATT	0.661558502374966
AAGGACAA	0.474823138837834
AAGGACAC	1.08600436269171
AAGGACAT	0.556838427940304
AAGGACGG	0.074744092771322
AAGGACTA	0.666060251126945
AAGGACTG	0.248800179324011
AAGGACTT	1.48612232877625
AAGGAGGA	1.07489341828561
AAGGAGTA	0.664604354156244
AAGGAGTG	0.977071556675983
AAGGATAA	0.504596952629746
AAGGATAT	1.33419875914251
AAGGATCA	0.631842347869022
AAGGATCC	1.05602874139891
AAGGATCT	0.142519700462832
AAGGATGC	0.0127646848017818
AAGGATGT	0.258135217722289
AAGGATTC	0.349166977668061
AAGGCAAA	0.0643423575826303
AAGGCAAC	0.729796105095298
AAGGCAAG	0.55328445370143
AAGGCAAT	2.15419452861295
AAGGCACA	0.907025614599471
AAGGCACG	0.138917436571958
AAGGCAGT	1.40101650194587
AAGGCATA	0.817330829347088
AAGGCATC	0.342378317486361
AAGGCATG	0.439868638201665
AAGGCATT	0.19713890057851
AAGGCCAA	0.369138712845354
AAGGCCCA	0.177846103493497
AAGGCCGC	0.334947477007189
AAGGCGAA	0.847026803102945
AAGGCGAT	0.569225804789531
AAGGCGCA	0.294794991740973
AAGGCGCT	0.283272504181269
AAGGCGGA	0.699037038254401
AAGGCGTA	0.403478421344884
AAGGCGTG	0.458501957203416
AAGGCTAA	0.254218710722889
AAGGCTAG	0.786568879541894
AAGGCTCC	0.181314309544493
AAGGCTCG	0.69754366274782
AAGGCTGT	0.0327904755596689
AAGGCTTA	0.17303948126696
AAGGCTTG	0.122134980649792
AAGGGAAC	0.367253974935262
AAGGGACA	1.32497039042328
AAGGGATA	0.019229011499911
AAGGGATG	0.288698242990893
AAGGGATT	0.144457773212443
AAGGGCAA	0.140931187134402
AAGGGCCA	0.460662018204005
AAGGGCCG	0.0634933245967446
AAGGGCGC	0.356444300298344
AAGGGCGG	0.437257393288374
AAGGGCTG	0.180867450078239
AAGGGGAA	0.950847392676498
AAGGGGAC	0.0831248699868236
AAGGGGCA	0.435769062969314
AAGGGTAA	1.12878611139808
AAGGGTCT	1.34878367552821
AAGGGTTA	0.412472549214874
AAGGTAAA	2.06310583012229
AAGGTAAC	1.54758856910067
AAGGTACA	0.959031407578633
AAGGTACC	0.281736604951287
AAGGTAGA	0.360026383439127
AAGGTAGG	0.316845344177422
AAGGTAGT	0.246005866177769
AAGGTATA	0.100141566758237
AAGGTATC	0.915144042063815
AAGGTATG	0.201715606402248
AAGGTATT	1.69020809220233
AAGGTCAC	0.456072339040923
AAGGTCAG	0.179113887043726
AAGGTCCA	0.862959505298151
AAGGTCGA	1.01218750331286
AAGGTCTG	0.833084787755794
AAGGTGAA	0.306719652820304
AAGGTGAG	0.492626884862716
AAGGTGAT	0.010381914809141
AAGGTGCT	0.386674343190479
AAGGTGGC	0.488375954004698
AAGGTGTA	0.630941421525767
AAGGTGTC	0.374325886359281
AAGGTGTG	0.638307395308224
AAGGTTAA	2.78320544517039
AAGGTTAG	0.817789220670536
AAGGTTAT	0.601790328022313
AAGGTTCG	1.23105854914339
AAGGTTCT	0.189050744239298
AAGGTTGA	0.337061410579005
AAGGTTGC	0.346526903111786
AAGGTTGG	0.789521755724549
AAGGTTGT	1.07775043590534
AAGGTTTA	2.24935036898761
AAGGTTTG	0.768444403738814
AAGTAAAA	2.65331709241054
AAGTAAAC	0.335753265528596
AAGTAAAG	1.2856539648036
AAGTAAAT	1.7123716009875
AAGTAACA	0.166121087691831
AAGTAACC	0.120323758329311
AAGTAAGC	0.0466157308527313
AAGTAAGG	0.775366401019315
AAGTAAGT	2.09015812561649
AAGTAATA	0.00816419452258242
AAGTAATC	0.16583783644951
AAGTAATG	0.821338149721889
AAGTAATT	1.15842875031442
AAGTACAA	0.790938732677221
AAGTACAC	0.611948452727788
AAGTACAG	0.695472973640482
AAGTACAT	1.36801593036296
AAGTACCA	0.701800359534434
AAGTACCC	0.0745639075026718
AAGTACCT	0.644919473926646
AAGTACGA	1.94753499880945
AAGTACGG	1.89435583936084
AAGTACGT	2.29699207476004
AAGTACTA	1.38440125795302
AAGTACTC	0.406821218448899
AAGTACTG	1.14607813125999
AAGTACTT	1.03484760269843
AAGTAGAA	0.91659273162377
AAGTAGAG	0.521074535077355
AAGTAGAT	1.69917771487579
AAGTAGCA	1.35049903928577
AAGTAGCG	0.0764825202432692
AAGTAGGA	0.49573472037641
AAGTAGGC	0.386042253268053
AAGTAGGG	0.584293617695215
AAGTAGGT	0.333751046823346
AAGTAGTA	0.853728253614616
AAGTAGTC	0.626168674129736
AAGTATAC	0.758214204925878
AAGTATAG	1.54331601601041
AAGTATAT	0.730375580919279
AAGTATCA	0.666450892789381
AAGTATCG	0.350766302112609
AAGTATCT	0.000339108675600693
AAGTATGA	1.03537086071859
AAGTATGC	0.784094575432777
AAGTATGG	0.360866046791042
AAGTATTA	1.59800729023355
AAGTATTC	0.506455023120077
AAGTATTG	0.296654503713453
AAGTCAAA	0.989397670533869
AAGTCAAT	2.17040976130941
AAGTCACA	1.47130389228238
AAGTCACT	0.68285495964738
AAGTCAGA	1.3148576724055
AAGTCAGC	0.369365746283853
AAGTCAGG	1.71118381969655
AAGTCAGT	1.1993654018698
AAGTCATA	0.272111828641019
AAGTCATG	0.325216751758955
AAGTCCAA	0.00228366809488387
AAGTCCAG	1.25979882023432
AAGTCCAT	1.25382027302047
AAGTCCCT	1.89363437754516
AAGTCCGT	0.595325280583112
AAGTCCTA	0.431590206218758
AAGTCGAA	0.865394168648165
AAGTCGAG	0.0749192328524511
AAGTCGCG	0.818064543761036
AAGTCGCT	1.48759624427382
AAGTCGGT	1.17747145024654
AAGTCGTA	0.923605542279672
AAGTCGTC	1.78444498770687
AAGTCGTG	0.908543495302587
AAGTCTAC	0.0783463566621956
AAGTCTAG	0.0712369667022968
AAGTCTAT	0.55919020606674
AAGTCTCA	0.151386257162616
AAGTCTGA	0.167698069163064
AAGTCTGG	2.32873927761422
AAGTCTGT	0.525977015866814
AAGTCTTA	1.32181426525759
AAGTCTTG	0.980632017584529
AAGTGAAA	1.4699979094552
AAGTGAAG	0.907025614599471
AAGTGAAT	1.00324959324669
AAGTGACA	0.0163770390677007
AAGTGACC	0.591212011270344
AAGTGACG	0.840811132075554
AAGTGACT	1.09949375264401
AAGTGAGC	0.0373880828745706
AAGTGAGT	0.695287743184307
AAGTGATA	2.08022343064414
AAGTGATG	0.930916018999385
AAGTGATT	0.694905750414768
AAGTGCAA	0.259374892370609
AAGTGCAC	1.04973523033546
AAGTGCAG	1.0668758945717
AAGTGCAT	0.454385084185275
AAGTGCCA	0.858447666171127
AAGTGCCG	0.854691163690287
AAGTGCGA	0.37176797628551
AAGTGCGC	0.297492004842143
AAGTGCGT	0.350723057648132
AAGTGCTA	0.474221320040541
AAGTGCTC	0.0888518785656306
AAGTGGAC	0.0453421813739069
AAGTGGAG	0.0227181190420707
AAGTGGAT	1.35145762491499
AAGTGGCA	0.0331313860879564
AAGTGGCT	0.609265133707035
AAGTGGTA	0.869451220157113
AAGTGGTC	0.0386825338445598
AAGTGGTG	1.28898523005042
AAGTGTAA	1.03569375272001
AAGTGTAC	1.98158713162022
AAGTGTAG	1.64015550753535
AAGTGTCC	0.171408444215129
AAGTGTCG	1.11181554205544
AAGTGTCT	0.0713623756492776
AAGTGTGA	1.14411194960847
AAGTGTGC	0.388032940116109
AAGTGTGG	0.0718676151425748
AAGTGTGT	0.236570644770122
AAGTGTTA	0.862413904304675
AAGTGTTC	1.46840579242139
AAGTGTTG	0.305100868366742
AAGTTAAA	1.88397140195793
AAGTTAAC	1.48294097767294
AAGTTAAG	0.0807925518694038
AAGTTAAT	1.44677130758499
AAGTTACA	0.139521417592477
AAGTTACC	0.22777183773135
AAGTTACG	1.0551804291541
AAGTTACT	0.197973518742902
AAGTTAGA	0.780017343173739
AAGTTAGC	0.449174846956959
AAGTTAGG	0.461107436188111
AAGTTAGT	0.723597011112624
AAGTTATC	1.81709095468108
AAGTTATG	2.60931801202916
AAGTTATT	1.42899494972095
AAGTTCAA	1.07618066184485
AAGTTCAG	1.66831269909692
AAGTTCAT	1.56965621932291
AAGTTCCA	0.840013992447041
AAGTTCCG	0.580560178928763
AAGTTCGA	0.135664011361194
AAGTTCGC	0.584482451856761
AAGTTCGG	0.320072822709502
AAGTTCGT	1.93417318002736
AAGTTCTA	1.42645722039726
AAGTTCTG	1.10612096682499
AAGTTGAA	0.398717926547121
AAGTTGAC	1.38734836820707
AAGTTGAT	0.192788507452198
AAGTTGCA	0.434584164642665
AAGTTGCC	0.545869469525899
AAGTTGCG	0.98702787388057
AAGTTGGG	0.783422124010171
AAGTTGGT	0.924483404908541
AAGTTGTA	2.01164059294908
AAGTTGTC	1.19622585374883
AAGTTGTG	1.61904139775481
AAGTTTAA	1.54701630068743
AAGTTTAG	0.960894523256485
AAGTTTAT	1.43302245084584
AAGTTTCA	0.478416753835813
AAGTTTCC	0.090757517966885
AAGTTTCG	0.693547153489138
AAGTTTCT	1.42084048520287
AAGTTTGA	3.28209088515444
AAGTTTGC	0.755044385679768
AAGTTTGG	1.72715255894549
AAGTTTGT	1.142513345905
AAGTTTTA	2.01696903171363
AAGTTTTC	0.764810427240659
AAGTTTTG	0.331208272312141
AATAAAAA	3.27338145000892
AATAAAAC	1.86716804454461
AATAAAAG	1.21314452973409
AATAAAAT	2.47495169497279
AATAAACA	3.31251336591349
AATAAACC	0.687066970487369
AATAAACG	1.77029395744809
AATAAACT	0.586095470381726
AATAAAGA	2.36988710630447
AATAAAGC	0.640368714781594
AATAAAGG	0.310257050014463
AATAAAGT	2.19187270977005
AATAAATA	1.10865725466653
AATAAATC	0.572885727966374
AATAAATG	1.84370792256623
AATAAATT	0.871974534659304
AATAACAA	0.482718136569053
AATAACAC	1.5683509572368
AATAACAG	1.65618839273993
AATAACCA	0.943890799824415
AATAACCC	0.336068950119274
AATAACCG	1.75948788651654
AATAACCT	0.203634219142846
AATAACGA	1.1383099839579
AATAACGC	0.538205108938554
AATAACGG	0.871485872210722
AATAACGT	2.1986743432911
AATAACTA	1.07455971516806
AATAACTC	0.248945769021082
AATAACTG	1.60711025000581
AATAAGAA	2.90225024846282
AATAAGAC	0.464058870888615
AATAAGAG	0.458332583050883
AATAAGAT	1.73488466919384
AATAAGCA	0.523675689615602
AATAAGCC	1.16615365315203
AATAAGCG	0.605085556215406
AATAAGCT	0.632594801550909
AATAAGGA	1.13487421125527
AATAAGGC	0.594522375026002
AATAAGGG	0.653514311241304
AATAAGGT	0.959031407578633
AATAAGTA	1.06567441920034
AATAAGTC	1.51413320989968
AATAAGTG	2.90234250332037
AATAATAA	2.46371173791434
AATAATAC	0.500757564925328
AATAATAG	2.95777037492175
AATAATCA	5.36952100568477e-05
AATAATCG	0.234182108848883
AATAATCT	0.999999771741302
AATAATGC	1.08121143454559
AATAATGG	2.72712458215542
AATAATGT	1.08232497950585
AATAATTA	2.27965392746936
AATAATTC	0.73801904001546
AATAATTG	0.419988437140849
AATACAAA	1.68188281204958
AATACAAC	2.8495309218198
AATACAAG	0.929808960708792
AATACAAT	0.390636977618655
AATACACA	0.935730569377744
AATACACC	0.881858777756429
AATACACG	1.10155363063522
AATACAGA	0.695234408344787
AATACAGC	0.620291751407411
AATACAGG	0.584891112046061
AATACAGT	0.962057078609822
AATACATA	1.95834034899993
AATACATC	0.482732551390544
AATACATG	0.289556645610747
AATACATT	1.8235271724773
AATACCAA	0.375763044062042
AATACCAG	0.945856260734861
AATACCAT	1.12968415477704
AATACCCA	1.15010419090273
AATACCCG	0.570781164028529
AATACCGA	0.296673242981391
AATACCGC	1.46738738528298
AATACCGG	0.402667587635954
AATACCGT	0.495919230091508
AATACCTA	1.07358383175305
AATACCTG	1.19346541543309
AATACGAA	0.831545284820439
AATACGAC	1.66056761550922
AATACGAG	1.15686041773608
AATACGAT	0.494812171800915
AATACGCA	1.00316238357667
AATACGCC	0.739441782896729
AATACGCG	2.02568783649312
AATACGCT	0.0415157670088318
AATACGGA	1.88252847832658
AATACGGC	1.20280333679567
AATACGGT	0.571462985085106
AATACGTA	1.2262901261938
AATACGTC	0.355557068035505
AATACTAA	3.20602675510498
AATACTAC	0.10274055907326
AATACTAG	1.17639826678646
AATACTAT	0.654215592306895
AATACTCA	0.392004223437181
AATACTCC	1.35529917484264
AATACTGC	0.914429787658882
AATACTGG	0.177526094456372
AATACTGT	0.915077013143877
AATACTTA	1.46727783263964
AATACTTC	1.32467200361839
AATACTTG	0.0278310562253147
AATAGAAA	2.4981754138787
AATAGAAC	0.982740905968822
AATAGAAG	0.40295804628902
AATAGAAT	0.475053055240634
AATAGACG	0.33919408341876
AATAGACT	0.361808055375551
AATAGAGA	0.88160363541602
AATAGAGG	0.580143590587641
AATAGATG	0.466709035819938
AATAGATT	0.0258569464219736
AATAGCAA	1.04450265013383
AATAGCAC	1.01828785576832
AATAGCCA	0.092945687869384
AATAGCCG	0.0733588284259324
AATAGCGC	1.35664696065215
AATAGCGT	0.646874123720975
AATAGCTA	1.04934026422658
AATAGCTG	0.488192885771749
AATAGGAA	0.949820336645187
AATAGGAC	0.113162475012041
AATAGGAG	0.363018900380886
AATAGGAT	0.532092503884834
AATAGGCT	0.486737709542122
AATAGGGA	1.34134706912044
AATAGGGG	0.919772641244925
AATAGGTA	0.0894983833095524
AATAGGTC	0.965060406667699
AATAGGTG	0.826652894406023
AATAGTAA	2.21381350956316
AATAGTAC	0.294705619847722
AATAGTAG	0.965019324426447
AATAGTAT	0.633707625770099
AATAGTCA	1.5523670824253
AATAGTCT	0.54942128154155
AATAGTGA	1.35999119923831
AATAGTGG	1.45748296143576
AATAGTGT	1.16823082892904
AATAGTTA	1.20556521659355
AATAGTTC	1.31083593720921
AATAGTTG	0.243966168936639
AATATAAA	2.87871733163591
AATATAAC	1.23128702406404
AATATAAG	0.886720897045713
AATATAAT	1.29585100952711
AATATACA	1.33429389696436
AATATACC	0.514185691886285
AATATACG	1.08653699034584
AATATACT	1.8362446487387
AATATAGA	1.79616712054424
AATATAGC	0.259160111530376
AATATAGT	1.78594773284742
AATATATA	1.49155815796092
AATATATC	1.05024839798058
AATATATG	2.7933967239653
AATATATT	2.11080735740391
AATATCAA	1.7203293031922
AATATCAC	1.69387738501315
AATATCCA	0.508517784075596
AATATCCG	1.06457817202587
AATATCCT	0.251136101146804
AATATCGA	0.553360852255339
AATATCGT	2.22920421447027
AATATGAA	0.850947634548792
AATATGAC	1.51150250497737
AATATGAT	0.341056478355538
AATATGCA	0.489999783645781
AATATGCC	0.231077156299487
AATATGCG	0.97086309305934
AATATGCT	0.113453654406182
AATATGGA	1.34140472840641
AATATGGC	0.824885637291093
AATATGGG	0.255221982298738
AATATGGT	1.4392813663377
AATATGTA	1.72500475054317
AATATGTC	0.954900119739
AATATGTG	0.276253206855696
AATATTAA	1.43312623756058
AATATTAC	0.185869393135994
AATATTAT	0.970740567076657
AATATTCC	1.34826762491879
AATATTCG	0.826094320073205
AATATTCT	0.164832402650438
AATATTGA	1.46109459496061
AATATTGC	0.660788750907289
AATATTGG	0.0197212776538652
AATATTGT	0.416105804971954
AATATTTA	1.35878179571513
AATATTTC	1.11719731565952
AATATTTG	0.682184670447997
AATCAAAA	1.75745827965046
AATCAAAC	1.66093879716265
AATCAAAG	1.00122070712168
AATCAAAT	1.43998769259081
AATCAACA	1.55772939602036
AATCAACT	0.788692903488753
AATCAAGA	0.913036595161671
AATCAAGC	0.452741794535176
AATCAAGG	0.42584734133631
AATCAAGT	0.806593228817631
AATCAATA	1.20116220936879
AATCAATC	0.672002040545986
AATCAATG	0.0787333946192578
AATCAATT	1.29716419976504
AATCACAA	1.245787613744
AATCACAC	0.24562387340823
AATCACAT	1.82111052765415
AATCACCG	0.544211765054308
AATCACCT	0.43896627037626
AATCACGG	0.158626821998093
AATCACGT	1.0288885154936
AATCACTA	0.140756767794349
AATCACTC	0.127998930032774
AATCAGAA	0.540100657964765
AATCAGAG	0.780544204899275
AATCAGAT	1.27232962455739
AATCAGCC	0.257298437334673
AATCAGGA	0.601349234484655
AATCAGGC	1.24630943028202
AATCAGGT	2.43435811616892
AATCAGTA	2.46852772977484
AATCAGTC	0.0468622243002465
AATCAGTG	1.55642341319317
AATCATAA	3.53289003984886
AATCATAC	1.01777901256965
AATCATAG	0.276633037402014
AATCATAT	1.77503138853146
AATCATCA	0.353809270929589
AATCATGA	0.32085987196297
AATCATTA	0.942914916409401
AATCATTC	0.193141670578754
AATCATTG	1.450307263297
AATCCAAA	0.862003802633224
AATCCAAC	0.510427747923297
AATCCAAG	0.773787978065932
AATCCAAT	1.47335944582715
AATCCACA	1.17533445296034
AATCCACT	0.407838904846241
AATCCAGA	0.688765036459137
AATCCAGC	0.168065647111114
AATCCAGG	0.326206329254386
AATCCAGT	0.440811367527247
AATCCATA	0.00638468480938321
AATCCATC	0.453829392816755
AATCCCAA	1.33740317396021
AATCCCAT	0.849468673863703
AATCCCCA	0.292853315285988
AATCCCGA	0.00682866131133958
AATCCCGT	0.805378059365848
AATCCGAA	0.0444571113342919
AATCCGAG	0.246364074491848
AATCCGAT	0.998865325289874
AATCCGCA	0.468990902062135
AATCCGCG	0.199218238578745
AATCCGTC	1.55237861428249
AATCCGTG	0.176926437882301
AATCCTAA	0.478303597487099
AATCCTAC	0.780921873222368
AATCCTAT	1.03621845222233
AATCCTCA	0.866563210671173
AATCCTGA	0.244864212315597
AATCCTGC	0.448928353509444
AATCCTGG	0.398330167848983
AATCCTTA	1.77588979115132
AATCGAAA	2.37530924140872
AATCGAAC	1.07970220273537
AATCGAAG	0.429319871833755
AATCGACA	0.361754720536029
AATCGAGC	0.473547427135784
AATCGAGG	0.334776661372508
AATCGAGT	0.515507531017109
AATCGATA	1.18102542448542
AATCGATC	0.289924223558794
AATCGATG	0.451063909313497
AATCGCAA	2.56919003195948
AATCGCAC	0.425311109976803
AATCGCAG	0.693207684443
AATCGCCA	0.716376627027234
AATCGCGA	0.282174094783572
AATCGCGC	0.899255305074158
AATCGCGG	0.814501199888191
AATCGCTA	0.175374682348679
AATCGGAA	0.814236687913812
AATCGGCA	0.0506944045939186
AATCGGTA	1.52844424467703
AATCGTAA	1.37936904377013
AATCGTAT	1.88281965772072
AATCGTCC	0.348767687112731
AATCGTCG	0.518434460521079
AATCGTCT	1.11702722076591
AATCGTGA	0.267236736012394
AATCGTGG	1.43960714130342
AATCGTGT	0.335036128159366
AATCGTTA	0.061884630518228
AATCGTTC	0.418207485945501
AATCTAAA	1.4714566893902
AATCTAAC	0.764127885443008
AATCTAAG	1.11567871421532
AATCTAAT	0.48829955545079
AATCTACC	0.0986935979393559
AATCTACG	0.0197212776538652
AATCTACT	0.218865640272462
AATCTAGA	0.2056306719195
AATCTAGC	0.787977928342745
AATCTAGG	0.145899255361651
AATCTAGT	0.757133093313972
AATCTATA	1.85527725829578
AATCTATC	1.00131512420246
AATCTCAA	0.437614880861377
AATCTCAC	0.123015005501884
AATCTCAG	0.129937723523461
AATCTCAT	1.29000724089421
AATCTCGA	0.126200681051636
AATCTCGC	0.699466599934864
AATCTCGG	1.76943339260501
AATCTCGT	0.599780901906316
AATCTCTA	0.283643685834692
AATCTCTG	0.241828450909361
AATCTGAA	0.624420156282745
AATCTGAG	0.6798573975181
AATCTGAT	0.986631466289537
AATCTGCC	0.182009103940411
AATCTGCG	0.0071890318486415
AATCTGGA	0.703721855239329
AATCTGGG	0.500648733023062
AATCTGGT	1.3149146109504
AATCTGTA	1.84840355066728
AATCTTAC	0.917935472245759
AATCTTAG	1.40488327781113
AATCTTAT	0.789562117224726
AATCTTCA	0.605281597787698
AATCTTCC	1.08349113856456
AATCTTCT	0.186812122461576
AATCTTGA	0.158626821998093
AATCTTGC	0.0521488600824708
AATCTTGG	0.708150088401699
AATCTTGT	0.0690632116212895
AATCTTTA	2.66842166311103
AATCTTTC	0.685563504605744
AATCTTTG	1.33204158110622
AATGAAAA	2.16819564472822
AATGAAAC	1.94081120532447
AATGAAAG	1.61914374298741
AATGAAAT	0.774146907121085
AATGAACA	1.43831269033343
AATGAACC	0.330083195494682
AATGAACG	1.34329451150402
AATGAAGA	0.404043482347374
AATGAAGC	0.131440468664011
AATGAAGT	0.597519937155282
AATGAATA	1.88150142229526
AATGAATC	2.73575906022918
AATGAATG	1.15646689310934
AATGAATT	0.97227502482449
AATGACAA	1.57597063187752
AATGACAC	1.11636774268265
AATGACAT	1.14375662425869
AATGACCA	0.821697078777042
AATGACGG	1.34507402121722
AATGACGT	1.59974427622335
AATGACTA	0.914191222363188
AATGACTC	0.465175298813179
AATGACTG	0.607494272886734
AATGAGAA	2.39243837378777
AATGAGAT	0.607931762719017
AATGAGCC	0.131149289269871
AATGAGGC	0.586663414348514
AATGAGGT	0.304971855714389
AATGAGTA	0.927944403548791
AATGAGTG	0.806720079246761
AATGATAA	1.49129364598654
AATGATAG	1.87841016382629
AATGATAT	0.108855326350204
AATGATCA	0.402307937839726
AATGATCC	0.42535579592343
AATGATCG	0.441962391023391
AATGATCT	1.15233200156434
AATGATGA	0.919077126107931
AATGATGC	0.51909682156864
AATGATGT	0.641666048715882
AATGATTA	1.03752875949596
AATGATTC	0.829527209811546
AATGCAAA	0.972265655190521
AATGCAAC	1.60949590296275
AATGCAAT	0.31336200256386
AATGCACA	1.25887843388205
AATGCACC	0.0388043390861686
AATGCACG	0.148377883917217
AATGCACT	0.205738062339616
AATGCAGG	0.143773789932643
AATGCAGT	0.748263653649888
AATGCATA	1.12130337756154
AATGCATG	0.415090280797837
AATGCATT	2.43343124314698
AATGCCAA	0.369286464765646
AATGCCAG	1.29257019615551
AATGCCAT	0.856586712716498
AATGCCCT	0.418424429008958
AATGCCGA	0.00837537165744097
AATGCCGT	0.697422578247287
AATGCCTA	0.662217259717155
AATGCCTG	1.87303199392759
AATGCGAC	0.131242985609569
AATGCGAG	0.427536758415182
AATGCGAT	1.91865778691435
AATGCGCA	0.251952700784331
AATGCGCC	0.526400090877608
AATGCGCG	0.146015294674665
AATGCGCT	0.806307815352087
AATGCGGA	0.364066137162285
AATGCGGC	0.24273442244014
AATGCGGG	0.0998172332746641
AATGCGTC	2.32157871503803
AATGCGTG	0.447775167790078
AATGCTAA	1.53129765859138
AATGCTAC	0.436048710506263
AATGCTAT	1.45043051002076
AATGCTCG	2.01200672941498
AATGCTCT	0.75578530750446
AATGCTGC	1.04561259138872
AATGCTGT	0.61792339623626
AATGCTTC	0.755393224359876
AATGGAAA	0.526982449665888
AATGGAAC	1.02925969714702
AATGGAAG	0.617009496553662
AATGGACA	0.468990902062135
AATGGACT	1.47961980280117
AATGGAGA	0.174404564862259
AATGGATA	0.194926946220548
AATGGATG	1.69375341754831
AATGGCAA	0.935892736119529
AATGGCAG	0.833079742568272
AATGGCAT	1.42470149513953
AATGGCCA	0.437715784611822
AATGGCGC	0.537604731623409
AATGGCGG	0.585781227273198
AATGGCGT	0.418521729054028
AATGGCTA	0.893861999612894
AATGGCTC	0.592204471730074
AATGGCTG	0.192497328058057
AATGGGAA	0.629050196946004
AATGGGAG	1.00896074552186
AATGGGAT	0.664009022028621
AATGGGCT	0.256561119215353
AATGGGTA	1.6000181578317
AATGGGTG	0.204024860805282
AATGGTAA	1.40343242602795
AATGGTAC	0.86259625179655
AATGGTAG	1.37717799090333
AATGGTAT	2.49942589964314
AATGGTCA	2.2998966612907
AATGGTCC	0.00990334273560244
AATGGTCT	0.0676498383739893
AATGGTGA	0.474874311454133
AATGGTGT	0.646045992226254
AATGGTTA	0.987099227246956
AATGGTTC	0.442144738515266
AATGTAAA	1.39872670755186
AATGTAAC	0.430614322803744
AATGTAAG	0.577241887021283
AATGTACA	1.86875151268551
AATGTACC	1.57247936211214
AATGTACT	1.20400985735455
AATGTAGC	0.397925111365055
AATGTAGG	0.638943809677101
AATGTAGT	0.658662564737205
AATGTATA	1.57853574936204
AATGTATC	0.35038142637877
AATGTATG	1.48683946614548
AATGTCAA	0.886578190312939
AATGTCAC	0.648745167550649
AATGTCAG	0.0173067950539399
AATGTCAT	0.495969681966731
AATGTCCA	0.744400481490007
AATGTCGG	0.632568854872225
AATGTGAA	3.26106398504393
AATGTGAG	0.328087463459103
AATGTGAT	1.02856634423325
AATGTGCA	0.847687001927281
AATGTGCC	0.936502483068644
AATGTGCG	0.358305253752972
AATGTGCT	0.0241740160127717
AATGTGGA	1.69223409536305
AATGTGGT	1.49678857593932
AATGTGTA	0.352628697049386
AATGTGTC	0.847568800391046
AATGTGTG	0.941643529153798
AATGTTAA	1.25834148178147
AATGTTAC	0.859842300150487
AATGTTAG	1.67713889429653
AATGTTAT	1.77176138627598
AATGTTCA	1.39072648162374
AATGTTCC	0.042231462895913
AATGTTCG	0.409305612933062
AATGTTCT	0.148468697292617
AATGTTGA	0.64811956429789
AATGTTGG	1.57817249586044
AATGTTGT	1.55429290257664
AATGTTTA	1.7729614201652
AATGTTTC	1.00690375049494
AATGTTTG	0.319063785205055
AATTAAAA	0.603863179352875
AATTAAAC	0.985117910032867
AATTAAAG	2.70718600106756
AATTAAAT	1.18230978508036
AATTAACA	1.22703321024172
AATTAACC	3.03277501559154
AATTAACG	1.11350784209862
AATTAACT	1.77875041247642
AATTAAGA	1.48298854658387
AATTAAGC	0.107325913789894
AATTAAGG	0.929133626321888
AATTAAGT	1.25852815371979
AATTAATA	0.236389018019321
AATTAATC	1.77187814633007
AATTAATG	0.125684630442219
AATTACAA	1.24476560290021
AATTACAC	1.04263448926846
AATTACAT	1.51254830027662
AATTACCA	0.769833992530652
AATTACCC	0.480927815739735
AATTACCG	0.414153317400851
AATTACCT	0.753385239726028
AATTACGA	0.507968579376747
AATTACGC	0.474026719950397
AATTACGG	1.529864104594
AATTACGT	2.88034260275914
AATTACTA	0.325386125911485
AATTACTC	0.346378430450417
AATTACTG	0.544703310467188
AATTAGAA	1.13382337076849
AATTAGAC	0.263016076279511
AATTAGAG	1.65532710715577
AATTAGAT	0.534081749250741
AATTAGCC	0.556576798930223
AATTAGCT	1.4276284246435
AATTAGGA	0.445776552790198
AATTAGGC	0.682837661861589
AATTAGGG	0.449343500368417
AATTAGTA	1.95264649451055
AATTAGTC	1.31316969680878
AATTAGTG	0.566412031634277
AATTATAA	0.580928477617885
AATTATAC	1.57882981172048
AATTATAG	0.861114408147163
AATTATAT	1.38482793666918
AATTATCA	1.6489406204937
AATTATCG	0.245115750950633
AATTATCT	0.804234964021524
AATTATGA	2.54229557876061
AATTATGC	0.453659297923148
AATTATGG	1.64500249126207
AATTATGT	0.980786256174495
AATTATTA	2.11002967778441
AATTATTC	1.49299819862798
AATTATTG	0.916344796694106
AATTCAAA	0.741778425460597
AATTCAAC	0.745044824010704
AATTCAAG	1.8583389663807
AATTCAAT	0.965019324426447
AATTCACA	1.14869009691436
AATTCACC	0.995041793889096
AATTCACG	0.51186202266176
AATTCACT	0.897273267118997
AATTCAGA	1.43366174817901
AATTCAGG	0.129759700478034
AATTCAGT	1.05151546078973
AATTCATA	0.655511484759035
AATTCATC	0.744000470193602
AATTCATG	0.122064348024482
AATTCCAA	0.412947517583038
AATTCCAG	0.884854177662485
AATTCCCA	1.29275326438846
AATTCCCG	0.00033262200593088
AATTCCCT	0.463338850555087
AATTCCGA	0.495481740259224
AATTCCGC	0.698284584572513
AATTCCTG	2.00479139051711
AATTCGAA	1.56771598435007
AATTCGAC	0.0284436861387288
AATTCGCA	1.53050556415039
AATTCGCC	0.888205623659397
AATTCGGA	0.892120689176648
AATTCGGT	0.196214910520866
AATTCGTA	1.53605815338915
AATTCGTG	0.7796778741276
AATTCTAA	1.063053083912
AATTCTAC	1.64319415190588
AATTCTAT	0.618737833650564
AATTCTCA	0.16064273478376
AATTCTCG	1.32745550564851
AATTCTCT	1.34476049884977
AATTCTGA	1.25846112479985
AATTCTGC	0.788030542441193
AATTCTGT	0.351381814990321
AATTCTTA	0.65385954621604
AATTCTTC	0.0767794655660055
AATTCTTG	2.62373499574447
AATTGAAA	0.328362786549602
AATTGAAC	1.01534723218393
AATTGAAG	1.37020482100653
AATTGAAT	0.16413616677237
AATTGACA	0.123216813002774
AATTGACG	0.0162768560583313
AATTGACT	0.973376317186486
AATTGAGA	0.204705240379708
AATTGAGG	0.109537147406781
AATTGAGT	0.200376469485633
AATTGATA	1.47661142955577
AATTGATG	0.174122755102089
AATTGCCA	0.167349230482956
AATTGCCC	0.296463507328683
AATTGCGA	1.81963661215659
AATTGCGC	1.45189721810758
AATTGCGG	0.400454912536918
AATTGCGT	0.501193613275464
AATTGCTA	0.454990506687943
AATTGCTC	0.661484986785357
AATTGCTG	0.404759178234457
AATTGGAA	0.574438204241072
AATTGGAT	0.51505058117581
AATTGGCG	0.983052266113051
AATTGGCT	0.323800495547357
AATTGGGC	0.400062108651259
AATTGGGG	0.576659528233003
AATTGGGT	1.33390469678408
AATTGGTA	1.39980205323517
AATTGTAA	2.65677664956864
AATTGTAC	0.0457241741434465
AATTGTAG	1.09949375264401
AATTGTCG	0.110921691011094
AATTGTCT	0.474760434364344
AATTGTGA	0.979573248945935
AATTGTGC	1.26236465845991
AATTGTGT	1.24018168966573
AATTGTTA	2.73597239958726
AATTGTTC	1.89057771464776
AATTGTTG	1.71389020243169
AATTTAAA	1.1026866356045
AATTTAAC	1.40829670754045
AATTTAAG	1.05471266819668
AATTTAAT	1.1026866356045
AATTTACA	1.17504183208405
AATTTACC	0.0805402924932917
AATTTACG	0.623736893744021
AATTTACT	0.992791640254182
AATTTAGA	1.15341671688162
AATTTAGC	0.500811620505923
AATTTAGG	0.525357178542655
AATTTAGT	0.9480660528696
AATTTATA	1.67221839498021
AATTTATG	2.15564610113721
AATTTCAA	2.77168728205714
AATTTCAG	0.796879801355186
AATTTCAT	1.10142678020609
AATTTCCA	2.40132799420194
AATTTCCT	0.456966057973435
AATTTCGA	2.82380767286716
AATTTCGC	0.0944376218938161
AATTTCGG	0.985939554857917
AATTTCGT	0.787053938285103
AATTTCTA	1.33297133709246
AATTTCTG	1.45189721810758
AATTTGAA	1.2385448866853
AATTTGAC	1.83460280057075
AATTTGAT	0.108502883964722
AATTTGCC	0.074744092771322
AATTTGCT	1.3597331739336
AATTTGGG	0.559778330783617
AATTTGTA	1.84338358908266
AATTTGTC	0.232260613143988
AATTTGTG	2.00761309182419
AATTTTAA	0.923228594697653
AATTTTAC	1.47013340877722
AATTTTAG	0.766187763434228
AATTTTAT	1.15458720038677
AATTTTCA	0.107416006424219
AATTTTCC	1.52853073360598
AATTTTCG	1.04450120865168
AATTTTCT	0.731141728681583
AATTTTGA	1.78138255888088
AATTTTGC	0.834069320063703
AATTTTGG	1.67996780301435
AATTTTGT	1.24085558257049
AATTTTTA	0.877455049790596
AATTTTTC	0.991657914543829
AATTTTTG	1.89733466222218
ACAAAAAA	2.06784686491104
ACAAAAAC	2.23946252218511
ACAAAAAT	1.14542658132855
ACAAAACA	2.10505656436964
ACAAAACC	1.10324448919625
ACAAAACG	1.04375452089839
ACAAAACT	0.76048886375733
ACAAAAGA	3.26071514636382
ACAAAAGC	1.53803586689786
ACAAAAGG	1.18168562330975
ACAAAAGT	0.200439894700199
ACAAAATA	3.27209997237827
ACAAAATC	1.34635910255324
ACAAAATG	1.0770390644647
ACAAACAA	2.43323520157468
ACAAACAC	1.28122861460553
ACAAACAG	1.30531722280096
ACAAACAT	1.92006106978661
ACAAACCA	1.16081584475351
ACAAACCC	0.29740407443104
ACAAACCG	1.25984855136846
ACAAACCT	0.248800179324011
ACAAACGA	3.08794486188822
ACAAACGC	0.0598290769734574
ACAAACGG	2.17961218334996
ACAAACGT	1.46314149961248
ACAAACTA	1.79655920368883
ACAAACTC	0.874993719020822
ACAAACTG	1.16084539513757
ACAAAGAA	1.9121797661358
ACAAAGAC	2.87703295974456
ACAAAGAG	1.88241243901357
ACAAAGAT	1.81384689910429
ACAAAGCA	0.534891141477524
ACAAAGCC	1.82729808977963
ACAAAGCG	0.461894485441579
ACAAAGCT	0.122745448339982
ACAAAGGA	1.85714109471471
ACAAAGGC	0.682628646949954
ACAAAGGG	1.59308534943508
ACAAAGTA	0.154770136507885
ACAAAGTC	0.967252180275572
ACAAAGTG	2.66158471327733
ACAAATAA	2.96582826013583
ACAAATAC	1.84711846933126
ACAAATAG	0.195650570259451
ACAAATAT	2.70649120667164
ACAAATCA	1.01751954578279
ACAAATCC	0.0554880534811144
ACAAATCG	1.47979998806982
ACAAATGA	1.10932610238376
ACAAATGC	1.23683745107957
ACAAATGG	2.16370254486914
ACAAATGT	0.916795980606808
ACAAATTA	1.7088183474897
ACAAATTC	1.37862235601684
ACAAATTG	0.089083957191654
ACAACAAA	1.57027677738814
ACAACAAC	0.0226316301131185
ACAACAAG	0.543783644855994
ACAACAAT	3.06061724330352
ACAACACA	0.769131990723988
ACAACACC	1.72572405013562
ACAACACG	1.13160492974086
ACAACACT	0.299115113742151
ACAACAGA	0.789970056672952
ACAACAGC	0.871317218799264
ACAACAGG	0.782859225230904
ACAACAGT	0.183173821516973
ACAACATA	1.17697774261044
ACAACATC	1.61406179767037
ACAACATG	1.09758450953738
ACAACCAA	2.30725110321597
ACAACCAT	0.103327242307987
ACAACCCT	0.215377253471376
ACAACCGA	1.05040551953484
ACAACCGC	1.72498745275737
ACAACCGG	0.0401182500651721
ACAACCTA	1.14542658132855
ACAACCTC	0.422539139803875
ACAACGAA	0.980423002672894
ACAACGAC	1.24214570909403
ACAACGAG	0.383116044505157
ACAACGAT	1.20664776968761
ACAACGCA	1.90363610143744
ACAACGCC	1.02374386570307
ACAACGCG	0.753852279942371
ACAACGCT	0.681256355943907
ACAACGGA	0.706032551124511
ACAACGGC	1.23403665126365
ACAACGTA	1.66805179082792
ACAACGTC	0.391011042236376
ACAACTAA	0.809210960400595
ACAACTAC	0.108515857304065
ACAACTAG	0.909861730728039
ACAACTAT	2.26305958496766
ACAACTCG	0.366962795541121
ACAACTCT	0.651022709346397
ACAACTGA	1.10076513989961
ACAACTGC	2.02402796979831
ACAACTGT	0.558391624956079
ACAACTTA	2.58349385932608
ACAACTTC	0.175301887500142
ACAACTTG	1.69239770358698
ACAAGAAA	0.386280097822671
ACAAGAAC	0.108117287489809
ACAAGAAG	1.79258143369808
ACAAGAAT	0.37317702508636
ACAAGACC	0.017776718234582
ACAAGACG	0.133287007297148
ACAAGACT	0.539679745177195
ACAAGAGA	0.491101076007777
ACAAGAGG	0.805282200802925
ACAAGAGT	0.732946464332394
ACAAGATA	1.69474515726697
ACAAGCAA	0.484084661646502
ACAAGCAC	0.358876080684058
ACAAGCAG	0.675376550257285
ACAAGCCG	0.368090034581803
ACAAGCCT	1.0639273428355
ACAAGCGA	0.0678206540086719
ACAAGCGG	0.946290146861774
ACAAGCGT	0.958722930398701
ACAAGCTC	0.420763233796049
ACAAGGAA	0.118995432528816
ACAAGGAC	0.879659075996737
ACAAGGAT	2.35734981531173
ACAAGGCA	0.341078100587775
ACAAGGCG	1.272403140147
ACAAGGCT	0.305753139039259
ACAAGGGG	0.231016614049219
ACAAGGTG	0.915549098547744
ACAAGTAA	0.126130769167399
ACAAGTAC	0.701800359534434
ACAAGTAG	0.786506175068403
ACAAGTAT	1.52588993830863
ACAAGTCA	0.588049399434978
ACAAGTGC	0.0163770390677007
ACAAGTGT	0.343994218975624
ACAAGTTA	1.31868696973488
ACAAGTTC	1.63150156945257
ACAATAAA	1.23781693819995
ACAATAAC	1.38987384493249
ACAATAAG	0.210022868028141
ACAATAAT	2.13432658015041
ACAATACA	0.901324552699348
ACAATACC	0.495919230091508
ACAATACT	1.02082774731522
ACAATAGA	0.840815456522002
ACAATAGC	0.0255578388760124
ACAATAGG	1.05268738577704
ACAATAGT	0.750203888622723
ACAATATA	2.16857043008701
ACAATATC	0.775604245573935
ACAATATG	1.77503138853146
ACAATCAA	0.848204494018848
ACAATCAC	0.422678242831273
ACAATCAG	1.12726246476637
ACAATCAT	0.285436889628307
ACAATCCG	0.316711286337547
ACAATCCT	1.16427540191161
ACAATCGT	0.303721369949948
ACAATCTA	0.861653522470968
ACAATCTG	0.0020926717101141
ACAATGAA	2.71008482166962
ACAATGAG	0.485890838779462
ACAATGAT	1.20802006069365
ACAATGCC	0.088959989726822
ACAATGCG	0.0587155320131927
ACAATGGC	0.370782723236525
ACAATGGG	0.00242709556873022
ACAATGGT	0.957509923170143
ACAATGTA	1.37976905506653
ACAATGTG	0.952801321729751
ACAATTAA	1.00083871435214
ACAATTAC	1.53571003545011
ACAATTAG	0.857853775525653
ACAATTAT	1.57338821660721
ACAATTCA	0.531316265747485
ACAATTCC	0.880526127509487
ACAATTCG	1.42983749603716
ACAATTGG	0.954451818790595
ACAATTTA	0.9480660528696
ACAATTTC	0.92406393360312
ACAATTTG	0.182758674658002
ACACAAAA	2.18588263069901
ACACAAAC	3.8606744316861
ACACAAAG	2.45734831496665
ACACAAAT	0.860550067885748
ACACAACA	2.03378752468953
ACACAACC	0.545964607347747
ACACAACG	1.64861196256369
ACACAACT	0.958902394926277
ACACAAGA	0.544295371018963
ACACAAGT	0.395241792344304
ACACAATA	2.10158187164897
ACACAATC	0.390261471518787
ACACAATG	0.386985703334709
ACACACAC	1.85338675445709
ACACACAG	0.340338620245231
ACACACAT	0.111374316405947
ACACACCC	0.199060396283405
ACACACCG	0.599641078137843
ACACACCT	0.981199961551319
ACACACGA	1.99218346689905
ACACACGC	0.660976143586686
ACACACGT	1.23141531597532
ACACACTA	1.75763846491911
ACACACTC	1.10950052172381
ACACAGAA	0.166018742459238
ACACAGAC	0.0254886477328498
ACACAGAT	0.541294925925385
ACACAGCA	1.3077144076151
ACACAGCG	0.451311844243161
ACACAGGA	0.662907008925552
ACACAGGC	0.0180361850214401
ACACAGGG	0.137313787680964
ACACAGTA	0.426784304733295
ACACAGTC	0.133196193921748
ACACAGTG	0.366764591745606
ACACATAA	1.34988640937236
ACACATAC	2.60872195916046
ACACATAG	0.904440316364863
ACACATCA	0.501215235507702
ACACATCC	0.148759876686758
ACACATCT	0.895833226451936
ACACATGA	0.664166143582885
ACACATGC	1.10689720496234
ACACATGG	0.427536758415182
ACACATTA	0.9296583258242
ACACATTC	0.466203075585564
ACACCAAA	2.119531928112
ACACCAAC	0.804980931033741
ACACCAAG	0.117041503475562
ACACCAAT	0.966616486647769
ACACCACG	0.426344652677787
ACACCAGA	2.42332068735242
ACACCATA	0.443250355323709
ACACCATC	0.202334002244259
ACACCATG	0.0245199717285819
ACACCCAA	0.367793089259066
ACACCCAC	0.062717086459397
ACACCCGA	0.337258172892371
ACACCCGG	0.333164363588618
ACACCGCA	0.682780002575622
ACACCGCG	0.0190726106867201
ACACCGGA	0.807233967632954
ACACCGTA	0.608367811069153
ACACCTAA	0.634806035167796
ACACCTAC	0.281229203234765
ACACCTAG	0.871606956711255
ACACCTAT	1.26194734937771
ACACCTCT	0.952338605959854
ACACCTGA	0.679037914916276
ACACCTGG	0.559715626310126
ACACCTGT	0.671063635666851
ACACCTTA	0.49673006380044
ACACCTTC	0.860664665716609
ACACGAAA	0.817436057543981
ACACGAAC	1.24343655635864
ACACGAAG	0.553334184835579
ACACGAAT	1.82032564062391
ACACGACA	0.436280789132284
ACACGACC	0.034434485950842
ACACGACG	0.54766339406059
ACACGACT	0.851051421263535
ACACGAGG	0.510901995550387
ACACGAGT	0.344624146674829
ACACGATG	1.47130389228238
ACACGCAA	1.16213335943788
ACACGCAC	0.846812022262711
ACACGCAG	0.0830037854862909
ACACGCAT	0.963123775400236
ACACGCGA	0.57475388883175
ACACGCGC	0.552211990982419
ACACGCGT	2.53794230267
ACACGCTA	1.14708428580014
ACACGCTG	0.158786826516656
ACACGGAA	1.09410549237026
ACACGGAT	0.72665511549217
ACACGGCA	2.17236945629125
ACACGGGG	0.160683817025014
ACACGGGT	0.110950520654081
ACACGGTC	0.764916376178625
ACACGTAA	1.46112702830896
ACACGTAC	0.0298102112161784
ACACGTAG	0.404444214384854
ACACGTCG	0.815443208472699
ACACGTCT	0.283952883755697
ACACGTGA	0.530867244058006
ACACGTGC	9.60176412886803
ACACGTGG	0.474333755648179
ACACGTGT	2.34287661379259
ACACGTTA	0.715041093815993
ACACGTTC	0.217792456812377
ACACGTTG	0.477126627312272
ACACTAAA	2.35139000736582
ACACTAAC	1.75763846491911
ACACTAAT	1.28890162408577
ACACTACA	0.606151532264745
ACACTACC	0.184134569369421
ACACTACT	0.335303523098045
ACACTAGA	1.25232833899604
ACACTAGT	1.5929966982829
ACACTATA	0.893567937254454
ACACTATC	1.55872834314976
ACACTATG	1.36223991139108
ACACTCAA	1.00961157471223
ACACTCAG	0.152132944915906
ACACTCCG	0.707764491926787
ACACTCGA	0.475895601556846
ACACTCGC	1.1688477832889
ACACTCGT	0.947793612743399
ACACTCTA	0.462857395517251
ACACTCTC	0.39408284069634
ACACTCTG	0.740703800518361
ACACTGAA	0.699561737756712
ACACTGAC	0.417534313781821
ACACTGAT	1.02728702882583
ACACTGCA	0.466913726285125
ACACTGCT	0.0290087471412178
ACACTGGA	0.748634114562235
ACACTGTA	0.0724924976542573
ACACTGTG	0.477347894822174
ACACTTAA	0.093094160530753
ACACTTAC	1.40789453402082
ACACTTAG	1.63014657623232
ACACTTAT	1.63334234215711
ACACTTCA	0.415784354452681
ACACTTCC	1.07451863292681
ACACTTCT	1.54634024555946
ACACTTGA	0.443612167343162
ACACTTGG	0.0330643571680187
ACACTTTA	2.17660020639918
ACACTTTC	1.08995978970914
ACACTTTG	0.242356754117047
ACAGAAAA	1.17802858309721
ACAGAAAC	2.17514647165171
ACAGAAAG	1.69568716585148
ACAGAAAT	0.646027252958314
ACAGAACA	0.254060147686475
ACAGAACG	1.89361635901829
ACAGAACT	2.18927011374966
ACAGAAGC	0.910070024898599
ACAGAAGT	0.100141566758237
ACAGAATC	0.928340811139823
ACAGAATG	0.671588335169162
ACAGACAA	1.0734461702078
ACAGACAC	1.0860216604775
ACAGACAG	1.22716582659945
ACAGACCA	0.706341028304443
ACAGACGA	0.92348157481484
ACAGACGC	0.377723459784966
ACAGACGG	0.736636658634368
ACAGACTA	2.35552489891083
ACAGAGAA	0.876221141070873
ACAGAGCA	0.366361697484901
ACAGAGCC	0.528728805289655
ACAGAGCG	0.087425531978989
ACAGAGCT	0.764956016937729
ACAGAGGA	0.476365524737489
ACAGAGTA	0.615857752316444
ACAGAGTG	1.11896961796197
ACAGATAA	0.406825542895347
ACAGATAC	0.843222010970107
ACAGATAG	0.406559589438819
ACAGATAT	0.326310115969129
ACAGATCA	0.689807228053015
ACAGATGA	0.0757826806598269
ACAGATTC	0.308842235285014
ACAGATTG	1.09044412771127
ACAGCAAA	1.7579282028311
ACAGCAAC	1.47146101383664
ACAGCAAG	0.288408505078903
ACAGCAAT	1.22292066167003
ACAGCACC	0.642339220879563
ACAGCAGC	0.998637571110299
ACAGCAGT	0.0329389482210378
ACAGCATG	1.42566800892057
ACAGCCAA	0.344241433164215
ACAGCCAG	0.863985119847313
ACAGCCAT	0.92406393360312
ACAGCCCT	0.116290491275824
ACAGCCGT	0.0746129178957441
ACAGCGAA	0.230690839083498
ACAGCGAC	0.000621639176845204
ACAGCGAT	0.439815303362144
ACAGCGCA	0.0728903467274391
ACAGCGCG	0.297090552063587
ACAGCGCT	0.00856636804221075
ACAGCGGC	0.0211296057136429
ACAGCGTG	0.12367160062085
ACAGCTAC	0.129818080505078
ACAGCTAG	0.225338615863486
ACAGCTAT	0.705888402909591
ACAGCTCG	0.297916521335085
ACAGCTCT	1.09344168984055
ACAGCTGA	1.50685228356402
ACAGCTTA	0.348418127691547
ACAGCTTG	0.101010780494209
ACAGGAAA	2.01494086632969
ACAGGAAC	0.325514417822765
ACAGGAAG	0.486214451521958
ACAGGACG	0.243344169389256
ACAGGAGA	0.483522483608311
ACAGGAGT	0.32441456694292
ACAGGATA	1.0770477133576
ACAGGATG	0.0213299717323818
ACAGGCAA	0.226467296386317
ACAGGCAG	0.0234323734470047
ACAGGCAT	2.66812471778829
ACAGGCGA	0.0325778569426598
ACAGGGCC	0.0331501253558964
ACAGGGTA	0.563667449622184
ACAGGTAT	0.978089243073325
ACAGGTCA	0.503358719463577
ACAGGTCT	0.288023629345062
ACAGGTGA	0.103784912890362
ACAGGTTA	1.21337084243152
ACAGTAAA	2.48224991909424
ACAGTAAC	0.799116260909683
ACAGTAAG	0.448041121246606
ACAGTAAT	2.58023827189209
ACAGTACA	0.756609114552733
ACAGTACT	0.00793571960193115
ACAGTAGA	0.271311085307133
ACAGTAGC	0.422563645000412
ACAGTAGG	0.902213947185409
ACAGTAGT	0.745594028709553
ACAGTATA	1.77192787746422
ACAGTATC	0.484524313702012
ACAGTATG	0.795483725893677
ACAGTCAG	0.00301882399098111
ACAGTCCG	0.279796369978452
ACAGTCGA	0.860294925545337
ACAGTCGG	0.108050258569871
ACAGTCGT	0.424761905277954
ACAGTGAA	0.275324892351606
ACAGTGAG	0.668833662782024
ACAGTGCC	1.03643827825008
ACAGTGGA	0.278226595917965
ACAGTGGC	0.620052465370642
ACAGTGGT	0.902075564899086
ACAGTGTA	0.435170847877394
ACAGTGTC	0.141863826084941
ACAGTTAA	1.3750871210459
ACAGTTAC	0.875908339444495
ACAGTTAG	0.787201690205396
ACAGTTAT	0.273445920370113
ACAGTTCC	0.326310115969129
ACAGTTCG	1.15889867349506
ACAGTTCT	1.42016659229812
ACAGTTGA	0.589892334362741
ACAGTTGG	0.236909393075186
ACAGTTTA	0.930894396767146
ACAGTTTG	0.412915084234681
ACATAAAA	1.76950042152495
ACATAAAC	2.21458398177192
ACATAAAT	0.533676692766814
ACATAACA	1.35475861903668
ACATAACC	0.879756376041809
ACATAACG	1.04726236770849
ACATAACT	1.46615419730433
ACATAAGA	1.76642718158284
ACATAAGG	0.746445944659736
ACATAAGT	0.189610039313191
ACATAATA	1.59697807197902
ACATAATC	2.2075063044193
ACATAATG	0.209381408471741
ACATACAA	2.16819564472822
ACATACAC	1.10524814938365
ACATACAG	0.271511451325874
ACATACAT	0.80643034133477
ACATACCA	0.299789727387982
ACATACCC	0.32348336947453
ACATACCG	1.06293920682221
ACATACCT	0.543953019008525
ACATACGA	0.394819438074586
ACATACTA	1.68683790693748
ACATACTC	1.04934026422658
ACATACTG	0.502968077801141
ACATAGAA	1.54695431695502
ACATAGAC	2.14663035103498
ACATAGAG	0.187114833712909
ACATAGAT	0.725831308443898
ACATAGCG	1.10449137125531
ACATAGCT	0.164335091308962
ACATAGGA	1.1268357860502
ACATAGGG	1.0558644124339
ACATAGTA	1.54408720896024
ACATAGTC	1.21271424731255
ACATATAA	1.08796189545033
ACATATAC	1.3912641544654
ACATATAT	1.09944041780449
ACATATCC	1.31136279893475
ACATATCT	0.556576798930223
ACATATGA	1.28872504252249
ACATATGC	2.1640499420671
ACATATGG	1.02423252815165
ACATATTA	2.36352368335679
ACATATTG	1.01078638266383
ACATCAAA	0.525600068284798
ACATCAAC	0.220648032949959
ACATCAAG	0.138009302817957
ACATCAAT	0.379202420470055
ACATCACA	0.282913575126118
ACATCACG	0.927651782672501
ACATCACT	0.477200142901881
ACATCAGA	0.725540849790833
ACATCAGG	0.852595248645337
ACATCAGT	1.06278785119655
ACATCCAA	0.886618551813118
ACATCCAC	0.482128570370027
ACATCCAG	0.474377000112656
ACATCCAT	1.17638673492926
ACATCCCA	0.170471480818143
ACATCCGA	1.33552924716623
ACATCCGG	0.414742883599877
ACATCCGT	0.852129649911143
ACATCCTA	0.552768403092013
ACATCCTC	0.761384024171987
ACATCCTG	0.231573026158815
ACATCGAC	0.771154390179327
ACATCGAG	0.234443737858964
ACATCGAT	1.06090599625076
ACATCGCA	1.95949353471929
ACATCGCG	0.0454834466245284
ACATCGTC	0.354313789681813
ACATCGTG	0.426344652677787
ACATCTAC	0.727747038220196
ACATCTAG	1.71683731268575
ACATCTAT	0.96842122229858
ACATCTCA	0.429935384711466
ACATCTGA	0.635444611759896
ACATCTGC	0.180133735664292
ACATCTTA	1.38018059822013
ACATCTTC	0.143948930013773
ACATGAAA	0.337171683963419
ACATGAAC	0.0390400214175657
ACATGAAG	0.0503657466638995
ACATGACA	1.96421366801688
ACATGACC	0.285540676343051
ACATGACG	0.593735325772533
ACATGACT	0.0814786973724271
ACATGAGA	1.52416088047065
ACATGAGC	1.64847790472381
ACATGAGG	0.799460775143344
ACATGATA	0.863600244113474
ACATGCAA	1.14161530252604
ACATGCAC	2.01900944969583
ACATGCAG	0.891538330388368
ACATGCAT	1.50875936444743
ACATGCCT	0.0669355839690569
ACATGCGG	0.652716450871719
ACATGCTA	1.12835006304795
ACATGCTG	0.0494172514097205
ACATGGAA	0.401163401013255
ACATGGAG	1.09229499079086
ACATGGAT	0.65005403334213
ACATGGCG	0.4249536224038
ACATGGCT	0.358233179645512
ACATGGGA	0.750960666751058
ACATGGGC	0.0463252721996665
ACATGGTG	0.352927083854273
ACATGTAA	0.850509423975431
ACATGTAC	1.94024109913446
ACATGTAG	0.563314286495626
ACATGTAT	0.0625751004676995
ACATGTGA	1.15677825325357
ACATGTTA	0.473569049368024
ACATGTTG	2.06159803979421
ACATTAAA	0.629481920849694
ACATTAAC	1.99202778682694
ACATTAAG	0.250561670510346
ACATTAAT	0.63526370575017
ACATTACA	1.18136777649585
ACATTACC	0.559084977869846
ACATTACG	0.0821122287770044
ACATTACT	1.6346339101628
ACATTAGA	0.184335656129236
ACATTAGT	1.04197356970304
ACATTATA	0.918563958462813
ACATTATC	1.7381071025384
ACATTATG	0.69032616162673
ACATTCAA	1.78193897099047
ACATTCAC	0.759257838001905
ACATTCAG	1.72998218840438
ACATTCAT	0.797879469225662
ACATTCCG	0.426898181823083
ACATTCCT	0.103699144702485
ACATTCGA	1.08629842505015
ACATTCGC	0.667741019312924
ACATTCGG	0.675376550257285
ACATTCTA	0.43607970237247
ACATTCTC	0.594832293688081
ACATTCTG	0.173351562152262
ACATTGAC	1.48210059357996
ACATTGAT	1.43999129629619
ACATTGCA	1.10167687735898
ACATTGCC	0.331650807331948
ACATTGGA	1.4751829207459
ACATTGGG	0.740595689357172
ACATTGGT	0.558775779948842
ACATTGTG	0.803770086028404
ACATTTAA	1.64765193545231
ACATTTAC	0.710538624322938
ACATTTAG	0.494486396835196
ACATTTAT	0.5677367537294
ACATTTCA	1.25407109091443
ACATTTCC	2.18866901569344
ACATTTCG	1.28864648174536
ACATTTCT	0.038097292091982
ACATTTGC	0.368542659976655
ACATTTGG	0.216506654735282
ACATTTTA	0.847568800391046
ACATTTTC	1.48818653121392
ACCAAAAA	1.64131662140654
ACCAAAAC	0.788289288486975
ACCAAAAG	1.78971648792653
ACCAAAAT	0.744433635579439
ACCAAACC	0.625847223610463
ACCAAACG	0.479202361607131
ACCAAACT	1.37834126699774
ACCAAAGA	0.802659424032439
ACCAAAGG	0.201715606402248
ACCAAAGT	2.36182129293857
ACCAAATA	1.72049579438044
ACCAAATC	1.7396538128845
ACCAAATG	0.368254363546813
ACCAACAA	1.32273969679738
ACCAACAC	0.879659075996737
ACCAACAG	0.193310323990211
ACCAACAT	1.91047305127114
ACCAACCA	0.065282924684989
ACCAACCC	0.103116785914203
ACCAACCG	0.00565097039543646
ACCAACGA	1.20211502906942
ACCAACGC	0.34725701382036
ACCAACGG	0.456044950880089
ACCAACGT	1.34635910255324
ACCAACTA	0.76093500248251
ACCAACTC	0.594794815152201
ACCAAGAT	0.819543504446124
ACCAAGCA	1.82461116705351
ACCAAGCT	0.703124360888483
ACCAAGTA	0.0991325292537896
ACCAAGTG	0.77470331923068
ACCAATAA	0.403958434900571
ACCAATAC	1.43385851049238
ACCAATAG	1.21765348589682
ACCAATAT	1.01078638266383
ACCAATCC	0.711362431371213
ACCAATCG	0.745353301190635
ACCAATCT	0.79848489172833
ACCAATGC	0.619449925832273
ACCAATTG	0.448866369777027
ACCACAAA	2.2169854910325
ACCACAAC	0.40295804628902
ACCACAAG	0.115359293807435
ACCACACA	1.0125723790467
ACCACACG	0.722266523088904
ACCACACT	0.174791602819323
ACCACCAA	0.932694087230434
ACCACCCA	0.204024860805282
ACCACCGC	0.27677502339371
ACCACCTA	0.12253066749975
ACCACGAA	0.244397892840327
ACCACGAC	0.499332659820836
ACCACGAT	0.267236736012394
ACCACGCT	0.318805759900348
ACCACGGA	0.415941476006945
ACCACGGT	1.55808039692369
ACCACGTA	0.4764815640505
ACCACGTG	1.6806589937049
ACCACTAA	0.0936693119082872
ACCACTAC	0.500951444274397
ACCACTAT	0.693871486972709
ACCACTCA	0.346216984449707
ACCACTCC	0.195722644366912
ACCACTGA	0.51496913743438
ACCACTTA	1.07440043139057
ACCACTTC	0.237131381326165
ACCACTTG	1.21904884061725
ACCAGAAA	1.77503138853146
ACCAGAAC	0.0481646034220576
ACCAGAAG	1.03501337314559
ACCAGACG	0.719980332400259
ACCAGAGA	1.17026764320587
ACCAGAGC	0.0102701999425775
ACCAGCAA	0.350766302112609
ACCAGCAC	0.406512741268969
ACCAGCCT	0.0655301388735786
ACCAGCGC	0.411570902130544
ACCAGCTC	0.454309406372441
ACCAGGAA	0.254055102498954
ACCAGGAC	0.36095325646107
ACCAGGAT	0.633329957447006
ACCAGGTG	0.46903558800876
ACCAGTAC	0.361348222569952
ACCAGTCT	0.944681452783258
ACCAGTTA	0.815393477338552
ACCAGTTG	0.538419889778787
ACCATAAA	1.99948097027943
ACCATAAC	0.256862388984537
ACCATAAG	0.864337562232795
ACCATAAT	0.879085366101352
ACCATACG	0.304379406551064
ACCATACT	0.688728278664331
ACCATAGC	0.278430565642077
ACCATAGG	1.08443603011337
ACCATATA	0.42650465719635
ACCATATC	0.114218360686337
ACCATATG	0.690686532164033
ACCATCAG	0.197918742421233
ACCATCGA	0.436152497221004
ACCATCTA	0.0634111601142406
ACCATCTG	1.27241250978097
ACCATGAA	0.911239066921608
ACCATGAG	0.742139516738974
ACCATGAT	0.232153222723871
ACCATGCT	0.654822456291712
ACCATGGT	0.404880983476064
ACCATGTA	0.300336049122531
ACCATGTG	0.341000260551718
ACCATTAA	1.67974869772767
ACCATTAC	2.41030049983969
ACCATTAG	1.7732280943628
ACCATTAT	1.21828053063172
ACCATTCA	2.05123306240033
ACCATTCG	0.263020400725959
ACCATTGC	0.181134845016917
ACCATTTA	0.305965757656268
ACCATTTC	1.04506482817202
ACCATTTG	0.0570153038181998
ACCCAAAA	1.12308072505151
ACCCAAAC	1.41509185439183
ACCCAAAG	0.179244341178229
ACCCAAAT	1.12133364868667
ACCCAACA	2.0397653511623
ACCCAACT	0.974473285102034
ACCCAAGA	0.418346588972899
ACCCAATA	0.325959835806871
ACCCAATC	0.741518958673739
ACCCAATG	0.624095102058098
ACCCACAA	0.681326267828144
ACCCACAC	0.746223235667684
ACCCACGA	0.28459362257102
ACCCACTA	0.539085854531721
ACCCACTC	0.92825432221087
ACCCACTG	0.1407099196245
ACCCAGAA	0.354168199984742
ACCCAGAT	0.259556519121409
ACCCATAA	0.980242817404243
ACCCATAC	0.379235574559487
ACCCATAG	0.560007526445341
ACCCATAT	0.601790328022313
ACCCATCT	0.279812226282095
ACCCATGA	1.15793720490154
ACCCATTA	0.362360143038697
ACCCATTC	0.288077684925659
ACCCCAAA	0.681655646499238
ACCCCAAG	0.0705176671098418
ACCCGAAT	0.392541896278835
ACCCGACA	0.788966785097103
ACCCGATA	0.831611592999302
ACCCGCAA	0.372369795082804
ACCCGCGT	0.0511145966404141
ACCCGGAA	0.306293694845213
ACCCGTAA	0.365563116374239
ACCCGTAT	0.272717251143688
ACCCGTCA	0.182660653871854
ACCCGTGC	0.38178123203499
ACCCGTTA	1.61237165985042
ACCCTAAA	0.225172845416326
ACCCTAAG	0.390141828500402
ACCCTACG	0.461508168225591
ACCCTACT	0.638418389433713
ACCCTAGA	0.139948096308643
ACCCTATC	0.594832293688081
ACCCTATG	0.481729279814694
ACCCTCAT	0.273840165737921
ACCCTCGG	0.341671270492175
ACCCTGTA	0.629172722928687
ACCCTGTG	0.101502325907089
ACCCTTAA	0.987271484363786
ACCCTTAT	0.364747237477788
ACCCTTTA	1.66548451112018
ACCGAAAA	1.65597793634614
ACCGAACT	0.880809378751806
ACCGAAGT	0.273279429181879
ACCGAATA	1.40261726787257
ACCGAATC	1.18391703767673
ACCGACAC	1.38623914769326
ACCGACCT	0.242622707573576
ACCGACGC	0.0168109251946119
ACCGACTA	0.555593708104464
ACCGAGAA	0.372522592190621
ACCGAGAG	0.751315992100839
ACCGAGCA	0.812619344942399
ACCGAGGC	0.456222253184441
ACCGAGGT	0.369365746283853
ACCGATAA	0.743440454378634
ACCGATAC	0.240632741466593
ACCGATAG	1.20185484154149
ACCGATAT	0.768479720051469
ACCGATGC	0.314106528093924
ACCGATTA	1.19865763413454
ACCGATTG	0.1405254099094
ACCGCAAA	2.87292689784253
ACCGCAAC	0.959236818784895
ACCGCAAT	0.0201090363520034
ACCGCACA	0.660762804228603
ACCGCACC	0.621896121039479
ACCGCACT	0.348916880515174
ACCGCATA	0.41828388449941
ACCGCCAT	0.365777176473396
ACCGCCGA	0.572592386349011
ACCGCGAA	0.531113737505521
ACCGCGAG	0.567761979667011
ACCGCGCG	0.323042275936872
ACCGCGTA	0.060216835671594
ACCGCTAG	0.407505922469774
ACCGCTTG	0.230132985491755
ACCGGAAA	0.0557107624731653
ACCGGAGA	0.0760601659735505
ACCGGATA	1.27852151112932
ACCGGTAA	0.239897585570497
ACCGGTCT	1.14769259126711
ACCGGTTA	1.67331608363683
ACCGTAAA	1.27990245102826
ACCGTAAG	1.03396181191774
ACCGTAAT	0.778733703319868
ACCGTACA	0.74078812722409
ACCGTACT	1.42861295695141
ACCGTAGC	0.461508168225591
ACCGTATA	0.927539347064864
ACCGTATC	0.429076261350537
ACCGTCAA	0.535602512918159
ACCGTCAG	0.176328943531455
ACCGTCAT	0.554626473582345
ACCGTCCG	0.0826426942079129
ACCGTCGT	0.523785963000018
ACCGTCTG	0.138917436571958
ACCGTGAA	0.00565097039543646
ACCGTGAC	0.0393398497045997
ACCGTGAT	1.01900787610185
ACCGTGCA	2.63093664056192
ACCGTGCT	1.52345167125324
ACCGTGGA	0.0877044587748614
ACCGTGTA	0.251251419718742
ACCGTGTC	0.5406758093423
ACCGTTAA	2.35130568066009
ACCGTTAC	0.996277864832044
ACCGTTAG	0.689544157560785
ACCGTTAT	0.853777264007689
ACCGTTCA	0.968425546745027
ACCGTTCG	0.00146346475198335
ACCGTTCT	1.12958613399089
ACCGTTGA	0.413064998378199
ACCGTTGC	0.320478599934504
ACCGTTTA	1.8500403536477
ACCGTTTG	0.549137309558156
ACCTAAAA	2.40756672894372
ACCTAAAC	0.27677502339371
ACCTAAAG	1.01218750331286
ACCTAAAT	1.60826415646625
ACCTAACA	0.603432176190262
ACCTAACC	0.539738845945313
ACCTAACG	0.350005920278902
ACCTAAGA	0.460559672971412
ACCTAAGC	0.644410630727976
ACCTAAGT	0.161670511556147
ACCTAATA	0.397502036354262
ACCTAATC	0.870044390061513
ACCTAATG	0.491684155537132
ACCTACAA	1.6064860882352
ACCTACCT	0.0454596621690675
ACCTACGT	0.821095259979748
ACCTACTG	0.439238710502461
ACCTAGAA	0.785301095991664
ACCTAGAC	0.646304738272036
ACCTAGAT	0.526244410805493
ACCTAGCC	0.521026966166431
ACCTAGCG	0.0841360697144939
ACCTAGGA	0.101728638604516
ACCTAGGG	0.334995766659187
ACCTAGGT	0.730684778840284
ACCTATAA	1.37343734472613
ACCTATAC	1.31656943245769
ACCTATAT	0.780155004718988
ACCTATCA	1.08129071606379
ACCTATCC	0.0876799535783245
ACCTATCG	0.870367282062935
ACCTATCT	0.254057985463252
ACCTATGA	0.862537151028432
ACCTATTA	0.558906234083345
ACCTATTC	0.115251182646245
ACCTATTG	0.563720784461704
ACCTCAAA	1.37158287794118
ACCTCAAT	1.0151266854151
ACCTCACA	0.0792371926304061
ACCTCAGA	0.171804851806162
ACCTCAGG	0.0208895989357992
ACCTCAGT	0.377100739496509
ACCTCCAT	0.558921369645913
ACCTCGAA	0.125350206583603
ACCTCGAT	0.218694824637781
ACCTCGCA	0.682628646949954
ACCTCGGA	0.308824937499224
ACCTCGTC	0.251304033817188
ACCTCTAA	0.20216679031495
ACCTCTAC	0.622146938933443
ACCTCTAT	0.472720016382138
ACCTCTGA	0.335240097883479
ACCTCTGC	0.123881336273558
ACCTCTTA	0.568887056484469
ACCTGAAA	1.1396837164461
ACCTGAAC	0.361360475168221
ACCTGAAT	0.595153744207354
ACCTGACA	0.585079225466533
ACCTGACC	0.104009063364564
ACCTGATA	0.547793848195093
ACCTGATG	0.387607702882092
ACCTGCAG	0.0686019373335421
ACCTGCAT	0.271728394389329
ACCTGCCA	0.23309234834408
ACCTGCCT	0.0207288736761617
ACCTGCGA	0.256694456314155
ACCTGCTG	0.080264969402793
ACCTGGAA	0.0491231890512819
ACCTGGAG	0.847645198944954
ACCTGGCG	0.131672547290033
ACCTGTAC	1.10347728856334
ACCTGTAT	1.0679231313531
ACCTGTTA	1.2034181289323
ACCTTAAA	0.744613100107017
ACCTTAAC	0.903426233672895
ACCTTAAG	0.192212635333587
ACCTTAAT	0.339042727793092
ACCTTACA	0.200944413452422
ACCTTACC	0.0742943503407686
ACCTTACG	0.782801565944935
ACCTTACT	1.32265897379702
ACCTTAGC	1.08767071605619
ACCTTAGG	0.0979389820342443
ACCTTATA	2.19363924614391
ACCTTATC	0.834807358924098
ACCTTCAA	0.22566006638276
ACCTTCAC	0.0815147344261565
ACCTTCAG	0.36957836490086
ACCTTCCC	1.28263261821886
ACCTTCGC	0.220078647501022
ACCTTCTA	0.643787910439518
ACCTTCTC	0.202895459541376
ACCTTCTG	0.305818726477048
ACCTTGAA	0.284613803321109
ACCTTGAC	0.313864359092859
ACCTTGAT	0.492626884862716
ACCTTGCA	1.68096891236698
ACCTTGCC	1.23391484602204
ACCTTGCG	0.433828827996481
ACCTTGGC	0.15061506421279
ACCTTGTC	0.134687407205104
ACCTTGTG	0.381730780159768
ACCTTTAA	2.42271526484976
ACCTTTAC	0.86801406245435
ACCTTTAG	0.91930848399288
ACCTTTCA	0.624187356915647
ACCTTTCG	1.33172805873877
ACCTTTCT	0.945743104386151
ACCTTTGA	1.68740729238642
ACCTTTTA	1.78348063614905
ACCTTTTC	0.705000449905678
ACCTTTTG	2.32493520622246
ACGAAAAA	2.03873324994346
ACGAAAAC	0.248800179324011
ACGAAAAG	1.36198621053282
ACGAAAAT	1.28441284867313
ACGAAACA	0.526089451474452
ACGAAACG	1.74934561811471
ACGAAACT	1.85961467808275
ACGAAAGA	0.0104900259703307
ACGAAAGG	1.14999463825939
ACGAAAGT	1.84113920137634
ACGAAATC	0.47242739550585
ACGAAATG	1.97912363862722
ACGAACAA	2.84765843650798
ACGAACAG	0.756431091507306
ACGAACAT	0.374686256896583
ACGAACCA	1.54701630068743
ACGAACCC	0.653829275090908
ACGAACCG	0.536760743825047
ACGAACGC	1.0718994598617
ACGAACGT	0.442071222925657
ACGAACTA	0.435203281225749
ACGAACTC	0.193058064614099
ACGAACTG	1.68947942297591
ACGAAGAA	1.54882247782039
ACGAAGAC	0.117858823854163
ACGAAGAG	1.66085591193907
ACGAAGAT	0.0466301456742231
ACGAAGCT	0.0394465193836422
ACGAAGGA	0.153646501172576
ACGAAGTA	2.30253169065946
ACGAAGTG	0.960878666952845
ACGAATAC	3.60026059105645
ACGAATAG	1.47971926506946
ACGAATAT	1.6368336119225
ACGAATCA	0.923387157734067
ACGAATCT	1.3904439511225
ACGAATGA	0.344772619336198
ACGAATGG	0.720884141707814
ACGAATTA	0.710428350938524
ACGAATTC	0.968217252574467
ACGAATTG	0.910272553140563
ACGACAAA	1.4832883748709
ACGACAAC	1.58364003765239
ACGACAAT	0.159578920957646
ACGACACA	0.204489018057327
ACGACACC	1.459968076661
ACGACACG	0.0590946418184346
ACGACACT	1.37573939171842
ACGACAGA	0.974444455459051
ACGACAGT	0.757657792816283
ACGACATG	0.756782092410639
ACGACCAA	2.11808972522172
ACGACCTA	0.223295314916983
ACGACCTG	0.825558088713699
ACGACGAA	0.346709971344735
ACGACGAC	0.195221729320061
ACGACGAG	0.1290000393854
ACGACGAT	0.529085572121583
ACGACGCA	1.14106321486289
ACGACGCG	0.262340021151531
ACGACGGA	0.957183427463346
ACGACGTC	0.632720931238966
ACGACTAC	0.606690646588548
ACGACTAT	0.683667955579535
ACGACTCA	0.737296857458707
ACGACTCT	1.47780785973961
ACGACTGA	0.0526995062634698
ACGACTGC	0.328527836255688
ACGACTTA	2.07533608541725
ACGACTTC	1.16221336169716
ACGACTTG	0.551125834182991
ACGAGAAA	0.910266066470892
ACGAGAAG	0.667981746831842
ACGAGAAT	0.942241023504646
ACGAGACA	0.2764744743656
ACGAGAGA	0.502418152361216
ACGAGATA	0.838001683366744
ACGAGATC	0.216325027984482
ACGAGCAT	1.23026213025595
ACGAGCCA	0.509598174946427
ACGAGCCT	0.0524991402447292
ACGAGCGA	0.214439569333316
ACGAGGAA	0.429564203058045
ACGAGGAT	0.0903639933401498
ACGAGGCA	0.721165230726908
ACGAGGCT	0.229358909577629
ACGAGGTG	0.325847400199233
ACGAGTAC	1.59111556407818
ACGAGTAG	0.909566947628526
ACGAGTAT	0.229872797963822
ACGAGTGC	0.300478755855305
ACGAGTTA	0.649719609483512
ACGATAAA	1.55326512580426
ACGATAAC	2.33296642401678
ACGATAAG	1.64470842890363
ACGATAAT	0.597046410269266
ACGATACA	0.181272506562167
ACGATACG	0.533586600132489
ACGATACT	0.381104456165936
ACGATAGT	0.597661923146979
ACGATATA	0.668304638833264
ACGATATC	0.667927691251245
ACGATCAA	0.303839571486184
ACGATCCG	0.435679691076064
ACGATCCT	0.185547942616721
ACGATCGC	0.276501862526436
ACGATCGG	0.398692700609511
ACGATGAA	0.847338163247173
ACGATGAC	0.273279429181879
ACGATGAT	0.239288559362457
ACGATGCA	0.000715335516544852
ACGATGCG	0.528666821557238
ACGATGCT	0.56061006598371
ACGATGGA	0.971459866669112
ACGATGGC	0.613226326653064
ACGATGTA	0.734467227999809
ACGATTAA	1.22942318764511
ACGATTAT	0.325196571008864
ACGATTCA	0.310827156204474
ACGATTCC	0.266921051421718
ACGATTCT	2.09727472298714
ACGATTGA	0.934503147327691
ACGATTGC	0.417210701039322
ACGATTGG	0.436280789132284
ACGATTTA	0.882650151456346
ACGCAAAA	1.92374477741891
ACGCAAAG	0.150096130639073
ACGCAACA	0.978089243073325
ACGCAACC	0.224698597789238
ACGCAAGA	1.99344332229746
ACGCAAGG	0.70270128587769
ACGCAAGT	0.426784304733295
ACGCAATA	1.97536137021778
ACGCAATG	0.127538376486102
ACGCACAA	0.206973412541489
ACGCACAC	1.14585902597331
ACGCACAT	0.95341323090209
ACGCACCG	0.248560893287243
ACGCACGA	1.02386639168576
ACGCACGC	0.895385646244608
ACGCACGG	0.670982912666496
ACGCACGT	0.299432960556052
ACGCACTA	0.66180643730463
ACGCAGAT	0.406756351752185
ACGCAGCA	0.168474307300414
ACGCAGCG	0.379202420470055
ACGCATAA	0.741887978103936
ACGCATAC	1.76154632302561
ACGCATAG	0.995601809704064
ACGCATCA	1.17411928350856
ACGCATCC	0.61673849790961
ACGCATGC	2.45321414416272
ACGCATTA	0.338350816361471
ACGCATTG	0.0529020345054336
ACGCCAAT	0.734197670837906
ACGCCACG	0.367793810000142
ACGCCATA	0.78008004764723
ACGCCATG	0.250238057767846
ACGCCCAA	0.0509481054521796
ACGCCTAA	0.30352749060088
ACGCCTAT	0.850780422619483
ACGCCTCA	0.271827135916552
ACGCCTGC	1.27227556897679
ACGCCTTA	0.55328445370143
ACGCCTTG	0.316845344177422
ACGCGAAC	0.456033419022894
ACGCGAAT	0.210352967440309
ACGCGACA	0.563520418442964
ACGCGACC	1.04537330535195
ACGCGACG	0.0700909883936749
ACGCGACT	0.894868154153041
ACGCGAGA	1.25046450257711
ACGCGAGC	0.365341128123262
ACGCGAGT	0.262340021151531
ACGCGATA	0.212611049227045
ACGCGATC	0.79154920036741
ACGCGATG	0.127432427548136
ACGCGCAG	0.949823219609485
ACGCGCCA	0.366962795541121
ACGCGCGA	0.459382702796582
ACGCGCGC	1.08766062568115
ACGCGCGG	0.720633323813849
ACGCGCGT	0.0879048247936004
ACGCGCTA	1.1444319586456
ACGCGCTC	0.271876867050698
ACGCGCTG	1.09293933331155
ACGCGGAC	0.0647034488610082
ACGCGGAT	0.937343587902707
ACGCGGCA	0.56250705649207
ACGCGGTC	0.060216835671594
ACGCGTAA	0.152722511114933
ACGCGTAG	0.109671205246656
ACGCGTAT	1.66640273524922
ACGCGTCA	1.1821865383566
ACGCGTCG	0.716108511347483
ACGCGTCT	0.751638163361186
ACGCGTGA	1.73549874058941
ACGCGTGC	1.30946436694424
ACGCGTGG	1.01577246941795
ACGCGTTA	0.940883147320091
ACGCGTTC	0.560007526445341
ACGCGTTG	0.0682401253140913
ACGCTAAA	0.80176426361778
ACGCTAAC	1.32384459286475
ACGCTAAG	0.973880115197634
ACGCTACA	0.401915854695142
ACGCTACC	1.00452602568982
ACGCTAGA	0.916774358374571
ACGCTATA	0.600714982339003
ACGCTCAA	0.910766260776666
ACGCTCAG	0.333576627483292
ACGCTGAA	0.713443931594669
ACGCTGGC	0.624146274674395
ACGCTTAA	1.35529917484264
ACGCTTAT	1.47010962432176
ACGCTTCG	0.169765154565031
ACGCTTCT	0.0236421090997144
ACGCTTGA	0.328782257855023
ACGCTTTA	1.32483849480663
ACGGAAAA	1.14402762290274
ACGGAAAC	0.128560387329892
ACGGAAAT	0.0417211782150933
ACGGAACC	1.24543949580497
ACGGAACG	0.0978950168286946
ACGGAAGA	1.55234257722876
ACGGAAGT	1.53255102732012
ACGGAATA	1.10449137125531
ACGGAATC	0.234417070439204
ACGGAATG	1.09105819910683
ACGGACAA	0.360703880049255
ACGGACAC	0.733146830351134
ACGGACAG	0.413848443926294
ACGGACAT	0.194861358782759
ACGGACGA	0.429280231074651
ACGGACGT	0.469286405902722
ACGGACTG	0.13721144244837
ACGGAGAA	1.10014025738792
ACGGAGCA	0.780617720488884
ACGGAGCC	1.00307157020127
ACGGAGTA	0.545518468622566
ACGGATAA	0.490434390513768
ACGGATAC	0.545278461844724
ACGGATAG	0.586081055560234
ACGGATAT	0.512363658449683
ACGGATCA	0.636266977326018
ACGGATCT	0.287948672273304
ACGGATTC	0.858339555009936
ACGGATTG	0.558487483519
ACGGCAAA	0.865868416275254
ACGGCAAC	0.032110816726317
ACGGCAAT	1.38668456567736
ACGGCACA	0.563306358343806
ACGGCACG	0.122745448339982
ACGGCATA	0.361146415069063
ACGGCCAA	1.63525230600482
ACGGCCAT	0.058158399162524
ACGGCGAG	0.798204523450309
ACGGCGGC	0.599669187039752
ACGGCTAG	0.458971880384059
ACGGCTCT	0.780544204899275
ACGGCTGA	0.262333534481861
ACGGCTTA	0.783980698342989
ACGGCTTG	0.354398837128617
ACGGGAAA	0.893704878058629
ACGGGAAT	0.842885424888264
ACGGGACT	0.193070317212368
ACGGGATC	0.833209475961701
ACGGGATG	0.351803448518965
ACGGGCAC	0.135854287004889
ACGGGCTA	0.000897683008419904
ACGGGCTG	0.0220982817179107
ACGGGGAA	1.76042629139568
ACGGGGAT	0.465551525654122
ACGGGGCA	0.637833147681136
ACGGGGCC	0.226274137778322
ACGGGGCG	0.0972845491385038
ACGGGGCT	1.18881519401974
ACGGGGTA	0.614345637541924
ACGGGTAG	0.566075445552436
ACGGGTAT	0.0312581800350592
ACGGGTTA	0.630581050988465
ACGGTAAA	1.29403330053696
ACGGTAAC	0.200851437853798
ACGGTAAG	0.0297093074657345
ACGGTAAT	1.33482796610065
ACGGTACA	1.78765012326564
ACGGTACG	0.584541552624879
ACGGTACT	0.397173378424245
ACGGTAGC	0.722093545230998
ACGGTAGT	0.429952682497257
ACGGTATA	1.74250290235241
ACGGTCAA	0.144546424364619
ACGGTCAC	0.408246844294466
ACGGTCGA	0.074744092771322
ACGGTGAA	0.563844751926534
ACGGTGAC	0.641383518214638
ACGGTGAT	0.747015330108673
ACGGTGCA	0.870665668867822
ACGGTGCT	0.328289270959993
ACGGTGGA	0.564933791690262
ACGGTGTA	0.138917436571958
ACGGTGTG	0.032110816726317
ACGGTTAA	0.695334591354156
ACGGTTAG	0.684728886441352
ACGGTTAT	1.70677144283782
ACGGTTCA	0.272323726516954
ACGGTTCG	0.908446915998591
ACGGTTCT	1.6361071049193
ACGGTTGC	0.828941247317893
ACGGTTGG	0.648159205056993
ACGGTTTA	0.800902257292553
ACGGTTTG	0.626287596407045
ACGTAAAA	2.19858497139785
ACGTAAAC	0.624754580141361
ACGTAAAG	0.00923593650051905
ACGTAAAT	1.33790913419458
ACGTAACA	1.72837926025446
ACGTAACC	0.598629157669098
ACGTAACG	0.857530883524229
ACGTAACT	0.1118723484885
ACGTAAGA	1.57352515741139
ACGTAAGC	0.0899762346420149
ACGTAAGG	0.479291733500382
ACGTAAGT	0.55002237959777
ACGTAATA	2.12954374237933
ACGTAATC	0.555020718950152
ACGTAATG	0.744921577286947
ACGTACAA	2.12274499182259
ACGTACAC	2.04534100411544
ACGTACAG	0.838508364342194
ACGTACAT	0.227017942567314
ACGTACCT	0.225324201041993
ACGTACGA	0.663844693063612
ACGTACGC	0.186985821060556
ACGTACGG	0.0453421813739069
ACGTACTA	1.18536212353131
ACGTACTC	0.260555466250811
ACGTAGAT	0.641780646546745
ACGTAGCA	0.114325030365378
ACGTAGCT	1.13360354474074
ACGTATAA	2.32262811404265
ACGTATAC	0.902027275247088
ACGTATAT	0.859084801281076
ACGTATCA	1.34004108629326
ACGTATCC	1.38504271750941
ACGTATCG	1.72181619202912
ACGTATCT	0.156174860862288
ACGTATGA	0.763343719153838
ACGTATGG	0.931588470421991
ACGTATTA	1.46154649961438
ACGTATTC	0.480736098613889
ACGTATTG	0.013937330530164
ACGTCAAA	1.03969819013052
ACGTCAAC	1.12937495685603
ACGTCAAG	1.02773388829208
ACGTCAAT	0.0542145040022883
ACGTCACT	1.43868675495115
ACGTCATA	1.02720053989687
ACGTCCAA	0.237693559364356
ACGTCCCA	0.142336632229882
ACGTCCGA	0.384893391995133
ACGTCCTA	0.504146489458119
ACGTCGAA	0.19585381924249
ACGTCGAT	0.627215190170061
ACGTCGCC	0.640628902309526
ACGTCGCG	0.147648493949716
ACGTCGCT	0.0796458528197075
ACGTCTAA	0.923745366048146
ACGTCTAG	1.14145601874856
ACGTCTAT	0.013760748966886
ACGTCTCA	0.207372703096818
ACGTCTCT	0.740496947829949
ACGTCTGC	0.692279369938909
ACGTCTTA	0.882480777303814
ACGTGAAA	1.06954984395849
ACGTGAAC	0.0700571135631688
ACGTGAAG	0.20243274377148
ACGTGAAT	0.831734118981985
ACGTGACA	0.293447205931462
ACGTGACG	0.152722511114933
ACGTGAGA	0.0507261172012014
ACGTGAGC	0.234872578798354
ACGTGAGT	0.368151297573144
ACGTGATA	1.37456025932037
ACGTGATC	1.10592997044022
ACGTGATG	0.660963890988418
ACGTGCAA	2.45942044555614
ACGTGCAC	0.685469087524972
ACGTGCAG	2.09445374242113
ACGTGCAT	0.318005737307536
ACGTGCCA	3.04538221846853
ACGTGCCG	5.04112578590559
ACGTGCGA	0.0171280512674386
ACGTGCGC	0.429806372059112
ACGTGCTA	1.15533028443469
ACGTGCTG	0.724758845724885
ACGTGGAG	0.161065809794555
ACGTGGAT	0.295321853466508
ACGTGGCA	0.571842094890348
ACGTGGCG	0.578826075903264
ACGTGGGA	0.670130996716312
ACGTGGGG	0.452668278945567
ACGTGGTA	1.0277079416134
ACGTGTAA	0.957820562573297
ACGTGTAG	0.847803761981367
ACGTGTAT	0.792893382471548
ACGTGTCA	0.785241995223546
ACGTGTCC	1.89719916290015
ACGTGTCG	0.985331249390951
ACGTGTCT	0.272900319376637
ACGTGTGA	1.21765348589682
ACGTGTGC	0.404444214384854
ACGTGTGG	0.587949937166683
ACGTGTTA	0.0729062030310813
ACGTGTTG	1.88623236670897
ACGTTAAA	1.51196377926512
ACGTTAAG	0.753710293950674
ACGTTAAT	1.30554569772161
ACGTTACA	1.96284642219835
ACGTTACT	0.982507385860649
ACGTTAGA	0.36164372641054
ACGTTAGG	0.343611505465012
ACGTTAGT	0.606258922684861
ACGTTATA	0.450969492232724
ACGTTATC	0.960695598719895
ACGTTATG	0.0756356494806085
ACGTTCAC	0.413357619254487
ACGTTCAT	0.328996317954179
ACGTTCCA	1.93849258128747
ACGTTCCT	0.443612167343162
ACGTTCGA	0.0667755794504955
ACGTTCTA	0.318575122756473
ACGTTGAA	1.32358368459574
ACGTTGAC	0.854535483618172
ACGTTGAG	0.892909179912266
ACGTTGAT	0.953767114769721
ACGTTGCA	1.85109263561663
ACGTTGCC	0.0522065193684395
ACGTTGCT	0.510767216969437
ACGTTGGC	0.0964556969027085
ACGTTGGG	0.459550635466967
ACGTTGTA	1.53583688587924
ACGTTGTG	0.526402973841905
ACGTTTAA	1.73835864117344
ACGTTTAC	0.599354943931225
ACGTTTAG	0.598962140045566
ACGTTTAT	1.84374900480748
ACGTTTCA	0.985316113828383
ACGTTTCC	0.967441014437118
ACGTTTCG	0.695198371291056
ACGTTTCT	1.18910925637818
ACGTTTGA	1.02174813366749
ACGTTTGC	0.257629257487917
ACGTTTGG	0.377047404656988
ACGTTTTA	1.934430484591
ACGTTTTC	1.87663714078276
ACGTTTTG	1.02643799583994
ACTAAAAA	1.28087400999683
ACTAAAAC	1.18698739465454
ACTAAAAG	2.35512849131979
ACTAAAAT	1.89377203909041
ACTAAACA	1.93486725368221
ACTAAACC	0.754359681658893
ACTAAACG	0.24049147621597
ACTAAACT	1.55019116512107
ACTAAAGA	1.57213917232492
ACTAAAGC	0.488268563584581
ACTAAAGT	1.10185922485086
ACTAAATA	0.913518050199507
ACTAAATC	1.9257599694635
ACTAAATG	1.16350565044393
ACTAACAA	0.959465293705544
ACTAACAG	0.0744089481716314
ACTAACAT	2.12106782734198
ACTAACCC	0.196782854487656
ACTAACCG	0.83975236343696
ACTAACCT	1.95850467796494
ACTAACGA	3.10954258892982
ACTAACGC	1.64460896663533
ACTAACGG	1.10310034098133
ACTAACTA	0.496425911066956
ACTAACTC	0.524567246324888
ACTAACTG	0.537194629951959
ACTAAGAA	1.10825724337012
ACTAAGAC	0.45751958711873
ACTAAGAG	0.586679991393231
ACTAAGAT	1.7873560609072
ACTAAGCA	1.20903053968025
ACTAAGCT	1.36845269945417
ACTAAGGA	1.77378378573132
ACTAAGGC	0.782139925638449
ACTAAGTA	0.565949315864381
ACTAAGTC	1.74948688336533
ACTAATAA	2.59574357463006
ACTAATAC	2.58292303239499
ACTAATAG	0.33919408341876
ACTAATAT	1.50322839744091
ACTAATCA	0.558658299153681
ACTAATCT	0.41398250176617
ACTAATGA	0.293131521340786
ACTAATGC	0.753441457529847
ACTAATGG	1.68096891236698
ACTAATTC	0.383382718702761
ACTAATTG	1.48671910238602
ACTACAAC	2.22469597904862
ACTACAAG	0.974356525047948
ACTACAAT	0.551986399026067
ACTACACA	1.24331907556348
ACTACACC	0.706219943803909
ACTACACG	1.64004090970449
ACTACACT	0.0113332930276177
ACTACAGA	1.72326199862477
ACTACAGT	0.403053184110867
ACTACATA	1.17897707835139
ACTACATC	0.748335727757348
ACTACATG	0.447064517090517
ACTACCAA	0.425315434423251
ACTACCAC	0.231516808354996
ACTACCAT	1.05315082228801
ACTACCCA	1.03897312460947
ACTACCGC	0.366593776110925
ACTACCGG	0.0711317385054047
ACTACCTA	0.344530450335131
ACTACCTG	0.252928584199347
ACTACGAA	0.844607275315497
ACTACGAC	0.771841256423426
ACTACGAT	0.799792316037663
ACTACGCG	0.330277074843753
ACTACGGA	0.0924310787421178
ACTACTAA	2.65968628128682
ACTACTAC	0.614444379069144
ACTACTAT	0.540014169035812
ACTACTCA	0.78105232735687
ACTACTCC	0.0269978795430729
ACTACTCG	0.801761380653483
ACTACTGA	0.748144010631504
ACTACTTA	1.40320827555375
ACTACTTC	0.320617702961903
ACTACTTG	0.733892076622275
ACTAGAAA	0.606528479846764
ACTAGAAC	0.750134697479562
ACTAGAAG	0.373047291692933
ACTAGACA	1.70284052101693
ACTAGACG	1.11752453210739
ACTAGACT	1.64048488620644
ACTAGAGT	1.18071118137689
ACTAGATA	0.932654446471331
ACTAGATC	0.0559219396080255
ACTAGCAA	0.365812492786051
ACTAGCAG	0.379326387934887
ACTAGCCG	0.0861145039642831
ACTAGCGA	0.0332575157760117
ACTAGCGG	0.0278519577164779
ACTAGCTG	0.540457424796693
ACTAGGAA	0.211483089445288
ACTAGGAT	0.524264535073555
ACTAGGCA	1.08297580869622
ACTAGGGA	0.949142119293984
ACTAGGTA	0.157561566689828
ACTAGGTG	0.806604760674823
ACTAGTAA	0.943951342074683
ACTAGTAC	1.12324361253437
ACTAGTAT	0.955984114315203
ACTAGTCA	0.698069082991208
ACTAGTCC	0.260924485681009
ACTAGTCG	0.481740811671888
ACTAGTCT	0.85342986680973
ACTAGTTG	1.09752468802819
ACTATAAA	1.41348676401868
ACTATAAC	0.691294837630999
ACTATAAG	0.450329474158476
ACTATAAT	1.46005744855425
ACTATACA	1.18280853790399
ACTATACC	1.12308072505151
ACTATACT	0.725186245182126
ACTATAGA	0.141357865850569
ACTATAGC	0.496102298324458
ACTATAGT	2.09673777088656
ACTATATA	1.27126653147235
ACTATATC	1.36026580158774
ACTATATG	0.129011571242594
ACTATCAA	2.38820978590307
ACTATCAC	1.82063123483954
ACTATCAT	1.87843034457638
ACTATCCA	1.45729124430992
ACTATCCC	0.502013816618365
ACTATCCG	1.55872834314976
ACTATCCT	0.563686188890122
ACTATCGA	0.547316717603705
ACTATCGC	0.200134300484566
ACTATCGG	0.271422800173698
ACTATCTA	0.364918053112469
ACTATCTC	0.206483308610757
ACTATGAA	0.454309406372441
ACTATGAC	0.722479862446987
ACTATGAG	0.258682980938988
ACTATGAT	0.218694824637781
ACTATGCA	2.09128536465717
ACTATGCG	1.01712385893283
ACTATGGG	0.360483333280426
ACTATGTA	0.245349271058806
ACTATGTC	1.17852156999224
ACTATGTG	0.550538430207186
ACTATTAA	1.71654757477376
ACTATTAC	1.75101845814887
ACTATTAG	0.233845522767043
ACTATTAT	1.58718824596267
ACTATTCA	2.14358377851263
ACTATTCG	1.25387865304751
ACTATTCT	0.365425454828989
ACTATTGA	0.837634826159773
ACTATTGC	0.54942128154155
ACTATTTA	0.320192465727886
ACTATTTC	0.125699766004785
ACTCAAAA	0.946690158158179
ACTCAAAC	0.966030524154117
ACTCAAAG	0.779509941457217
ACTCAAAT	0.813366753436765
ACTCAACA	0.383345240166881
ACTCAACC	0.797879469225662
ACTCAACG	0.612225217300437
ACTCAACT	0.910613463668851
ACTCAAGA	1.99344332229746
ACTCAAGT	0.68251693208339
ACTCAATA	1.20081697439406
ACTCAATC	0.968932948461549
ACTCAATG	1.08365114308312
ACTCACAC	0.554911887047887
ACTCACAG	0.383789216668838
ACTCACCA	0.275148310788328
ACTCACTA	0.381236351782588
ACTCACTC	0.904602483106649
ACTCAGAA	0.929893287414521
ACTCAGAC	0.137301535082694
ACTCAGAT	0.610420481649628
ACTCAGCC	0.145928805745711
ACTCAGCT	1.18186941228378
ACTCAGTA	0.302564580525208
ACTCATAA	1.94113121436159
ACTCATAC	1.12312252803384
ACTCATAT	0.639477878813383
ACTCATCA	0.739842514934209
ACTCATCC	1.53324077652852
ACTCATTA	0.693216333335894
ACTCATTC	0.753865974022789
ACTCCAAA	1.23167334128002
ACTCCAAG	0.0892086453975604
ACTCCACA	0.520358118449199
ACTCCACT	0.447525070637189
ACTCCCAA	0.106680129787048
ACTCCCAT	0.409886530239193
ACTCCGAA	1.23046249627469
ACTCCGCG	0.0453248835881158
ACTCCGTC	1.39738324618879
ACTCCTAA	1.35542602527177
ACTCCTAT	0.0461104913594342
ACTCCTCG	0.125256510243905
ACTCCTGA	1.31414413874164
ACTCCTTA	0.0850924931204932
ACTCCTTG	0.406977619262088
ACTCGAAA	1.14873478286099
ACTCGAAC	0.723597011112624
ACTCGACA	0.432532935544341
ACTCGAGA	0.143044399965143
ACTCGAGC	0.130950364733281
ACTCGAGT	0.835813513464247
ACTCGATA	1.61446829563645
ACTCGATG	1.41914674367755
ACTCGCCA	0.0128771204094214
ACTCGCCT	0.184386828745533
ACTCGCGA	1.14585902597331
ACTCGCGC	0.0885513295375206
ACTCGCTC	1.19440814475867
ACTCGGAT	0.978780433763871
ACTCGGCC	0.381247162898708
ACTCGGTA	0.255667400282843
ACTCGGTC	0.435347429440672
ACTCGGTG	0.0607905455669793
ACTCGTAA	0.343110590418159
ACTCGTAG	1.03167490048802
ACTCGTAT	0.181973066886682
ACTCGTCT	1.79623559094633
ACTCGTGC	0.270100240301798
ACTCGTTA	0.0231116436688059
ACTCGTTC	1.49249728358112
ACTCTAAA	0.159568109841526
ACTCTAAC	0.604020300907139
ACTCTAAT	2.19873920998781
ACTCTACA	0.682466480208169
ACTCTACC	0.108633338099226
ACTCTACG	0.255849747774718
ACTCTACT	1.85558429399356
ACTCTAGA	0.772751552400651
ACTCTAGC	0.20989457611686
ACTCTATA	0.14738902716286
ACTCTCAA	0.613165063661721
ACTCTCAC	0.678169421921376
ACTCTCAT	2.03184152378809
ACTCTCCT	0.17392238908335
ACTCTCGA	0.357139094694262
ACTCTCGC	0.017776718234582
ACTCTCTA	0.204607940334636
ACTCTGAA	0.768999374366259
ACTCTGAC	0.560388798473806
ACTCTGAT	0.963401981455034
ACTCTGCA	0.109145785003269
ACTCTGGA	0.803416202160774
ACTCTGGG	0.204489018057327
ACTCTGTA	0.302413224899543
ACTCTGTC	0.0246569125327568
ACTCTTAG	0.221361566613817
ACTCTTAT	2.05417296524364
ACTCTTCA	0.119616711335123
ACTCTTCC	0.881623816166109
ACTCTTGC	0.0815147344261565
ACTCTTGG	0.754443287623548
ACTCTTTC	0.732620689366672
ACTCTTTG	1.4557704806425
ACTGAAAA	1.26114660604383
ACTGAAAC	1.82809522940815
ACTGAAAG	1.20167825997821
ACTGAAAT	0.561516758255563
ACTGAACA	1.45648401430636
ACTGAACC	0.476250206165551
ACTGAACG	0.684433382600764
ACTGAACT	0.762230174193574
ACTGAAGA	1.59758926041028
ACTGAAGG	0.224207773117432
ACTGAAGT	0.0970214786462736
ACTGAATA	0.871585334479016
ACTGAATC	0.72802308205177
ACTGAATG	1.49804482763236
ACTGACAA	0.394676731341814
ACTGACCT	0.980404263404954
ACTGACGA	0.929214349322244
ACTGACGC	0.201653622669833
ACTGACGG	0.639849781207878
ACTGACTA	1.10185922485086
ACTGACTC	0.547642492569427
ACTGAGAA	1.22170837518254
ACTGAGAC	0.532488190734793
ACTGAGAT	0.310896347347637
ACTGAGCG	0.17700283643621
ACTGAGCT	0.890029819319221
ACTGAGGC	0.184028620431454
ACTGAGTA	0.372451238824234
ACTGATAA	2.90190140978271
ACTGATAC	1.2699482960469
ACTGATAT	0.671576803311968
ACTGATCA	1.03683396510004
ACTGATGA	0.00291215431193856
ACTGATGC	0.176596338470133
ACTGATGG	0.382585579074249
ACTGATTA	1.55642341319317
ACTGATTG	1.75140982055238
ACTGCAAA	0.60341776136877
ACTGCAAC	0.879085366101352
ACTGCAAT	0.526640097655451
ACTGCACA	0.75550205626214
ACTGCACC	0.429579338620611
ACTGCACG	0.454762031767293
ACTGCACT	0.994085370483097
ACTGCAGC	1.39701278527645
ACTGCAGT	1.05619883629251
ACTGCATA	1.33598043107894
ACTGCATC	0.415109020065777
ACTGCCAC	0.733892076622275
ACTGCCAT	0.118727316849062
ACTGCCCA	0.0686495062444672
ACTGCGAA	0.327258611223308
ACTGCGTA	0.385531247846157
ACTGCTAA	0.488171984280584
ACTGCTAT	0.238212492938072
ACTGCTCA	1.52292264730448
ACTGCTGC	0.549179112540483
ACTGCTTA	1.00095763662945
ACTGCTTG	0.639800770814805
ACTGGAAA	1.27406084461859
ACTGGAAC	0.59781399951372
ACTGGAAG	1.08953022802867
ACTGGAAT	0.425315434423251
ACTGGACT	0.609144769947577
ACTGGATA	0.415225059378789
ACTGGCAC	0.161022565330078
ACTGGCAT	1.33372451151542
ACTGGCGA	0.324189695727642
ACTGGCGG	0.521812573937749
ACTGGGAA	0.11891182656416
ACTGGGAT	0.154362917800733
ACTGGGTG	0.185274061008371
ACTGGTAA	1.10366251901952
ACTGGTGA	0.413848443926294
ACTGGTTA	0.461668893485227
ACTGGTTC	0.757903565522722
ACTGTAAA	1.27493798650638
ACTGTAAC	1.93686370645886
ACTGTAAG	0.766094067094529
ACTGTAAT	1.67231353280205
ACTGTACA	0.982305578359762
ACTGTAGA	1.31419314913472
ACTGTATA	1.8667283924891
ACTGTATC	0.319522897269578
ACTGTATG	0.312429363613321
ACTGTCAA	0.830647241441481
ACTGTCAC	0.36478831971904
ACTGTCAT	0.612112060951723
ACTGTCCA	0.694095637446912
ACTGTCCC	0.254620884242518
ACTGTCCT	0.171701785832494
ACTGTCGC	0.711691810042306
ACTGTCTA	0.228280680930021
ACTGTGAA	0.789521755724549
ACTGTGAC	0.361965176929815
ACTGTGAG	1.06126780827021
ACTGTGAT	0.209697093062419
ACTGTGCC	0.068374903895043
ACTGTGCT	0.209513304088394
ACTGTGGA	0.0618572423573934
ACTGTGTA	1.30386925398208
ACTGTGTC	0.023682470599892
ACTGTGTG	0.791206127615899
ACTGTTAA	0.906575872168917
ACTGTTAC	0.409868511712329
ACTGTTAG	1.32175084004302
ACTGTTAT	1.89470828174632
ACTGTTCG	0.428044160131704
ACTGTTCT	0.610501204649983
ACTGTTGC	1.16043241050182
ACTGTTGG	1.04306981687752
ACTGTTTA	0.582051392212119
ACTGTTTC	0.368324275431048
ACTGTTTG	0.846013441152049
ACTTAAAA	1.24090891741001
ACTTAAAC	1.73835864117344
ACTTAAAG	0.0800473055982614
ACTTAAAT	1.66266353055417
ACTTAACA	1.14769259126711
ACTTAACC	1.6680863863995
ACTTAACG	0.766806159276238
ACTTAACT	0.486816991060329
ACTTAAGA	0.910136333077463
ACTTAAGC	0.495550931402385
ACTTAAGG	0.371610133990172
ACTTAAGT	0.984749611343745
ACTTAATA	1.60937409772114
ACTTAATC	1.93148481581909
ACTTACAA	1.46794668035687
ACTTACAC	0.780760427221655
ACTTACAG	0.822032223376734
ACTTACAT	1.80583586206006
ACTTACCA	0.680678321602074
ACTTACCG	0.879749168631062
ACTTACGA	0.939536802992731
ACTTACTA	0.953735402162438
ACTTACTG	1.31429765659054
ACTTAGAA	0.980632017584529
ACTTAGAC	0.528329514734323
ACTTAGAG	0.540053809794915
ACTTAGAT	0.739246462065511
ACTTAGCA	0.545042779513328
ACTTAGGC	0.890488931383743
ACTTAGTA	0.0870586747720157
ACTTAGTC	0.0164433472465641
ACTTAGTG	0.822997295675628
ACTTATAA	0.835210253184802
ACTTATAC	2.62510296230407
ACTTATAG	0.689930474776771
ACTTATAT	2.0563366299496
ACTTATCA	1.04450120865168
ACTTATCC	0.631297467616622
ACTTATCG	0.800033764297655
ACTTATCT	2.25095473861968
ACTTATGA	1.26359208050996
ACTTATGC	1.31444180480546
ACTTATGG	0.651496236232413
ACTTATTA	2.12604382372105
ACTTATTG	0.407154921566441
ACTTCAAA	1.2385448866853
ACTTCAAG	0.96598727968964
ACTTCAAT	0.760617155668609
ACTTCACA	1.88069203006849
ACTTCACC	0.210334948913443
ACTTCAGA	1.02668160632316
ACTTCAGC	0.331208272312141
ACTTCAGG	1.18979468114013
ACTTCATA	1.47750370700613
ACTTCCAA	0.643052033802346
ACTTCCAG	1.44297156063968
ACTTCCAT	0.744725535714654
ACTTCCGA	0.471573317332443
ACTTCCTA	0.339143631543537
ACTTCCTG	0.391132847477983
ACTTCGAC	0.0702077484477626
ACTTCGAT	0.806907471926158
ACTTCGCA	0.438135255917242
ACTTCGCC	1.02376260497101
ACTTCGTA	1.09938347925959
ACTTCGTG	1.3312163325758
ACTTCTAA	1.42229926513787
ACTTCTAG	0.56190595843585
ACTTCTAT	1.63921421969192
ACTTCTCA	1.09313753710707
ACTTCTCG	0.897181012261446
ACTTCTCT	1.06869360356186
ACTTCTGA	1.50151015071905
ACTTCTGC	0.224781483012818
ACTTCTGG	0.543642379605371
ACTTCTTA	1.79655127553701
ACTTCTTC	0.102954619172417
ACTTCTTG	0.895338077333684
ACTTGAAA	1.69918996747405
ACTTGAAC	0.143008362911414
ACTTGAAT	0.365819700196799
ACTTGACA	1.52574579009371
ACTTGACC	0.810450635048913
ACTTGACG	0.794182067512942
ACTTGAGA	0.834069320063703
ACTTGAGC	0.620587255247999
ACTTGATA	1.7447141359693
ACTTGATC	0.305134743197248
ACTTGCAA	0.183697079537137
ACTTGCAC	0.717672519479374
ACTTGCAG	0.533606780882578
ACTTGCAT	1.48149589181836
ACTTGCCA	0.818682939603047
ACTTGCCG	1.00547884539044
ACTTGCCT	0.938060004530865
ACTTGCGC	0.714936586360176
ACTTGCTA	0.287979664139511
ACTTGCTG	0.763044611607877
ACTTGGAA	0.0578110019645633
ACTTGGAC	0.608285646586649
ACTTGGAG	0.588070300926141
ACTTGGAT	0.271298832708866
ACTTGGCC	0.432141573140831
ACTTGGCG	0.284781015250418
ACTTGGCT	0.10899082567223
ACTTGGTA	0.0705176671098418
ACTTGGTC	1.40795363478894
ACTTGTAA	1.65036985004465
ACTTGTAC	0.924483404908541
ACTTGTCA	1.31868696973488
ACTTGTCT	0.216071327126221
ACTTGTGA	0.0721919486261473
ACTTGTGC	0.284279379462493
ACTTGTTA	0.958103093074543
ACTTGTTG	0.217672093052917
ACTTTAAA	2.04382456489447
ACTTTAAC	2.06928330187272
ACTTTAAG	1.70720388748258
ACTTTAAT	1.41325108168729
ACTTTACA	1.01049015808217
ACTTTACC	1.21784520302266
ACTTTACG	1.09853660849693
ACTTTACT	2.22214167268022
ACTTTAGA	0.405092881351999
ACTTTAGC	1.09482767492702
ACTTTAGG	0.866225903848258
ACTTTATA	1.96709879453852
ACTTTATC	2.54587045449065
ACTTTCAA	2.46141185314527
ACTTTCAC	0.571487490281641
ACTTTCAG	1.22899074300035
ACTTTCAT	0.925323789001528
ACTTTCCA	0.462387472336609
ACTTTCCC	0.910108224175554
ACTTTCCG	0.733239805949756
ACTTTCCT	1.2318016331913
ACTTTCGA	1.02423252815165
ACTTTCGC	1.39512732662528
ACTTTCTA	1.6059498568757
ACTTTCTG	1.15087394237041
ACTTTGAA	1.86837744806779
ACTTTGAC	0.299115113742151
ACTTTGAG	0.466168480013984
ACTTTGAT	1.32078720922627
ACTTTGCA	1.02645385214359
ACTTTGCG	0.150096130639073
ACTTTGGA	0.456045671621163
ACTTTGGC	1.35664696065215
ACTTTGGG	1.45065033604851
ACTTTGTA	0.824885637291093
ACTTTGTC	1.83298185389396
ACTTTGTG	0.662622316201083
ACTTTTAA	1.65227332722268
ACTTTTAC	1.04007441697146
ACTTTTAG	0.121329912869459
ACTTTTAT	1.10279474676569
ACTTTTCA	1.10792786469903
ACTTTTCC	0.947742440127103
ACTTTTCG	1.46973123525759
ACTTTTCT	1.10806696772643
ACTTTTGA	2.06216526301993
ACTTTTGC	1.03472003152822
ACTTTTGG	2.52890709255876
ACTTTTTA	1.55559167799308
ACTTTTTC	1.91606095682255
ACTTTTTG	0.602858466294876
AGAAAAAA	0.954531100308802
AGAAAAAC	0.910719412606817
AGAAAAAG	1.68194479578199
AGAAAAAT	1.77524761085385
AGAAAACA	1.68356646319985
AGAAAACC	0.0288487426226565
AGAAAACG	1.98639015014138
AGAAAACT	1.71807122140547
AGAAAAGA	3.47388224732992
AGAAAAGC	3.22518837731441
AGAAAATA	1.09574445757391
AGAAAATC	1.17802858309721
AGAAAATG	1.6368336119225
AGAAACAA	2.66339016966922
AGAAACAG	1.31140171895277
AGAAACAT	1.56463121255077
AGAAACCA	0.782065689307765
AGAAACCG	1.18431632823206
AGAAACCT	0.294627779811664
AGAAACGA	1.24087576332057
AGAAACGC	0.329441015197212
AGAAACGG	0.366593776110925
AGAAACTA	2.33854784289852
AGAAACTG	0.421515687477936
AGAAAGAA	0.434353527498792
AGAAAGAC	1.53172361656648
AGAAAGAG	0.29425155297072
AGAAAGAT	1.15524739921111
AGAAAGCA	0.178218005887993
AGAAAGCG	0.304744101534812
AGAAAGCT	1.32600753682963
AGAAAGGC	0.786078054870088
AGAAAGTA	1.33661252100137
AGAAAGTC	1.70576528829767
AGAAAGTG	0.488769478631432
AGAAATAA	2.72871669918922
AGAAATAC	0.470661579873068
AGAAATAG	1.37246578575757
AGAAATAT	1.19975748501439
AGAAATCA	1.34640018479449
AGAAATCG	0.177227707651486
AGAAATCT	0.80604690708308
AGAAATGA	1.29478719570099
AGAAATGG	2.27441846430343
AGAAATTA	2.12539948120035
AGAAATTC	0.304442111024555
AGAAATTG	0.664842198710863
AGAACAAA	1.86259566316732
AGAACAAC	0.728293359954746
AGAACAAT	0.954490738808624
AGAACACA	1.30985500860667
AGAACACC	0.109649583014419
AGAACACG	2.09727472298714
AGAACACT	1.41622269713788
AGAACAGA	0.814560300656309
AGAACATA	1.42073958145243
AGAACATC	0.749478823101671
AGAACATG	1.02471974911809
AGAACCAA	1.78708001707563
AGAACCAC	0.525977015866814
AGAACCGA	1.07451142551606
AGAACCTC	0.251304033817188
AGAACCTG	0.299337101993129
AGAACGAA	2.10002002574031
AGAACGAC	1.71945648575086
AGAACGAT	0.19531686714191
AGAACGCT	0.29029900891759
AGAACGGA	0.0898883042309122
AGAACGGC	2.00636620976512
AGAACGGG	0.0295702044383364
AGAACTAA	0.31575846663692
AGAACTAC	0.693847702517248
AGAACTAG	0.300205594988028
AGAACTAT	1.70776462403863
AGAACTCA	1.35097905284146
AGAACTGA	1.31183704656184
AGAACTTA	0.199740775857833
AGAACTTG	0.369495479677282
AGAAGAAA	0.189490396294808
AGAAGAAC	0.831068154229051
AGAAGAAT	0.712823373529435
AGAAGACA	0.893573703183051
AGAAGACG	0.16840007096973
AGAAGACT	0.4616724971906
AGAAGAGA	0.0146501434529475
AGAAGATA	1.88252847832658
AGAAGATC	0.435235714574108
AGAAGCAA	1.08767071605619
AGAAGCAT	0.246997605896425
AGAAGCCA	0.191332610481496
AGAAGCCC	0.448258785051136
AGAAGCCG	0.190732233166351
AGAAGCCT	1.36920371165391
AGAAGGAA	2.39760032136409
AGAAGGAT	1.19250394683957
AGAAGGCA	0.289441327038811
AGAAGGTA	0.13833075333723
AGAAGGTC	0.0365123824689263
AGAAGTAA	1.50313974628874
AGAAGTAC	1.06869360356186
AGAAGTAT	1.25531076556275
AGAAGTCA	0.078495550064639
AGAAGTCC	0.474100956281081
AGAAGTCG	0.368457612529851
AGAAGTCT	1.01902445314656
AGAAGTGA	0.654799392577326
AGAAGTGC	1.67763332267371
AGAAGTTA	1.12528186829335
AGAAGTTC	0.242037465820997
AGAATAAA	0.725390214906239
AGAATAAC	1.41848870707644
AGAATAAG	2.92659976492726
AGAATAAT	1.55434263371079
AGAATACA	1.86745273726907
AGAATACG	1.1399590395366
AGAATACT	0.367614345472564
AGAATATC	0.272178857560959
AGAATATG	2.2500062433655
AGAATCAA	0.702672456234706
AGAATCAC	0.566650596929972
AGAATCAG	0.423843681148909
AGAATCAT	2.10840584814333
AGAATCCG	0.624736561614497
AGAATCCT	0.0515592938834449
AGAATCGC	0.834452754315393
AGAATCTA	0.0111062595891186
AGAATCTC	0.686238118251573
AGAATGAA	0.418282443017261
AGAATGAC	0.814031997448623
AGAATGAT	0.333067784284621
AGAATGCA	1.06712382950137
AGAATGCC	0.281710658272602
AGAATGGA	0.230378037457121
AGAATGGG	0.715209026486377
AGAATGTA	1.65498043069889
AGAATGTG	0.281746695326333
AGAATTAA	0.921350343457233
AGAATTAC	1.51680139335786
AGAATTAG	1.56078245521238
AGAATTAT	1.00017274959921
AGAATTCC	0.0103329044160671
AGAATTCT	1.12093219590812
AGAATTGA	0.15696551382113
AGAATTGC	0.207281168980345
AGAATTGG	0.780660964953361
AGAATTTA	0.500811620505923
AGAATTTC	1.80819124389187
AGAATTTG	2.00761309182419
AGACAAAA	2.23946252218511
AGACAAAC	0.520855429790676
AGACAAAG	0.911239066921608
AGACAAAT	0.989719121053143
AGACAACA	0.299115113742151
AGACAACT	0.285524099298335
AGACAAGA	0.83449599877987
AGACAAGC	0.633722761332667
AGACAAGG	0.839340820283361
AGACAATA	0.778027377066756
AGACAATG	0.144235064220389
AGACACAA	1.57528881082094
AGACACAC	0.764008242424624
AGACACAT	1.80817394610608
AGACACCT	0.538063122946857
AGACACGC	1.34828059825814
AGACACGG	1.45729124430992
AGACACTG	0.372639352244707
AGACAGAC	1.00580317887402
AGACAGAG	0.0279773666634604
AGACAGAT	0.173403455509634
AGACAGCT	0.1852192846867
AGACAGGG	0.81078650038968
AGACAGTA	0.697459336042091
AGACATAA	0.925114053348819
AGACATAC	0.501430016347934
AGACATAG	0.774474123568956
AGACATAT	2.77962768647606
AGACATCA	0.23586431851701
AGACATCT	0.444109478684638
AGACATGA	1.08522452084899
AGACATGC	0.030495635978129
AGACATTA	0.389080897638585
AGACATTC	0.742071046336885
AGACCAAA	0.836370646314916
AGACCAAT	0.296383505069401
AGACCACA	0.0708074050218322
AGACCAGG	0.142920432500311
AGACCATA	0.461158608804407
AGACCATC	0.685792700267468
AGACCGAC	0.864535045287236
AGACCGAG	0.00415543266563225
AGACCGAT	1.09471812228368
AGACCTAA	0.522645750619993
AGACCTAG	0.0312718741154782
AGACCTCT	0.438062461068707
AGACCTTA	0.782801565944935
AGACCTTG	0.397013373905682
AGACGAAA	2.83560980796381
AGACGAAC	1.30210704205467
AGACGAAG	0.186395534120456
AGACGACA	0.204489018057327
AGACGACT	1.09084485974875
AGACGAGA	0.947565137822749
AGACGAGG	0.345187766195171
AGACGATA	0.396129745348215
AGACGATG	0.457461927832763
AGACGCAT	1.22373654056648
AGACGCGC	0.159317291947564
AGACGCTG	0.357223421399991
AGACGGAT	0.608367811069153
AGACGGCT	0.387642298453675
AGACGGGG	0.0195670390638992
AGACGGTA	0.389056392442048
AGACGTAC	0.0635185505343576
AGACGTAT	0.786053549673552
AGACGTCA	2.02171367020775
AGACGTCT	0.931633156368617
AGACGTGA	0.992953086254892
AGACGTGC	0.281443984074999
AGACGTTA	1.20022884967718
AGACTAAA	0.317022646481776
AGACTAAC	0.0282865645844651
AGACTAAT	1.25866077007751
AGACTACA	0.387054894477872
AGACTACC	1.70154462856479
AGACTACT	0.324901787909351
AGACTAGA	1.42916792757885
AGACTATA	0.816664864594153
AGACTATC	0.10835224908013
AGACTATG	0.665299148552164
AGACTCAA	0.111388731227439
AGACTCCG	0.0242482523434554
AGACTCGG	0.281968683577311
AGACTCTA	0.0599544859204382
AGACTGAA	1.50448392839287
AGACTGAG	1.31864516675255
AGACTGAT	0.232306740572762
AGACTGCA	0.222124831411824
AGACTGCG	0.147484885725781
AGACTGCT	1.18587024598891
AGACTGGC	0.936870781757768
AGACTGTA	0.950866852685513
AGACTTAA	0.443251076064785
AGACTTAC	0.671022553425597
AGACTTAG	0.525977015866814
AGACTTAT	0.612854424258566
AGACTTTA	1.00108376631751
AGACTTTC	0.683062533076867
AGACTTTG	1.22432610676551
AGAGAAAA	2.03506467787372
AGAGAAAC	1.18431632823206
AGAGAAAG	1.69048701899821
AGAGAAAT	0.909833621826129
AGAGAACA	0.546391286063913
AGAGAACC	1.13701697447006
AGAGAACG	0.0147150101496637
AGAGAACT	0.368514551074745
AGAGAAGA	0.641666048715882
AGAGAAGC	0.768715402382866
AGAGAATA	0.0970322897623916
AGAGAATG	1.61401062505407
AGAGACAC	0.0466820390315963
AGAGACAG	0.393284259585677
AGAGACAT	0.654279017521461
AGAGACGC	0.0809085911824155
AGAGACTG	0.888111206578623
AGAGAGAT	0.478086654423643
AGAGATAA	2.40647264399247
AGAGATAC	0.197751530491924
AGAGATAG	0.92406393360312
AGAGATAT	0.463220649018852
AGAGATCA	0.176166776789669
AGAGATGA	0.376478019208049
AGAGATGC	0.370081442170936
AGAGATTA	0.242826677297689
AGAGATTC	0.158905748793965
AGAGATTG	0.816196382895662
AGAGCAGA	1.59832153334208
AGAGCCAG	0.620078412049328
AGAGCCAT	0.498926161854759
AGAGCCCG	0.485834620975642
AGAGCGAG	0.516020698662228
AGAGCGCG	0.197036555345915
AGAGCTAA	1.6641244727124
AGAGCTAC	1.07084573641062
AGAGCTGA	0.0931431709238253
AGAGCTGC	0.417743328693456
AGAGCTTA	0.156120084540618
AGAGGAAT	0.181343139187477
AGAGGACA	0.11356609001382
AGAGGACC	0.0678206540086719
AGAGGATA	1.12401624696635
AGAGGCAA	0.432811862340212
AGAGGCAG	0.118635782732587
AGAGGCCG	0.262707599099581
AGAGGCGA	1.01767018066738
AGAGGGTA	0.397176982129617
AGAGGTAA	0.557798455051677
AGAGGTAC	0.280237463516109
AGAGGTAT	0.0157384624756008
AGAGGTTA	1.00814054217896
AGAGTAAA	1.28542188617758
AGAGTAAG	1.95342129116575
AGAGTAAT	0.00565961928833118
AGAGTACA	1.76488839938855
AGAGTACG	0.569011023949301
AGAGTACT	0.20989457611686
AGAGTATA	1.92369216332046
AGAGTATC	0.148067244514061
AGAGTCAA	0.159699284717104
AGAGTCGA	0.142842592464254
AGAGTCGG	0.0624302315117043
AGAGTCTG	0.644399098870783
AGAGTGAA	0.0642544271715276
AGAGTGAC	0.0559241018312488
AGAGTGAG	0.153496587029059
AGAGTGCA	1.48990910238222
AGAGTGCG	0.436129433506618
AGAGTGCT	0.661146959221367
AGAGTGGA	0.458346277131302
AGAGTGTA	0.60573134021825
AGAGTGTC	0.910121918255971
AGAGTGTG	1.08254480553361
AGAGTTAA	0.871475781835677
AGAGTTAC	0.0883113227596769
AGAGTTAG	1.49689452487729
AGAGTTAT	0.13321060874324
AGAGTTCA	2.05068746140685
AGAGTTGG	0.958058407127915
AGAGTTTA	1.22276786456221
AGAGTTTC	0.0856993571053103
AGAGTTTG	1.12926035902517
AGATAAAA	1.27979217764384
AGATAAAC	0.269531575593936
AGATAAAG	1.45911471922867
AGATAACA	1.73879613100572
AGATAACG	1.01535876404112
AGATAACT	0.653507824571634
AGATAAGA	0.562664178046334
AGATAAGC	1.45437368443992
AGATAAGG	0.288543283659853
AGATAATA	1.08370447792265
AGATAATC	0.201193789864234
AGATAATG	2.41943445147816
AGATACAA	0.513482248597471
AGATACAC	1.58257766530842
AGATACAG	0.319848672235301
AGATACAT	0.872441574875647
AGATACCA	0.272612022946795
AGATACCG	0.409339487763568
AGATACGA	0.175869110725856
AGATACGC	1.53392908425477
AGATACTA	1.17033971731333
AGATACTC	0.399716873676523
AGATACTG	0.651493353268114
AGATAGAA	0.370674612075335
AGATAGAC	0.385640800489497
AGATAGAG	0.482128570370027
AGATAGAT	0.26828469353487
AGATAGCA	0.670982912666496
AGATAGGA	1.79932468719208
AGATAGGG	0.599777298200944
AGATAGTA	1.03611178254328
AGATATAA	1.40425262937085
AGATATAC	0.153029546812715
AGATATAT	1.06844566863219
AGATATCG	1.31032276956409
AGATATCT	1.10789903505604
AGATATGA	0.912127019925521
AGATATTA	1.9849904709745
AGATATTG	0.367648941044145
AGATCAAA	0.783936012396365
AGATCAAC	0.480205633182981
AGATCAAG	1.53068791164227
AGATCAAT	1.25261231097943
AGATCACA	0.402528484608556
AGATCACG	0.656651697139058
AGATCAGA	0.820053068385869
AGATCAGG	0.522888640362134
AGATCATG	0.584457946660224
AGATCCAC	0.632501105211211
AGATCCCG	0.496374738450659
AGATCCTA	1.17506129209306
AGATCCTG	0.211923462241873
AGATCGAC	0.788937234713044
AGATCGAG	0.14574717899491
AGATCGAT	0.559549135121892
AGATCGCT	0.0284436861387288
AGATCGTA	0.0286901795862439
AGATCTAA	0.982063409358693
AGATCTTA	0.976714069102979
AGATCTTG	0.375273660872386
AGATGAAT	0.608467994078524
AGATGACG	0.0658948338573287
AGATGATA	0.472865606079209
AGATGATC	0.120573134741124
AGATGCAA	0.746096385238552
AGATGCAT	0.5937958680228
AGATGCCA	0.466608132069492
AGATGCGC	0.0830780218169746
AGATGCTA	0.162057549513209
AGATGGAG	0.374751844334372
AGATGGTA	0.593328827806455
AGATGGTC	0.699656875578561
AGATGTAC	0.335150725990228
AGATGTCG	0.424107472382214
AGATGTGC	0.0897701026946773
AGATGTTA	0.0999138125786614
AGATTAAA	3.54500858027726
AGATTAAC	0.228260500179932
AGATTAAG	0.47788268469953
AGATTAAT	1.57859989531768
AGATTACA	1.33724172795949
AGATTACG	0.977300752337707
AGATTACT	1.16399431289251
AGATTAGA	0.43412793554244
AGATTATA	0.890488931383743
AGATTATC	0.714448644652668
AGATTATG	0.591013086733752
AGATTCAA	1.07054518738252
AGATTCAC	0.030765913881105
AGATTCAG	0.386199374822316
AGATTCAT	0.555168470870447
AGATTCCT	0.536697318610482
AGATTCGG	0.413114729512346
AGATTCTA	0.475334865000804
AGATTCTG	0.571825517845631
AGATTGAA	0.151948435200807
AGATTGAG	0.738488242455026
AGATTGAT	0.0859278320259599
AGATTGCA	0.121453159593217
AGATTGCC	0.0886435843950697
AGATTGGA	0.576957915037889
AGATTGGC	0.147224698197849
AGATTGGG	0.11331887582523
AGATTGTC	0.747457865128481
AGATTTAA	1.1631034769243
AGATTTAC	0.776363906666568
AGATTTAT	0.859832930516516
AGATTTCA	0.977315887900274
AGATTTGA	0.665913940688801
AGATTTGG	1.69667962631121
AGATTTTA	0.247941055963083
AGATTTTC	0.431104426734475
AGATTTTG	0.0574809025523954
AGCAAAAA	1.23338365985006
AGCAAAAC	0.633227612214412
AGCAAAAG	0.731500657736736
AGCAAAAT	0.965321314936706
AGCAAACA	0.339116243382703
AGCAAACC	0.606738936240548
AGCAAACT	0.459419460591387
AGCAAAGA	1.13653407795008
AGCAAATA	0.757324810439816
AGCAAATG	0.394807906217392
AGCAACAA	2.37069433630803
AGCAACAC	1.16323609328203
AGCAACAG	0.819942074260382
AGCAACCA	1.2335299702882
AGCAACCT	1.00700537498646
AGCAACGG	1.98828641990867
AGCAACTA	1.30219208950148
AGCAACTG	0.403718428122727
AGCAAGAA	2.1488322150179
AGCAAGAC	0.0684145446541445
AGCAAGAG	1.00307301168342
AGCAAGAT	1.02911194522673
AGCAAGCC	0.655266432793669
AGCAAGTA	0.607183633483579
AGCAAGTC	0.171111498892393
AGCAATAA	0.376423963627454
AGCAATAC	1.04763787380836
AGCAATAG	1.08950283986784
AGCAATAT	0.0848604144944715
AGCAATCA	0.0493768899095413
AGCAATCG	1.83166289772744
AGCAATGC	0.292602497392024
AGCAATGG	0.156347838720194
AGCAATTA	0.661484986785357
AGCAATTC	0.492012813467153
AGCAATTG	0.594169211899446
AGCACAAA	1.20696201279613
AGCACAAC	2.50207174012801
AGCACACA	0.143413419395342
AGCACACT	0.0787132138691707
AGCACATC	0.372522592190621
AGCACCAG	0.396184521669886
AGCACCTA	0.80893635805117
AGCACCTG	0.0725227687793913
AGCACGAA	0.530788683280874
AGCACGAG	0.420976573154133
AGCACGAT	0.485234964401572
AGCACGCA	0.350723057648132
AGCACGCG	1.30946436694424
AGCACGGG	0.189072366471537
AGCACGTG	3.77913411095179
AGCACTAG	0.317478154840925
AGCACTAT	0.565881566203367
AGCACTCC	0.960132699940628
AGCAGAAA	1.94765896627429
AGCAGAAC	0.393620845667519
AGCAGAAG	0.276151582364178
AGCAGAAT	0.593984702184346
AGCAGACG	1.36937524802966
AGCAGATG	0.537428870801207
AGCAGCAC	0.174928543623497
AGCAGCAT	0.0558433788308937
AGCAGGAT	1.34806293445361
AGCAGGCA	0.160879858597306
AGCAGGCG	0.663871360483373
AGCAGGTA	0.611341588742972
AGCAGTAA	0.965822950724631
AGCAGTAC	1.42624604326241
AGCAGTCA	1.17607681626718
AGCAGTTA	0.113981236872791
AGCATAAA	1.08955905767166
AGCATAAC	0.356143030529159
AGCATAAT	1.60171045787487
AGCATACC	0.169611636716139
AGCATACT	0.252302260205515
AGCATAGG	1.73652795884394
AGCATATA	1.23243011940836
AGCATCAA	0.0559046418222361
AGCATCAC	0.60865826972222
AGCATCAG	0.032334246459444
AGCATCAT	0.26908471612768
AGCATCCA	0.443455045788898
AGCATGAA	2.48907101262429
AGCATGAG	0.794783165569162
AGCATGCG	0.00182239380713643
AGCATGCT	0.510776586603406
AGCATGTA	0.801761380653483
AGCATGTC	0.49537795354448
AGCATTAA	1.17384323967698
AGCATTAC	0.765948477397459
AGCATTAT	1.17707143895014
AGCATTCG	0.802751678889988
AGCATTGC	0.899059263501866
AGCATTTA	1.79008046216921
AGCATTTC	0.201885701295855
AGCATTTG	0.221880500187533
AGCCAAAC	0.887342896593096
AGCCAACA	0.127538376486102
AGCCAACC	0.165326110286541
AGCCAATC	0.393692199033905
AGCCACCA	0.010296867362336
AGCCACGA	0.561642167202544
AGCCACGC	0.419184810842665
AGCCAGAA	0.607141109760176
AGCCAGGA	0.145054546822215
AGCCAGTC	0.328707300783263
AGCCATAA	1.76224400038583
AGCCATAT	0.892110598801604
AGCCATCG	0.139521417592477
AGCCATTA	0.44924403810012
AGCCATTG	0.592204471730074
AGCCCAAA	0.115256948574842
AGCCCAAT	0.350375660450173
AGCCCGCA	0.32326426418785
AGCCCGTC	0.129011571242594
AGCCCTAG	0.137661184878923
AGCCCTTC	0.58758307995971
AGCCGAAA	1.54906320533931
AGCCGAAG	0.58758307995971
AGCCGACT	1.19228340007074
AGCCGATA	0.345510658196593
AGCCGCAC	0.272577427375213
AGCCGCTA	1.04306981687752
AGCCGTAA	0.905499805744532
AGCCGTAC	0.463758321860507
AGCCGTGA	0.1030317384674
AGCCGTGC	0.980718506513481
AGCCGTTC	0.111442786808035
AGCCGTTG	0.0620417520724933
AGCCTAAG	0.0565331280392908
AGCCTAAT	0.0236421090997144
AGCCTACA	0.84342309772992
AGCCTATA	0.612307381782942
AGCCTCAA	0.0771131686835472
AGCCTCTC	0.358589225736366
AGCCTGAC	1.54450379730136
AGCCTGAT	0.045138932390867
AGCCTGGG	0.210663606843464
AGCCTTAA	0.430481706446015
AGCCTTAC	0.972458813798514
AGCCTTAG	0.757715452102252
AGCCTTGA	0.138875633589632
AGCCTTGG	0.5465959765291
AGCCTTTA	0.156120084540618
AGCCTTTC	0.00660811454251024
AGCGAAAA	1.11038198805806
AGCGAAAG	0.0733588284259324
AGCGAAAT	0.189666977858084
AGCGAACA	0.163161724839505
AGCGAAGA	0.645083082150583
AGCGAATG	0.96734587661527
AGCGACAT	0.714413328340013
AGCGACCT	0.73947781995046
AGCGAGAA	0.769686961351431
AGCGAGAG	0.0223872988888283
AGCGAGTA	0.304226609443246
AGCGATAA	0.312526663658393
AGCGATAG	0.17700283643621
AGCGATCA	0.4985787646568
AGCGATGA	0.582591227276998
AGCGATTA	0.0226316301131185
AGCGCAAA	0.248262506482357
AGCGCAAT	0.183663925447704
AGCGCATA	0.520270908779171
AGCGCATC	0.092945687869384
AGCGCATG	0.131149289269871
AGCGCCAA	0.117369440664507
AGCGCCTA	0.206016268394414
AGCGCGAA	0.732837632430128
AGCGCGAT	0.313795167949696
AGCGCGCA	0.434347040829121
AGCGCGCG	0.2286842959318
AGCGCGTG	0.00942765362636325
AGCGGAAA	0.457281742564111
AGCGGAAC	0.366208900377086
AGCGGAAG	0.804031715038486
AGCGGAAT	0.57239057884812
AGCGGACG	0.281503084843117
AGCGGATA	1.55872834314976
AGCGGCCT	0.046331758869338
AGCGGCTA	0.339627969545671
AGCGGTAA	0.0999995807665392
AGCGGTAG	0.253131833182383
AGCGGTAT	0.514151096314703
AGCGTAAA	0.0882421316165158
AGCGTAAT	1.49092246433311
AGCGTACT	0.194488014906114
AGCGTCAA	0.0255578388760124
AGCGTCAC	0.139521417592477
AGCGTCGA	0.342898692542226
AGCGTCTA	0.197973518742902
AGCGTCTC	0.113351309173587
AGCGTGAC	0.64092224392689
AGCGTGCG	0.180525818808875
AGCGTGGA	0.0334730173573201
AGCGTGTC	0.0641974886266351
AGCGTGTG	0.377208850657698
AGCGTTAA	1.35479393534934
AGCGTTAC	0.286404844891501
AGCGTTAG	0.629190741455553
AGCGTTAT	0.723288533932694
AGCGTTGA	0.488769478631432
AGCGTTGG	0.946631778131136
AGCGTTTG	0.929481023519847
AGCTAAAA	0.761891425888509
AGCTAAAC	0.204354960217449
AGCTAAAT	0.167370852715194
AGCTAAGA	0.241726826417843
AGCTAAGC	0.298894566973324
AGCTAATA	0.759002695661495
AGCTAATC	1.78745047798797
AGCTAATG	0.392541896278835
AGCTACAA	0.193809076813837
AGCTACAG	0.191104856301921
AGCTACAT	0.0496212211338331
AGCTACGA	0.487619175876364
AGCTACTA	0.0600380918850927
AGCTAGAA	1.01113810430824
AGCTAGAG	0.423110687476035
AGCTAGAT	0.7189006622705
AGCTAGTA	0.203951345215672
AGCTATAA	0.315302958277769
AGCTATAC	0.497551708625489
AGCTATAG	0.0107696735072775
AGCTATCC	0.387385714631116
AGCTATCG	0.256654094813978
AGCTATTA	0.30019190090761
AGCTATTC	0.383345240166881
AGCTATTG	1.0640181562109
AGCTCAAA	0.226328914099992
AGCTCAAC	0.810782896684306
AGCTCAAG	1.19707993192223
AGCTCACA	1.17272681175242
AGCTCATC	1.01548056928273
AGCTCCTC	0.0393672378654343
AGCTCGAG	0.728562196375574
AGCTCGCC	0.268267395749079
AGCTCTAA	0.376307924314443
AGCTCTAC	0.217381634399852
AGCTCTTA	3.15073798653099
AGCTCTTC	0.289493220396183
AGCTCTTG	0.325779650538219
AGCTGAAA	1.31818245098265
AGCTGAAC	0.518766722156472
AGCTGAAG	0.951788680519933
AGCTGAAT	0.152969004562447
AGCTGACA	0.427949022309857
AGCTGACT	0.424107472382214
AGCTGAGA	1.62152002631038
AGCTGAGG	0.117041503475562
AGCTGATA	0.0270295921503558
AGCTGCAG	1.06869360356186
AGCTGCCA	0.619285596867263
AGCTGCTC	0.188103690467268
AGCTGGAA	0.884854177662485
AGCTGGTA	0.282946008474475
AGCTGTAC	0.893472078691531
AGCTGTAT	0.0721249197062095
AGCTGTCG	0.748817182795185
AGCTGTTA	0.66831328772616
AGCTGTTG	1.69425937778269
AGCTTAAA	1.87870062247935
AGCTTAAT	0.709845271409169
AGCTTACA	0.884838321358845
AGCTTACC	0.720995135833301
AGCTTACG	0.392145488687802
AGCTTACT	1.11265592614843
AGCTTAGG	0.066203311037259
AGCTTATC	1.05288919327793
AGCTTCCA	0.307338769403389
AGCTTCGA	0.0594031189983649
AGCTTCTA	0.0850924931204932
AGCTTCTC	0.118927682867802
AGCTTGAA	0.61719400626876
AGCTTGCA	0.225240595077339
AGCTTGGA	0.188745150023665
AGCTTGGG	0.149075561277434
AGCTTGTA	0.89335748086067
AGCTTGTC	0.723888190506763
AGCTTTAA	1.66105555721673
AGCTTTAC	0.660421172959241
AGCTTTGA	0.696574986743552
AGCTTTTA	1.1551738836215
AGCTTTTC	2.25134826324642
AGCTTTTG	1.05616856516738
AGGAAAAA	0.936674019444401
AGGAAAAC	0.758910440803946
AGGAAAAT	1.59818098883253
AGGAAACA	0.655950416073469
AGGAAACT	0.157893107584146
AGGAAAGA	0.233610561176722
AGGAACAA	1.40495607265966
AGGAACAT	0.594794815152201
AGGAACCA	1.4938573219889
AGGAACCC	0.60870367640992
AGGAAGAA	0.817436057543981
AGGAAGAT	1.30513847901446
AGGAAGCA	0.174114106209194
AGGAAGCC	0.175639194323058
AGGAAGGG	0.0365102202457031
AGGAAGTA	1.06776096461132
AGGAAGTG	0.932766161337894
AGGAATAC	1.89977941594723
AGGAATAT	0.224171015322625
AGGAATCA	0.54154790604257
AGGAATGA	0.284045859354321
AGGAATGG	0.614148154487482
AGGAATTA	1.16792955915985
AGGAATTG	1.97792072177371
AGGACAAA	0.31509033966076
AGGACAAC	0.393258312906992
AGGACACA	0.18150314370604
AGGACACT	0.996511384940216
AGGACAGA	0.546071277026788
AGGACATA	1.25624917044189
AGGACATG	0.199060396283405
AGGACCAA	0.703835732329118
AGGACCCG	0.0784314041089989
AGGACCTA	0.658390124611004
AGGACGCG	0.584029826461908
AGGACGGA	0.194861358782759
AGGACGTA	1.16881751216377
AGGACGTG	0.551490529166739
AGGACTGG	0.266996008493476
AGGACTTA	0.404858640502752
AGGACTTG	0.0976478026401034
AGGAGAAT	0.532380079573601
AGGAGATA	0.169233247651973
AGGAGCCA	0.290009991746674
AGGAGCCT	0.586974774492744
AGGAGCGA	0.492012813467153
AGGAGCTA	0.402916243306692
AGGAGTAT	0.802751678889988
AGGAGTGA	0.334443678996041
AGGAGTTC	0.861695325453294
AGGATAAA	1.2528061903285
AGGATAAG	0.834807358924098
AGGATAAT	1.19752607064741
AGGATACG	1.70179184275338
AGGATAGG	0.10916308278906
AGGATATA	0.12863822736595
AGGATATG	0.990729600039739
AGGATCCA	0.305082849839878
AGGATCGA	0.605211685903461
AGGATCTC	0.848114401384522
AGGATGAG	0.831576997427722
AGGATGCA	0.260659252965554
AGGATGCG	0.0127884692572444
AGGATGTA	0.392195219821952
AGGATGTG	0.206119334368083
AGGATTAA	1.05466726150898
AGGATTAG	0.352317336905158
AGGATTCA	0.943567187081918
AGGATTGA	1.19268052840285
AGGATTTA	0.15308071942901
AGGATTTG	0.928718479462916
AGGCAAAT	0.857381690121786
AGGCAACA	0.854568637707604
AGGCAACC	0.154532291953265
AGGCAACG	0.268902368635806
AGGCAACT	0.630581050988465
AGGCAAGA	0.0974344632820216
AGGCAAGC	0.0624972604316421
AGGCAATA	0.618498547613795
AGGCAATG	0.674805002585123
AGGCACAA	0.223129544469822
AGGCACAT	0.267088263351027
AGGCACCG	0.262938236243454
AGGCACCT	0.948703187979551
AGGCACGC	0.98905964296988
AGGCACTG	1.04665334150045
AGGCAGAA	0.962626464058759
AGGCAGCA	0.24333696197851
AGGCAGTA	0.849599848739281
AGGCATAC	1.15741971280997
AGGCATAG	0.289441327038811
AGGCATAT	0.252170364588863
AGGCATCA	2.09254449931451
AGGCATCG	2.37634134262755
AGGCATGA	0.308842235285014
AGGCATGC	0.237710857150147
AGGCATTA	1.4550468566036
AGGCATTG	0.28483290860779
AGGCCAAC	0.282816275081046
AGGCCAAG	0.135209944484192
AGGCCAGA	0.528178159108656
AGGCCGTA	0.32118708841084
AGGCCTAC	0.280390260623927
AGGCCTAG	0.761738628780694
AGGCCTAT	0.152722511114933
AGGCGAAA	0.575933741970876
AGGCGAAC	0.144394347997878
AGGCGAAG	0.224111914554509
AGGCGAAT	1.16433378193865
AGGCGACA	1.09484353123066
AGGCGACG	0.455408536511214
AGGCGCAA	0.710538624322938
AGGCGCAC	0.937709003627534
AGGCGCCA	0.752612605294051
AGGCGCGC	0.185274061008371
AGGCGCTA	0.108855326350204
AGGCGGAA	0.225172845416326
AGGCGTAA	0.284196494238913
AGGCGTAG	0.189490396294808
AGGCGTGC	0.483201753830112
AGGCGTTA	0.543284892032367
AGGCGTTG	0.0621095017335055
AGGCTAAA	0.510485407209267
AGGCTAGG	0.583742971514216
AGGCTATG	0.0574895514452901
AGGCTCAT	0.607742207816398
AGGCTTAA	0.324498172907573
AGGCTTGC	0.809210960400595
AGGCTTTA	0.839340820283361
AGGCTTTC	0.878265162758451
AGGCTTTG	0.655857440474845
AGGGAAAA	0.233539928551409
AGGGAAAC	0.74417705175688
AGGGAAAT	0.131440468664011
AGGGAACA	0.859442288854081
AGGGAACG	0.990511936235209
AGGGAATA	0.160218939031894
AGGGACAA	0.513895953974295
AGGGACAG	0.685657921686517
AGGGACGA	0.05406314837662
AGGGATAG	0.382137278125844
AGGGATAT	0.345432818160536
AGGGATTA	0.558132878910294
AGGGCAAA	0.411934876373218
AGGGCAAG	0.512605827450752
AGGGCACT	0.104000414471669
AGGGCCAA	0.460662018204005
AGGGCCAT	0.530764178084337
AGGGGACA	0.18296192364104
AGGGGCAA	0.523091168604098
AGGGGCAC	0.348038297145232
AGGGGCAT	0.392182246482608
AGGGGTAA	1.71243358471991
AGGGGTAC	0.0024523215063416
AGGGGTTA	0.89315711484193
AGGGTAAA	0.687518154400071
AGGGTAAC	0.950928836417928
AGGGTAAT	1.14771349275827
AGGGTACT	0.186394092638306
AGGGTAGC	0.19439359782534
AGGGTATA	0.279812226282095
AGGGTATG	0.452173129827313
AGGGTCAA	0.0207822085156838
AGGGTGAT	0.12295013880517
AGGGTTAC	0.160638410337314
AGGGTTCG	0.137705150084473
AGGGTTTA	0.687066970487369
AGGTAAAA	1.87685192162299
AGGTAAAC	0.0724924976542573
AGGTAAAG	1.96690491518945
AGGTAACT	0.49498659114097
AGGTAAGA	3.18112370949524
AGGTAATA	0.359513215794009
AGGTAATC	0.361754720536029
AGGTAATG	0.86608680082086
AGGTACAA	0.772967774723032
AGGTACAC	0.817071362560231
AGGTACAT	0.216506654735282
AGGTACCT	0.297886970951025
AGGTACGA	1.03095704237771
AGGTACTA	0.168627825149305
AGGTAGAA	1.07154845895837
AGGTAGAC	0.706986812307287
AGGTAGCA	0.548180165411081
AGGTAGCG	0.490210960780641
AGGTAGGA	0.089083957191654
AGGTAGTA	0.310081189192259
AGGTAGTG	0.072184020474327
AGGTATAC	0.306362885988376
AGGTATAT	0.0620064357598367
AGGTATCA	0.333751046823346
AGGTATCC	1.32283699684245
AGGTATGA	0.899096021296671
AGGTATGC	0.253591665987982
AGGTATTA	0.796042300226494
AGGTATTC	1.05758842508435
AGGTATTG	1.38986447529852
AGGTCAAA	2.02025849397812
AGGTCAAT	0.533392000042346
AGGTCACA	0.0799002744190429
AGGTCACT	0.762609283998815
AGGTCATA	0.269423464432744
AGGTCCAA	1.04306981687752
AGGTCCAG	1.12913495007819
AGGTCCTA	0.562042899240025
AGGTCGAC	1.33172805873877
AGGTCGTA	0.363315845703622
AGGTCTAT	0.249176406164955
AGGTCTCA	0.0742943503407686
AGGTCTGG	0.0562160019664641
AGGTCTTC	0.251874860748274
AGGTCTTG	0.255541270594788
AGGTGAAA	0.50876571900526
AGGTGACT	0.398869282172789
AGGTGATA	2.17851665691656
AGGTGCAA	1.24565643886843
AGGTGCAC	0.420281778758213
AGGTGCTA	1.4735367481315
AGGTGCTG	0.175549822429806
AGGTGGAA	0.335303523098045
AGGTGGAT	0.243042178878996
AGGTGGCC	0.129552127048546
AGGTGGTA	0.210700364638268
AGGTGTAA	1.3201962015451
AGGTGTAC	0.163545159091193
AGGTGTAT	0.871606956711255
AGGTGTCG	0.604150034300568
AGGTGTGC	1.45372862117815
AGGTGTGG	0.135309406752487
AGGTGTTA	0.672069790206998
AGGTGTTG	0.366449627896002
AGGTTAAA	1.21337084243152
AGGTTAAC	0.495727512965664
AGGTTAAG	0.490798364756443
AGGTTAAT	1.32405360777638
AGGTTACA	0.145426449216711
AGGTTACT	0.617009496553662
AGGTTAGA	0.461133382866797
AGGTTAGG	1.18594952750711
AGGTTATA	0.60108544325135
AGGTTATG	0.693697788373731
AGGTTCAA	0.298195448130957
AGGTTCCG	0.470120303326042
AGGTTCTA	0.327594476564075
AGGTTCTG	0.244193923116213
AGGTTGAG	0.141924368335209
AGGTTGAT	0.532862976093586
AGGTTGGA	0.0731606246304151
AGGTTGTA	1.3105353881811
AGGTTGTG	0.545964607347747
AGGTTTAA	0.293288642895049
AGGTTTAC	0.377903645053618
AGGTTTAG	0.0112388759468453
AGGTTTAT	0.101728638604516
AGGTTTGA	0.775885334593031
AGGTTTGG	0.683121633844984
AGGTTTTC	0.840064444322263
AGTAAAAA	2.89602592854253
AGTAAAAC	0.558179727080144
AGTAAAAG	1.02320186841497
AGTAAAAT	1.94079390753868
AGTAAACA	0.984933400317769
AGTAAACC	1.23890958166905
AGTAAACG	2.02179439320811
AGTAAACT	0.573378714861404
AGTAAAGA	1.9266796350747
AGTAAAGG	1.03613917070412
AGTAAATA	2.01276927347191
AGTAAATC	0.286545389401049
AGTAAATG	1.45462234011066
AGTAACAA	0.578826075903264
AGTAACAC	0.928849654338493
AGTAACAG	0.728238583633077
AGTAACAT	0.24333696197851
AGTAACCA	1.19305098931519
AGTAACGA	0.13270825221424
AGTAACTA	2.07421100859979
AGTAACTC	0.408395316955835
AGTAACTG	1.04644720955311
AGTAAGAA	0.497881087296581
AGTAAGAC	0.148759876686758
AGTAAGAG	0.162893609159752
AGTAAGAT	0.915884963888507
AGTAAGGA	1.75358934156198
AGTAAGGC	0.212111575662345
AGTAAGTA	0.802892944140611
AGTAAGTC	0.212461855824601
AGTAAGTG	1.85554393249338
AGTAATAA	0.862320928706051
AGTAATAC	0.793030323275723
AGTAATAG	0.143399725314924
AGTAATAT	1.39718648387543
AGTAATCA	0.834916911567438
AGTAATGA	1.04026973780268
AGTAATGC	0.415282718664756
AGTAATGG	0.370405054913432
AGTAATTA	0.460403992899297
AGTAATTC	0.939849604619107
AGTAATTG	1.11799661751125
AGTACAAA	1.76069873152188
AGTACAAC	0.887923093158153
AGTACAAG	0.475376667983132
AGTACAAT	1.16707476024537
AGTACACA	1.21342706023534
AGTACACC	0.667467137704572
AGTACACT	0.517470829704332
AGTACAGG	1.23888291424929
AGTACATA	0.866689340359229
AGTACATC	1.04130832569118
AGTACATG	0.294627779811664
AGTACCAA	0.701800359534434
AGTACCAT	0.518693206566861
AGTACCGA	1.68752333169943
AGTACCTA	0.327464743170646
AGTACCTC	0.168627825149305
AGTACGAA	1.56445102728212
AGTACGAG	1.2533056638932
AGTACGAT	1.19135941001309
AGTACGCG	0.0700909883936749
AGTACGGC	0.679207289068806
AGTACGTA	0.153646501172576
AGTACGTG	1.19623161967742
AGTACTAC	0.0510302699346852
AGTACTAG	0.20989457611686
AGTACTAT	2.86172730228425
AGTACTCG	0.0298102112161784
AGTACTGA	1.26651180260318
AGTACTGG	0.595153744207354
AGTACTTA	0.948922293266231
AGTACTTC	0.00107282308954908
AGTACTTG	0.679868929375294
AGTAGAAA	0.771556563698957
AGTAGAAC	0.432532935544341
AGTAGAAG	1.08885921808822
AGTAGAAT	2.0953914265592
AGTAGAGC	0.00229664143422678
AGTAGATA	0.0982373688391294
AGTAGATC	0.816830635041313
AGTAGCAA	0.65541995064256
AGTAGCAC	0.88659548809873
AGTAGCAT	0.915292514725184
AGTAGCGA	0.402949397396124
AGTAGGAA	0.429319871833755
AGTAGGAT	1.06000362842535
AGTAGGCA	0.617953667361394
AGTAGGCC	0.959687281956522
AGTAGGTA	1.45776405045486
AGTAGTAA	1.21835044251596
AGTAGTAC	0.485209738463959
AGTAGTAG	0.00694614210650012
AGTAGTAT	1.15518829844299
AGTAGTCA	1.22411709185387
AGTAGTCG	0.540014169035812
AGTAGTGA	0.296301340586897
AGTAGTGG	0.604543558927303
AGTAGTTA	0.312433688059769
AGTAGTTG	1.20237521659735
AGTATAAA	0.606530642069987
AGTATAAC	0.848382517064275
AGTATAAG	0.964736073184126
AGTATAAT	0.53540575060479
AGTATACA	1.95759510272878
AGTATACC	1.09439883398763
AGTATACG	0.811549765187686
AGTATACT	1.46212381321514
AGTATAGA	1.17868589895725
AGTATAGC	1.1101650449946
AGTATAGG	1.0153537188536
AGTATATA	0.36917258767586
AGTATATC	1.30955806328394
AGTATATG	0.886843423028394
AGTATCAA	1.54510345387543
AGTATCAC	0.684356984046856
AGTATCAT	0.00496482489241314
AGTATCGC	0.840945910656504
AGTATCGG	0.131218480413033
AGTATCTA	0.487258805339062
AGTATCTG	0.756892365795054
AGTATGAA	0.520940477237479
AGTATGAG	0.492463997379855
AGTATGAT	0.157561566689828
AGTATGCA	0.297276503260836
AGTATGCC	0.212653572950445
AGTATGCG	1.2313079255552
AGTATGGA	0.743659559665315
AGTATGGC	1.03428830762454
AGTATGTA	0.742239699748343
AGTATGTC	0.621335384483437
AGTATGTG	0.992855786209822
AGTATTAA	1.89996320492126
AGTATTAC	1.02849354938472
AGTATTAT	0.643823947493247
AGTATTCA	1.18594952750711
AGTATTCG	0.423334837950238
AGTATTGA	0.638310278272524
AGTATTGG	0.609092876590205
AGTATTTA	1.30985500860667
AGTATTTC	0.0748176083609328
AGTATTTG	0.447734085548824
AGTCAAAA	1.43036507850377
AGTCAAAC	0.91812214418408
AGTCAAAG	0.243767244400049
AGTCAAAT	0.292354562462362
AGTCAAGG	0.215473112034299
AGTCAATA	1.06768384531634
AGTCACAA	1.56425498570982
AGTCACAC	1.51970021395992
AGTCACAT	0.177526094456372
AGTCACCG	0.858658122564909
AGTCACGG	0.415820391506412
AGTCACTA	0.290017919898492
AGTCACTC	0.651541642920114
AGTCAGAA	1.3253783298715
AGTCAGCA	0.217961110223835
AGTCAGCG	0.276947280510542
AGTCAGGA	0.497330441115584
AGTCAGGC	0.117220247262065
AGTCAGTA	1.09752468802819
AGTCAGTC	0.501432899312234
AGTCAGTG	1.08420106852305
AGTCATAA	0.319034955562072
AGTCATAC	0.000865970401137073
AGTCATAG	1.2146710593301
AGTCATGA	0.864989112164236
AGTCATGG	1.68769342659304
AGTCATTA	0.977280571587619
AGTCATTG	0.270960084403802
AGTCCAAA	0.190290418887618
AGTCCAAG	0.188745150023665
AGTCCAAT	1.92640070827883
AGTCCACG	1.03347459095131
AGTCCACT	0.0113520322955577
AGTCCAGA	1.32377900542696
AGTCCCAC	0.281710658272602
AGTCCGCA	0.123718448790699
AGTCCGTA	0.298836907687355
AGTCCTAA	0.063182685193591
AGTCCTAT	0.023735084698338
AGTCCTCA	0.360589282218394
AGTCCTGG	0.20528471620369
AGTCCTTA	0.534496896109714
AGTCCTTG	0.552667499341568
AGTCGAAA	0.0557381506340016
AGTCGAAC	0.549297314076718
AGTCGAAT	0.0535485392493538
AGTCGACA	0.262319840401442
AGTCGCAA	0.196673301844316
AGTCGCGC	0.247368787549847
AGTCGCTG	1.07287534327671
AGTCGGCC	0.150096130639073
AGTCGGTA	0.507705508884515
AGTCGGTG	0.162626214221072
AGTCGTAA	0.839340820283361
AGTCGTAC	0.654225682681941
AGTCGTAT	1.23974636205667
AGTCGTCA	0.718221724178223
AGTCGTCC	0.407128254146681
AGTCGTCG	0.130832163197046
AGTCGTGC	1.80151285709458
AGTCGTGG	0.171688091752076
AGTCGTTG	0.755068890876303
AGTCTAAA	0.348728767094704
AGTCTAAC	0.20236859781584
AGTCTAAT	0.447609397342918
AGTCTACA	1.51440853299018
AGTCTACG	0.118990387341293
AGTCTAGA	0.0712369667022968
AGTCTAGC	0.97565602120546
AGTCTATA	1.79204231937428
AGTCTATC	0.384966186843668
AGTCTATG	0.165610803011011
AGTCTCAA	0.151386257162616
AGTCTCGG	0.130937391393938
AGTCTCTC	0.0269978795430729
AGTCTCTG	0.00269449050740856
AGTCTGAG	1.01521821953158
AGTCTGAT	0.395372967219882
AGTCTGGA	0.0658097864105254
AGTCTGGC	0.734936430439375
AGTCTGTA	0.245771625328524
AGTCTGTC	0.488359376959983
AGTCTGTG	0.169925159083594
AGTCTTAA	0.420343041749554
AGTCTTAC	2.4813143971794
AGTCTTAG	0.879308795834479
AGTCTTAT	1.05233998857908
AGTCTTCA	1.17509804988787
AGTCTTCC	0.208894908246384
AGTCTTCG	0.642212370450433
AGTCTTGA	1.3325360094834
AGTCTTGC	1.5993795812396
AGTCTTGG	0.565949315864381
AGTCTTTA	1.62455794993983
AGTCTTTG	1.79104697595025
AGTGAAAA	0.349755823126013
AGTGAAAG	2.02167114648435
AGTGAACG	0.869938441123546
AGTGAACT	0.35249752217381
AGTGAAGA	0.642614543970061
AGTGAAGC	1.28571306557172
AGTGAATA	0.660604961933265
AGTGAATG	0.554911887047887
AGTGACAA	0.017776718234582
AGTGACAC	0.536544521502666
AGTGACCG	0.039623821687993
AGTGACGC	0.995877132794563
AGTGACGG	0.304447156212076
AGTGACTA	1.07913425876858
AGTGAGAC	0.0785762730649941
AGTGAGAG	0.573479618611848
AGTGAGCA	0.422539139803875
AGTGAGCC	0.00401056370963705
AGTGAGCG	0.0373880828745706
AGTGAGTA	0.0394241764103285
AGTGAGTC	0.886578190312939
AGTGATAA	0.593602709414807
AGTGATAC	0.105841907917282
AGTGATAG	0.440530999249227
AGTGATAT	1.3294879954789
AGTGATGA	0.714958208592415
AGTGATGC	0.755099882742513
AGTGATTA	0.57105216267258
AGTGATTC	0.258724783921316
AGTGCAAA	0.840819780968449
AGTGCAAG	1.3725868702581
AGTGCAGA	0.202254720726053
AGTGCATA	0.441134980269745
AGTGCATG	0.755393224359876
AGTGCCAA	0.991053933523311
AGTGCCGC	0.327924575976244
AGTGCCTG	1.04665334150045
AGTGCGAA	1.24087576332057
AGTGCGAG	0.586698009920095
AGTGCGAT	0.40254794461757
AGTGCGCC	0.439779987049489
AGTGCGGC	0.0147885257392713
AGTGCGTA	0.358377327860433
AGTGCGTG	0.350723057648132
AGTGCTAA	0.893889387773728
AGTGCTAC	0.53869593361036
AGTGCTCG	0.514881207023279
AGTGCTGG	1.62884491785158
AGTGCTTA	0.476250206165551
AGTGGAAA	0.143130168153021
AGTGGAAT	0.417897567283422
AGTGGACA	0.136759537794593
AGTGGATC	0.756892365795054
AGTGGATG	0.262328489294339
AGTGGCAT	0.0956427009705539
AGTGGCCG	0.325213148053581
AGTGGCTA	0.302222949255846
AGTGGGTA	0.0805402924932917
AGTGGGTG	0.188332886128992
AGTGGTAA	0.84005147098292
AGTGGTAC	0.569055709895926
AGTGGTAG	0.732095269123286
AGTGGTGA	1.08175199035154
AGTGGTGG	0.118986062894845
AGTGGTTA	1.4492203857565
AGTGGTTC	0.796059598012285
AGTGTAAA	1.29239577681545
AGTGTAAC	0.433009345394655
AGTGTAAG	0.227520299096314
AGTGTAAT	1.63014657623232
AGTGTACA	1.04362118379959
AGTGTACC	0.899785049763992
AGTGTACG	0.490701785452447
AGTGTAGA	0.148562393632317
AGTGTAGG	0.0248270074263634
AGTGTATA	0.582772854027799
AGTGTATC	1.25736127392
AGTGTATG	1.15413962017944
AGTGTCAA	1.47014061618797
AGTGTCAC	0.0164073101928331
AGTGTCGA	0.0207288736761617
AGTGTCGC	0.131341006395716
AGTGTCGG	1.18959647734461
AGTGTCTA	0.213806037928739
AGTGTCTC	0.251304033817188
AGTGTCTG	0.0941997773391957
AGTGTGAA	0.600030278318129
AGTGTGAC	0.851900454249419
AGTGTGAG	0.00546285697496438
AGTGTGCA	0.786964566391851
AGTGTGCC	0.148931413062513
AGTGTGCG	1.02989755299804
AGTGTGGA	1.4624740933774
AGTGTGGG	0.0411935957484825
AGTGTGTA	0.996681479833823
AGTGTGTC	0.608980440982567
AGTGTTAA	0.497970459189833
AGTGTTAC	0.769297040430072
AGTGTTAT	0.958528330308558
AGTGTTCA	0.453294602939398
AGTGTTGA	0.716749970903881
AGTGTTGC	1.06007786475603
AGTGTTGG	0.55221703616994
AGTGTTTA	0.141902746102969
AGTGTTTC	1.16339970150596
AGTGTTTG	1.4276284246435
AGTTAAAA	2.1215269394065
AGTTAAAG	0.621837020271364
AGTTAAAT	2.52100704964002
AGTTAACA	0.775329643224511
AGTTAACG	0.224485258431154
AGTTAACT	0.924848099892289
AGTTAAGA	0.703173371281555
AGTTAATA	1.84235076712275
AGTTAATC	0.941543346144429
AGTTAATG	1.20710327804676
AGTTACAG	0.839569295204011
AGTTACAT	1.72589054132385
AGTTACCA	0.375453846141036
AGTTACCC	1.17408180497268
AGTTACGA	0.525646916454647
AGTTACGG	0.100597795858462
AGTTACTA	0.582591227276998
AGTTACTC	1.94948244119304
AGTTACTG	0.62220892266586
AGTTAGAA	0.601455904163697
AGTTAGAC	0.657106484757134
AGTTAGAG	0.233706419739643
AGTTAGAT	0.787110876829995
AGTTAGCA	1.08773846571721
AGTTAGCC	0.340149786083685
AGTTAGGC	0.338621094264449
AGTTAGTA	1.53514137074225
AGTTAGTC	0.394573665368145
AGTTAGTG	0.148631584775478
AGTTATAA	1.1650674963526
AGTTATAC	0.723597011112624
AGTTATAG	2.02072193048909
AGTTATAT	1.94034344436705
AGTTATCA	0.711188012031156
AGTTATGA	2.20429612367301
AGTTATGC	1.81947949060232
AGTTATGG	0.515588254017466
AGTTATTA	0.872524460099227
AGTTATTG	1.67162017988828
AGTTCAAA	1.42414724525316
AGTTCAAC	0.21293754493384
AGTTCAAG	1.22201252791603
AGTTCAAT	1.98041088218646
AGTTCACA	2.77660345692702
AGTTCACG	0.483420138375718
AGTTCAGA	1.08121575899204
AGTTCAGC	1.29361599145476
AGTTCATA	1.39117334109
AGTTCATC	0.0879862685350315
AGTTCATG	2.57121675586127
AGTTCCAA	1.14785547874997
AGTTCCAG	0.823702180446592
AGTTCCAT	0.882023827462514
AGTTCCGA	0.201601729312461
AGTTCGAA	0.182100638056888
AGTTCGAG	0.113795285675544
AGTTCGAT	0.44594592694273
AGTTCGCA	1.09717729083023
AGTTCGGG	0.596412158123614
AGTTCGTA	1.61638330467167
AGTTCGTC	1.52540776252972
AGTTCGTG	0.784355483701783
AGTTCTAA	1.63439029967959
AGTTCTAC	0.301492838547273
AGTTCTAG	1.08144423391268
AGTTCTAT	2.10272929143974
AGTTCTCA	0.226702257976637
AGTTCTGA	1.06763339344111
AGTTCTGC	0.138111648050551
AGTTCTGG	0.13951565166388
AGTTCTTA	0.159960913727185
AGTTCTTG	0.459717847396274
AGTTGAAA	2.73754145290668
AGTTGAAC	0.679824243428667
AGTTGAAT	0.655511484759035
AGTTGACA	0.356444300298344
AGTTGACG	0.927909807977209
AGTTGAGA	1.12697416833653
AGTTGATA	0.790873865980507
AGTTGATG	0.401305387004951
AGTTGCAA	0.981956739679652
AGTTGCAC	0.0213530354467699
AGTTGCAG	0.179160735213575
AGTTGCAT	0.00293954247277485
AGTTGCCA	0.0798995536779685
AGTTGCGA	0.642455980933649
AGTTGCGC	0.552211990982419
AGTTGCTA	0.00637963962186225
AGTTGCTC	0.173244892473221
AGTTGCTG	1.86688046885584
AGTTGGAA	1.19204987996257
AGTTGGAT	0.938387941719811
AGTTGGCA	0.344624146674829
AGTTGGCG	0.486957535569876
AGTTGGTA	1.65994057077432
AGTTGGTG	0.247592217282974
AGTTGTAA	0.809210960400595
AGTTGTAC	2.53025559910935
AGTTGTAG	0.494299724896872
AGTTGTAT	1.64608648583827
AGTTGTCA	0.355445353168942
AGTTGTCG	0.526596853190974
AGTTGTGC	1.54039269021182
AGTTGTTA	0.0991455025931325
AGTTGTTC	0.728293359954746
AGTTGTTG	1.32762704202427
AGTTTAAA	1.9214917408197
AGTTTAAC	0.552902460931889
AGTTTAAG	1.63758750708653
AGTTTAAT	1.49793022980149
AGTTTACC	0.048117755252207
AGTTTACG	1.10776786018046
AGTTTAGA	1.32504895120041
AGTTTAGC	0.108977852332887
AGTTTAGG	1.49242881317904
AGTTTATA	2.29925592247538
AGTTTATC	1.11195608656499
AGTTTATG	1.64711282112851
AGTTTCAA	0.166947056963328
AGTTTCAC	0.396057671240757
AGTTTCAT	0.915219719876649
AGTTTCCA	0.304008224897642
AGTTTCCC	0.409195339548647
AGTTTCGA	0.334947477007189
AGTTTCTA	0.469507673412627
AGTTTCTC	0.385449804104727
AGTTTCTG	1.72103202573994
AGTTTGAA	1.14951318322156
AGTTTGAC	0.318096550682936
AGTTTGAG	0.285327336984967
AGTTTGAT	0.307288317528166
AGTTTGCA	0.662438527227059
AGTTTGCC	1.60124197617638
AGTTTGCG	0.565639397202301
AGTTTGGA	0.230663450922665
AGTTTGGC	0.837991592991701
AGTTTGGG	0.0293201072854475
AGTTTGTA	0.764638890864902
AGTTTGTG	1.58257766530842
AGTTTTAA	0.965771778108334
AGTTTTAC	2.36359503672317
AGTTTTAG	1.48890366858315
AGTTTTAT	2.01270008232875
AGTTTTCA	0.444813642714527
AGTTTTCC	0.91227260962259
AGTTTTCG	0.396283983938181
AGTTTTGA	0.247869702596697
AGTTTTGC	2.14567681059328
AGTTTTGG	0.703835732329118
AGTTTTTA	1.89492666629192
AGTTTTTG	1.75780135240197
ATAAAAAA	3.15718501544333
ATAAAAAC	1.59527424007865
ATAAAAAG	2.56609733200835
ATAAAAAT	1.68457622144537
ATAAAACA	2.82751804791923
ATAAAACC	1.42290108393517
ATAAAACG	1.79112553672738
ATAAAAGA	1.94971812352443
ATAAAAGC	1.95034588900041
ATAAAAGG	0.0254886477328498
ATAAAATA	2.59753389545938
ATAAAATC	0.221767343838821
ATAAAATG	0.530764178084337
ATAAACAA	3.19226780799078
ATAAACAC	2.29363125912917
ATAAACAG	0.889108712225876
ATAAACAT	0.586664855830663
ATAAACCA	1.0120361476872
ATAAACCC	0.0459497660997984
ATAAACGA	2.19870677663945
ATAAACGG	1.55326512580426
ATAAACTA	2.42977708589873
ATAAACTC	1.63766967156904
ATAAACTG	0.46305776153599
ATAAAGAA	0.974463915468063
ATAAAGAC	0.477262126634296
ATAAAGAG	0.459745235557108
ATAAAGAT	2.26543154384419
ATAAAGCA	0.48701159115047
ATAAAGCC	0.131433981994338
ATAAAGGC	0.983610840445871
ATAAAGGG	0.785982917048241
ATAAAGTA	2.18386455569012
ATAAAGTC	1.91034259713664
ATAAATAA	1.94319109235281
ATAAATAC	1.20280333679567
ATAAATAG	0.081361937318341
ATAAATAT	2.11080735740391
ATAAATCA	0.179647956180008
ATAAATCC	0.437543527494991
ATAAATCG	0.508486071468313
ATAAATGA	0.424127653132303
ATAAATGC	1.26473373437213
ATAAATTA	1.28430185454764
ATAAATTC	1.94985290210538
ATAAATTG	0.912589014954341
ATAACAAA	0.0663791718594626
ATAACAAC	1.19384957042585
ATAACAAG	1.00047401936839
ATAACAAT	1.61419369328702
ATAACACA	2.41212037105307
ATAACACC	1.74571740754515
ATAACACG	1.79924828863817
ATAACAGA	1.02795731802521
ATAACAGC	0.921880088147069
ATAACAGG	1.13815430388579
ATAACATA	0.080264969402793
ATAACATG	0.162092145084792
ATAACCAA	0.415225059378789
ATAACCAC	0.161741144181459
ATAACCAG	1.01282896286926
ATAACCCA	0.578534896509123
ATAACCGA	0.638295142709957
ATAACCGC	1.11559078380422
ATAACCTA	0.0743282251712763
ATAACCTC	0.569234453682428
ATAACCTG	0.151311300090856
ATAACGAA	4.20621067619084
ATAACGAC	0.650862704827836
ATAACGAG	1.99370278908432
ATAACGAT	1.29941435339995
ATAACGCA	1.39006195835296
ATAACGCC	0.155580970216813
ATAACGCG	0.595751238558201
ATAACGGA	1.7324990162369
ATAACGGG	0.0220982817179107
ATAACGTA	0.984155720698271
ATAACGTC	1.33912862809281
ATAACGTG	1.95481880810941
ATAACTAA	1.27745913878535
ATAACTAG	0.609686767235679
ATAACTAT	1.45729124430992
ATAACTCA	0.803339803606865
ATAACTCC	0.904628429785335
ATAACTCG	1.50045282356261
ATAACTGA	2.29057531697284
ATAACTGC	0.927835571646525
ATAACTGG	0.539819568945668
ATAACTTA	0.288871220848798
ATAACTTC	1.14382221169648
ATAACTTG	2.47156204969893
ATAAGAAA	3.05341271552177
ATAAGAAC	0.726438172428715
ATAAGAAG	1.68975114236104
ATAAGAAT	0.959634667858076
ATAAGACC	0.356297269119124
ATAAGACG	0.80643034133477
ATAAGAGA	1.04799968582781
ATAAGAGC	0.887652815255175
ATAAGATA	3.11308719353472
ATAAGATC	1.54515678871495
ATAAGATG	1.44847369800321
ATAAGCAA	0.679597209990168
ATAAGCAC	0.14156471853898
ATAAGCAG	1.61228661240362
ATAAGCAT	0.439333848324308
ATAAGCCA	0.0911899626116474
ATAAGCCG	1.10527986199093
ATAAGCGG	0.0806339888329897
ATAAGCTC	0.397610868256528
ATAAGCTG	0.818411940958995
ATAAGGAA	2.8785472367423
ATAAGGAC	0.891522474084727
ATAAGGAG	0.562682917314272
ATAAGGAT	1.48084938707444
ATAAGGCA	1.14382221169648
ATAAGGCG	0.370843986227866
ATAAGGTA	0.959031407578633
ATAAGGTC	0.908778456892908
ATAAGTAA	1.87353579193874
ATAAGTAC	1.53596157408515
ATAAGTAG	1.20324082662795
ATAAGTAT	0.289441327038811
ATAAGTCA	1.57916351483802
ATAAGTCC	1.31975366652529
ATAAGTCG	0.673766414696618
ATAAGTGA	1.80701859816349
ATAAGTGC	0.292909533089807
ATAAGTGG	1.70563699638639
ATAAGTTA	1.12479032288047
ATAAGTTC	0.470038138843534
ATAAGTTG	1.32586194713256
ATAATAAA	3.81269902279612
ATAATAAC	1.8762983924777
ATAATAAG	1.25448767925555
ATAATAAT	2.01312171585739
ATAATACA	1.98487803536686
ATAATACC	0.176886797123198
ATAATACG	1.24331907556348
ATAATAGC	0.0802620864384937
ATAATAGG	0.725703737273692
ATAATATA	3.19756741711234
ATAATATC	0.931702347511778
ATAATATG	0.628509641140052
ATAATCAA	2.66331593333853
ATAATCAC	0.641478656036485
ATAATCAG	1.19251908240213
ATAATCAT	0.742659891794839
ATAATCCA	0.284499205490248
ATAATCCC	0.0957335143459542
ATAATCGA	1.12908593968512
ATAATCGC	1.42489393300645
ATAATCTA	1.37509216623343
ATAATCTC	0.661392731927808
ATAATGAA	1.44488152448738
ATAATGAG	1.33912862809281
ATAATGAT	0.429577897138462
ATAATGCA	2.11687311428778
ATAATGCG	1.64470842890363
ATAATGGA	0.907858791281712
ATAATGGC	2.18581271881478
ATAATGTA	2.32641777061292
ATAATGTC	0.367135052657951
ATAATGTG	0.559677427033172
ATAATTAA	0.453659297923148
ATAATTAC	1.08598346120054
ATAATTAG	0.933447982394471
ATAATTAT	2.4928851743911
ATAATTCA	1.06332408255605
ATAATTCC	1.05860178703525
ATAATTCG	0.439760527040475
ATAATTGA	1.68907797019735
ATAATTGC	0.661484986785357
ATAATTGG	0.130097007300948
ATAATTTA	1.26751074973258
ATAATTTC	1.25807552832494
ATAATTTG	2.02994165031544
ATACAAAA	2.47197287211145
ATACAAAC	1.45259994065532
ATACAAAG	1.28999642977809
ATACAAAT	0.562894815190207
ATACAACA	2.16783455344984
ATACAACC	1.4548738787457
ATACAACG	2.03355328384028
ATACAAGA	1.23170217092301
ATACAAGC	2.33381185329729
ATACAAGG	0.666060251126945
ATACAATA	1.81562929178179
ATACAATC	0.542445949421528
ATACACAA	0.664604354156244
ATACACAC	0.996681479833823
ATACACAG	0.452409532899785
ATACACAT	1.31465586490461
ATACACCA	1.10524814938365
ATACACCC	0.189937976502136
ATACACGA	1.58482853968441
ATACACGG	0.304014711567314
ATACACTA	1.45749593477511
ATACACTG	0.376483785136646
ATACAGAA	0.570755217349843
ATACAGAC	0.854043938205293
ATACAGAG	0.0261776762001724
ATACAGAT	2.30203437931798
ATACAGCA	1.05762734510238
ATACAGCG	0.280488281410073
ATACAGGA	1.20664776968761
ATACAGGC	0.402687768386043
ATACAGTA	1.15163216198089
ATACAGTC	0.937027182570957
ATACAGTG	0.611266631671213
ATACATAA	1.2531665608658
ATACATAC	1.48405596411536
ATACATAG	2.42977708589873
ATACATAT	1.81152971654944
ATACATCA	0.0336560855902695
ATACATCG	1.7891723284152
ATACATGA	0.73970629487111
ATACATGC	1.34007712334699
ATACATTA	0.553684464997837
ATACATTC	1.87513079193684
ATACATTG	1.49281368891288
ATACCAAA	0.413218516227089
ATACCAAC	1.28745293452582
ATACCAAT	1.79750769894301
ATACCACA	0.109671205246656
ATACCAGC	1.18998207381953
ATACCAGG	1.12769923385758
ATACCATC	0.0496197796516843
ATACCATG	0.733714053576848
ATACCCAA	1.12308072505151
ATACCCAG	0.813779017331437
ATACCCAT	1.11863231113905
ATACCCCA	1.07489341828561
ATACCCTA	0.363988297126228
ATACCGAA	1.1646473043061
ATACCGAG	0.248942886056783
ATACCGAT	1.05361714176328
ATACCGCA	0.0477278343308471
ATACCGCC	0.56475648938591
ATACCGGC	0.0255845062957727
ATACCGGG	0.101538362960819
ATACCGTC	0.82596530742085
ATACCGTG	0.327484923920734
ATACCTAA	0.844801154664564
ATACCTAC	0.654225682681941
ATACCTAG	0.566412031634277
ATACCTAT	0.295449424636714
ATACCTCA	0.907790320879626
ATACCTCG	0.145436539591757
ATACCTGA	0.249086313530629
ATACCTGG	1.32699278987862
ATACCTTA	1.18508752118189
ATACCTTC	0.269423464432744
ATACGAAA	0.378023288072002
ATACGAAC	1.61638330467167
ATACGAAT	0.574304146401196
ATACGACC	0.268561458107517
ATACGACG	0.443251796805858
ATACGAGA	0.536502718520338
ATACGATA	0.773714462476323
ATACGATC	0.601545276056947
ATACGATG	0.579910070479469
ATACGCAA	1.08851110014918
ATACGCAC	1.57894008510489
ATACGCAG	1.25581023912745
ATACGCCA	1.23919859883997
ATACGCGA	1.83383665280844
ATACGCGC	1.21045039959722
ATACGCGG	0.480668348952877
ATACGCTA	0.621837020271364
ATACGGAA	1.07764809067274
ATACGGAC	0.559677427033172
ATACGGAT	1.14750231562341
ATACGGCA	0.409176600280707
ATACGGCC	0.240152007169833
ATACGGCG	0.17813007547689
ATACGGGG	0.737713445799827
ATACGGTG	0.272322285034803
ATACGTAA	3.37075933511658
ATACGTAC	1.51260884252689
ATACGTAT	1.54468830701646
ATACGTCC	0.588599324874901
ATACGTCG	1.04227628095438
ATACGTGA	2.0722923958592
ATACGTGC	0.0765445039756844
ATACGTTA	1.71986730816338
ATACGTTC	0.183796541805431
ATACGTTG	0.367648941044145
ATACTAAA	2.11598876498924
ATACTAAG	0.782921929704393
ATACTAAT	0.800569995657161
ATACTACA	0.423334837950238
ATACTACC	0.625860196949806
ATACTAGA	0.373047291692933
ATACTAGG	0.769903183673814
ATACTATA	1.03961530490694
ATACTATC	1.0946691118906
ATACTATG	0.550538430207186
ATACTCAA	2.95631447795105
ATACTCAC	0.00324946113485401
ATACTCAG	1.07149296189562
ATACTCAT	0.456961733526986
ATACTCCA	2.17940677214369
ATACTCCC	0.99158151598992
ATACTCCG	0.94573085178788
ATACTCGA	2.0891361147727
ATACTCTA	1.44298597546117
ATACTCTC	0.327430147599065
ATACTCTG	0.0129131574631524
ATACTGAA	1.10527986199093
ATACTGAG	0.357996776573042
ATACTGAT	1.56630549406707
ATACTGCA	0.946218072754314
ATACTGCC	0.733892076622275
ATACTGCG	0.098380075571903
ATACTGGA	0.0207822085156838
ATACTGGG	0.272769865242134
ATACTGTA	1.87797627769938
ATACTGTC	0.459419460591387
ATACTGTG	0.711458289934134
ATACTTAC	0.666450892789381
ATACTTAG	0.0387070390410968
ATACTTCA	0.00162635223484405
ATACTTCC	0.138731485374711
ATACTTGA	0.328084580494806
ATACTTGC	0.818411940958995
ATACTTGG	0.559677427033172
ATACTTTA	1.98764568109334
ATACTTTC	0.338567038683852
ATACTTTG	1.67790287983561
ATAGAAAA	2.07512923272884
ATAGAAAG	0.869418066067681
ATAGAAAT	1.05429175540911
ATAGAACA	1.92685693737905
ATAGAACG	0.249422178871396
ATAGAAGA	1.96046941813431
ATAGAAGC	0.0850924931204932
ATAGAAGG	0.91930848399288
ATAGAATA	1.11076758453297
ATAGACAA	0.546186595598725
ATAGACAC	0.500893784988429
ATAGACAG	0.110134641757627
ATAGACAT	0.547316717603705
ATAGACCA	1.27967325536653
ATAGACGC	0.14543581885068
ATAGACTA	0.842949570843906
ATAGACTG	1.57954694908971
ATAGAGAA	1.8446737156062
ATAGAGAC	1.76708738040717
ATAGAGAG	0.101286103584708
ATAGAGAT	0.714094760785037
ATAGAGCG	0.17392238908335
ATAGAGGA	0.874889211565004
ATAGAGTA	0.846737065190953
ATAGATAA	0.842719654441108
ATAGATAC	0.403007056682093
ATAGATAG	0.589735212808478
ATAGATAT	0.401862519855621
ATAGATCA	0.148720235927653
ATAGATTA	0.765935504058116
ATAGATTC	0.254263396669513
ATAGATTG	1.17868589895725
ATAGCAAA	0.149033037554032
ATAGCAAT	0.82061524642406
ATAGCACG	0.492384715861649
ATAGCAGA	0.0740968672863273
ATAGCAGG	0.20989457611686
ATAGCATA	0.515248064230252
ATAGCATG	0.023682470599892
ATAGCCAA	0.092945687869384
ATAGCCCA	0.406749144341439
ATAGCCGA	1.17466560524311
ATAGCGAT	0.585650773138695
ATAGCGCG	0.580367741061843
ATAGCGTA	0.320127599031172
ATAGCTAA	0.929214349322244
ATAGCTAC	0.383345240166881
ATAGCTAG	0.320583107390322
ATAGCTAT	1.34510357160128
ATAGCTCA	0.355506616160284
ATAGCTTA	0.937004839597643
ATAGGAAA	1.1268357860502
ATAGGAAC	0.934109622700958
ATAGGAAT	0.980718506513481
ATAGGACA	0.225244198782712
ATAGGACG	0.0689608663886952
ATAGGATA	0.929093985562784
ATAGGATC	0.205247958408886
ATAGGATG	0.42209372181977
ATAGGCAA	0.0802620864384937
ATAGGCAC	0.907442202940591
ATAGGCCA	0.328782257855023
ATAGGCGA	1.05616856516738
ATAGGCGC	0.824278052565202
ATAGGCTA	0.0868640746818721
ATAGGCTG	0.325644151216194
ATAGGGAA	0.987353648846291
ATAGGGAC	0.0741062369202981
ATAGGGCA	0.176854363774841
ATAGGGTA	0.367215054917234
ATAGGGTG	1.66039896209777
ATAGGTAA	1.81680986566199
ATAGGTAC	0.494371078263258
ATAGGTAG	0.527256331274238
ATAGGTCA	0.687800684901317
ATAGGTCC	0.230809761360807
ATAGGTCG	0.306362885988376
ATAGGTGA	0.387657434016241
ATAGGTGC	0.520017928661984
ATAGGTTA	0.115251182646245
ATAGGTTG	0.578186057829015
ATAGTAAA	1.36693553949213
ATAGTAAC	1.31893490466454
ATAGTAAG	2.12031969810654
ATAGTAAT	1.79124590048684
ATAGTACA	0.905236735252302
ATAGTACG	1.12241836400395
ATAGTAGA	0.523331896123016
ATAGTAGC	0.725073088833412
ATAGTAGG	0.448928353509444
ATAGTATA	0.737133969975845
ATAGTATG	0.785982917048241
ATAGTCAA	2.13813425524754
ATAGTCAT	0.806307815352087
ATAGTCCG	0.387642298453675
ATAGTCGG	0.663831719724269
ATAGTCTA	0.982063409358693
ATAGTCTG	3.29876090546896
ATAGTGAC	0.16476393224835
ATAGTGAG	1.39058809933742
ATAGTGCG	0.869500951291261
ATAGTGGA	2.28767289266541
ATAGTGGC	0.734686333286488
ATAGTGTA	1.53255823473087
ATAGTGTC	0.789564279447949
ATAGTGTG	0.865868416275254
ATAGTTAA	1.41633152904015
ATAGTTAG	0.90398120430034
ATAGTTCG	0.454309406372441
ATAGTTGA	0.699308757639527
ATAGTTGC	0.146258905157879
ATAGTTTA	0.0447482907284328
ATAGTTTC	1.34235971033026
ATAGTTTG	0.306187025166172
ATATAAAA	3.07816152254154
ATATAAAC	2.31445779322094
ATATAAAG	1.3017459507763
ATATAAAT	1.55346909552837
ATATAACA	1.35631541975783
ATATAACC	0.851968203910432
ATATAACG	2.07344269861426
ATATAAGA	1.58624839960138
ATATAAGG	1.85571546886914
ATATAATA	1.31695358745045
ATATAATC	1.52353167351252
ATATAATG	1.20567404849582
ATATACAA	1.16349988451533
ATATACAC	0.924033662477987
ATATACAG	2.00761309182419
ATATACCA	0.226320265207097
ATATACCC	0.153029546812715
ATATACCG	1.42567089188487
ATATACGA	0.335150725990228
ATATACGC	0.550328694554477
ATATACGG	0.0605036906192866
ATATACTA	1.22002904847871
ATATACTC	1.79106139077174
ATATACTG	0.246059921758366
ATATAGAA	1.29816602985874
ATATAGAC	0.013760748966886
ATATAGAG	0.0827717068602675
ATATAGAT	0.466716243230684
ATATAGCA	0.259160111530376
ATATAGCG	0.162893609159752
ATATAGGA	0.0461104913594342
ATATAGGC	0.236314060947563
ATATAGTA	2.28109252665427
ATATAGTC	0.845818841061906
ATATAGTG	0.447270649037853
ATATATAA	2.35644168155772
ATATATAC	0.824885637291093
ATATATAG	0.0611963227919814
ATATATAT	0.651649033340229
ATATATCA	0.580467924071214
ATATATCG	0.909135223724838
ATATATGA	2.03763916499221
ATATATGC	0.504733172692847
ATATATGG	1.22900227485754
ATATATTA	2.44625034389989
ATATATTC	0.00990334273560244
ATATATTG	0.744576342312211
ATATCAAA	1.7662606903946
ATATCAAG	0.960040445083079
ATATCAAT	0.916795980606808
ATATCACA	0.726730793305004
ATATCACC	0.672246371770276
ATATCACG	2.24909883035258
ATATCAGA	2.24809844174102
ATATCATC	0.150518484908792
ATATCATG	1.00912291226364
ATATCCAA	1.51155151537044
ATATCCAT	0.489703559064119
ATATCCCA	0.855809753838073
ATATCCGA	0.0223952270406486
ATATCCGG	0.492626884862716
ATATCCTA	0.990729600039739
ATATCGAA	0.83068616145951
ATATCGAC	0.049557075178193
ATATCGAG	1.27882422238065
ATATCGAT	0.553360852255339
ATATCGTA	1.82461116705351
ATATCGTC	0.288590852570776
ATATCGTG	0.0264731800407598
ATATCTAA	0.433775493156959
ATATCTCA	0.874298203883828
ATATCTCC	0.0201731823076419
ATATCTGA	0.495251103115351
ATATCTGG	0.0480125270553149
ATATCTTA	1.21882252791983
ATATCTTC	1.33164012832767
ATATCTTG	1.34930837503052
ATATGAAA	1.62624088034904
ATATGAAC	0.81709154331032
ATATGAAG	0.100175441588743
ATATGAAT	0.567590443291256
ATATGACA	1.8815799830724
ATATGACC	0.818610865495587
ATATGACG	1.12532943720428
ATATGAGA	0.685505124578701
ATATGATC	1.71877250247106
ATATGATG	1.45230155385043
ATATGCAA	1.76638682008266
ATATGCAC	0.495433450607226
ATATGCAG	0.382678554672874
ATATGCAT	0.128174070113903
ATATGCCA	0.911414927743811
ATATGCGA	0.0335984263043009
ATATGCGC	1.28812250298412
ATATGCTA	0.614212300443121
ATATGGAA	1.76115856432748
ATATGGAT	0.77964039559172
ATATGGCA	0.0293374050712386
ATATGGCG	0.731979950551349
ATATGGGA	0.235763414766565
ATATGGTA	0.0968030941006676
ATATGGTG	0.886487376937541
ATATGTAA	1.58739654013323
ATATGTAC	1.20979452521933
ATATGTAG	2.38360425043634
ATATGTCA	0.0714517475425291
ATATGTCC	0.556576798930223
ATATGTGA	0.600041089434248
ATATGTGC	0.294268850756511
ATATGTTA	1.06886874364298
ATATGTTC	0.371412650935729
ATATGTTG	0.869516807594902
ATATTAAA	2.22697207936222
ATATTAAC	3.49791679994476
ATATTAAG	2.52038432935156
ATATTAAT	1.7498256316704
ATATTACA	0.699645343721367
ATATTACC	1.57949145202696
ATATTAGA	1.10679485972975
ATATTAGC	0.213861534991484
ATATTATA	0.900924541402943
ATATTATC	1.9865883539369
ATATTATG	0.817244340418136
ATATTCAA	0.721054957342493
ATATTCAT	0.186597341621345
ATATTCCA	0.822194390118519
ATATTCCC	0.354084594020088
ATATTCCG	1.31798929237466
ATATTCGA	1.53269589627612
ATATTCGC	0.0112619396612334
ATATTCTA	0.123481324977153
ATATTCTC	1.65036408411605
ATATTGAA	1.05602729991676
ATATTGAG	0.206798993201433
ATATTGAT	0.304591304426997
ATATTGCA	0.741276789672672
ATATTGCC	0.0571212527561679
ATATTGCG	0.254406103402285
ATATTGGA	0.185869393135994
ATATTGGG	0.274907583269411
ATATTGTA	1.42048948429954
ATATTGTC	1.21006768608661
ATATTGTG	1.86226268079085
ATATTTAA	2.72881616145751
ATATTTAC	0.860825390976247
ATATTTAG	1.20435725455251
ATATTTCA	1.52353167351252
ATATTTCG	0.284354336534251
ATATTTGA	0.0835565938905115
ATATTTGC	1.53268652664215
ATATTTTA	2.0867749670123
ATATTTTC	1.11181554205544
ATATTTTG	0.944406129692757
ATCAAAAA	3.14498863497887
ATCAAAAG	2.84429690013602
ATCAAAAT	1.49992596183707
ATCAAACA	0.800484948210357
ATCAAACC	0.58386405601475
ATCAAACG	0.404121322383432
ATCAAAGA	0.897859950353723
ATCAAAGC	0.92486828064238
ATCAAAGG	0.651179110159587
ATCAAATA	1.922663665807
ATCAAATG	0.654782094791535
ATCAACAA	0.480205633182981
ATCAACAC	0.487251597928314
ATCAACAG	0.228277797965723
ATCAACAT	0.749148002948429
ATCAACCA	1.12476509694286
ATCAACGA	0.799837001984288
ATCAACGC	0.279805018871349
ATCAACGG	0.514588586146989
ATCAACTA	1.0760458832639
ATCAACTG	0.0688138352094767
ATCAAGAA	0.308961157562325
ATCAAGAC	1.64460896663533
ATCAAGAG	1.10304268169536
ATCAAGAT	0.687424458060373
ATCAAGCA	1.65599955857838
ATCAAGGA	0.869500951291261
ATCAAGGG	0.341646044554564
ATCAAGTC	0.712251105116198
ATCAAGTG	0.586318179373779
ATCAATAA	1.23936581076928
ATCAATAC	0.00153409737729489
ATCAATAG	0.0237358054394124
ATCAATCG	0.563317169459925
ATCAATGA	0.0744860674666144
ATCAATGC	0.632381462192827
ATCAATTA	1.9306898384138
ATCAATTG	0.039684363938261
ATCACAAA	0.18325166155303
ATCACAAC	0.596892171679302
ATCACAAT	0.647653244822622
ATCACACA	0.857192135219165
ATCACACG	0.706279044572027
ATCACAGC	1.50430662608852
ATCACATA	0.829731900276734
ATCACATC	0.662328253842644
ATCACATG	0.600328665123015
ATCACCAA	1.42249242374586
ATCACCAC	0.575654815175005
ATCACCCA	0.10835224908013
ATCACCGA	0.0556949061695247
ATCACCTA	0.112030911524912
ATCACCTC	0.431204609743844
ATCACCTG	0.602546385409574
ATCACGAA	1.03599286026598
ATCACGAG	0.0518158777060036
ATCACGAT	0.970576238111647
ATCACGCA	1.3120907474201
ATCACGCC	0.693369130443711
ATCACGCG	0.757561213512286
ATCACGGC	0.25944552499592
ATCACGTA	0.625726139109928
ATCACGTC	0.660963890988418
ATCACGTG	2.00101398654511
ATCACTCA	1.17404865088324
ATCACTCG	0.0218373734489038
ATCACTGA	1.42770410245633
ATCACTTA	1.66549748445952
ATCACTTG	0.478141430745314
ATCAGAAA	1.21570388129001
ATCAGAAG	0.861695325453294
ATCAGAAT	0.973606233589285
ATCAGACA	1.13882603456732
ATCAGACG	0.605755845414787
ATCAGAGC	0.816222329574347
ATCAGAGG	1.01633680967936
ATCAGATC	0.447282180895047
ATCAGCAA	0.869619873568571
ATCAGCAC	0.566265000455057
ATCAGCAG	0.0424606585576371
ATCAGCAT	0.135235891162878
ATCAGGAA	0.300415330640739
ATCAGGAG	0.820850928755457
ATCAGGAT	0.603190727930269
ATCAGGCA	1.24630943028202
ATCAGGGC	0.0556026513119756
ATCAGGTA	0.0958603647750855
ATCAGGTG	0.595066534537328
ATCAGTAA	2.01322478183106
ATCAGTAC	1.03683396510004
ATCAGTAG	0.234237605911628
ATCAGTCA	0.270960084403802
ATCAGTGC	1.3190156276649
ATCAGTTA	2.37685451027267
ATCAGTTC	1.08594237895929
ATCAGTTG	0.959143122445197
ATCATAAA	1.08598562342377
ATCATAAC	3.07604110230005
ATCATAAG	0.95593654540428
ATCATAAT	1.50930568618198
ATCATACA	0.107885208863786
ATCATACC	0.413218516227089
ATCATACG	0.141075335349325
ATCATAGA	0.414262149303116
ATCATAGC	0.440054589398914
ATCATATA	0.524893021290609
ATCATATC	0.885789699577323
ATCATATG	0.767484376627441
ATCATCAA	1.39735585802796
ATCATCAC	0.256863830466687
ATCATCAT	0.0627740250042912
ATCATCTA	0.608367811069153
ATCATGAA	0.432332569525601
ATCATGAC	0.80643034133477
ATCATGCA	0.0824329585552032
ATCATGCC	0.446668109499484
ATCATGGC	0.349690235688224
ATCATGTA	0.55341274561271
ATCATGTC	0.256862388984537
ATCATTAA	1.02045440343858
ATCATTAC	1.51930813081534
ATCATTAG	0.750025865577296
ATCATTCC	0.244687630752319
ATCATTGA	2.3031861235552
ATCATTTA	1.84043143364108
ATCATTTC	0.20989457611686
ATCATTTG	0.0773344361934509
ATCCAAAA	1.06498539073302
ATCCAAAC	0.449024932813441
ATCCAAAT	0.8267840692816
ATCCAACA	0.888851407662243
ATCCAACG	0.8807300972336
ATCCAAGA	1.21586172358535
ATCCAAGG	0.0634709816234325
ATCCAATA	0.0302289617805234
ATCCAATC	0.287544336530451
ATCCAATG	0.632943640231019
ATCCACAA	0.637938375878028
ATCCACAT	0.424420274008592
ATCCACCA	1.16557561881019
ATCCACGA	0.332819128613882
ATCCACTA	0.383444702435178
ATCCACTC	0.966531439200966
ATCCAGAA	1.09079080416816
ATCCAGAC	1.28678264532643
ATCCAGAG	0.01238557499654
ATCCAGAT	0.285685545299046
ATCCAGGA	1.27849484370956
ATCCAGGC	0.0362103919586675
ATCCAGTC	0.876509437500715
ATCCATAA	0.406147325544144
ATCCATAC	1.4148741905873
ATCCATCC	1.30826721601932
ATCCATGA	0.618471880194034
ATCCATTA	2.60457769798149
ATCCCAAA	0.320583107390322
ATCCCAAT	0.577721179835896
ATCCCAGA	1.0297995322119
ATCCCATA	0.426503215714201
ATCCCATG	0.464900696463755
ATCCCCAA	1.00213028235783
ATCCCCTG	0.0157384624756008
ATCCCGAA	0.211447052391559
ATCCCGCA	0.507444600615508
ATCCCGTA	0.871133429825239
ATCCCTCA	0.343256180115231
ATCCCTCG	0.304390938408258
ATCCCTGG	0.231669605462811
ATCCCTTA	0.0942668062591351
ATCCCTTC	0.197767386795564
ATCCGAAG	0.370838941040345
ATCCGAAT	1.58065328663923
ATCCGACA	0.643809532671755
ATCCGAGA	0.223662172123954
ATCCGATG	1.62646503082324
ATCCGCAA	0.0297539934123603
ATCCGCAT	0.978874130103569
ATCCGCGA	0.373470366703726
ATCCGCTC	0.301972131361884
ATCCGCTG	0.542445949421528
ATCCGGAA	0.174059329887525
ATCCGGTG	0.754054087443261
ATCCGTAC	0.277779736451709
ATCCGTAG	0.103066334038982
ATCCGTCA	0.336723383015015
ATCCGTCC	0.665946374037159
ATCCGTCG	1.23923823959907
ATCCGTGC	0.411570902130544
ATCCGTTC	0.264052501944793
ATCCGTTG	0.236566320323676
ATCCTAAA	1.92843463959136
ATCCTAAG	0.32348336947453
ATCCTAAT	0.663565766267739
ATCCTACA	0.422539139803875
ATCCTACC	0.192010107091625
ATCCTATC	1.31765198555174
ATCCTATG	0.42209372181977
ATCCTCAA	0.698531078020028
ATCCTCAG	0.211519847240094
ATCCTCTA	0.235708638444895
ATCCTCTG	1.08406124475457
ATCCTGAA	0.77596173314694
ATCCTGAC	0.445460868199522
ATCCTGAG	0.318153489227831
ATCCTGCA	0.752257279944272
ATCCTGGC	1.05992795061252
ATCCTGTA	0.718768045912773
ATCCTGTG	0.428077314221135
ATCCTTAA	0.806031771520514
ATCCTTAC	1.18981702411344
ATCCTTAG	0.493372851874931
ATCCTTGA	0.659554121446491
ATCCTTTA	0.0132353287235001
ATCCTTTC	1.32655602078741
ATCCTTTG	0.896659916464508
ATCGAAAA	1.2492104131073
ATCGAAAC	0.720569898599285
ATCGAAAG	0.545869469525899
ATCGAAAT	0.127433869030285
ATCGAACA	0.293131521340786
ATCGAACC	0.211155872997418
ATCGAAGA	0.119604458736856
ATCGAAGC	0.169765154565031
ATCGAAGG	0.0331501253558964
ATCGAATG	0.200367820592739
ATCGACAA	0.00156292702028003
ATCGACCA	0.781106382937467
ATCGACCG	0.186903656578051
ATCGACTC	0.977205614515859
ATCGACTG	0.528309333984234
ATCGAGAA	0.248875136395771
ATCGAGAG	0.138091467300462
ATCGAGCG	0.553360852255339
ATCGAGTA	2.26796062427498
ATCGAGTC	0.152905579347883
ATCGATAA	0.0949724117711728
ATCGATAC	0.180398968379746
ATCGATAG	1.13653407795008
ATCGATCA	2.03763916499221
ATCGATCG	0.601545276056947
ATCGATGA	0.180398968379746
ATCGATGC	0.508341202512318
ATCGATTC	0.184188624950015
ATCGATTG	0.899565944477313
ATCGCAAA	1.44413627821624
ATCGCAAC	1.52345815792291
ATCGCAAT	2.11651706819693
ATCGCATA	0.571540825121162
ATCGCATG	0.0491008460779698
ATCGCCAG	0.107692050255793
ATCGCCAT	1.08919868713435
ATCGCCTA	0.469145140652101
ATCGCGAA	0.578901032975024
ATCGCGCG	1.23935860335853
ATCGCGGA	1.90970762424991
ATCGCGTA	1.17897707835139
ATCGCGTG	0.795307865071473
ATCGCTAA	0.647049263802102
ATCGCTGC	1.78334009163951
ATCGCTTA	0.583243497949516
ATCGCTTG	1.10527986199093
ATCGGAAA	1.17856121075134
ATCGGAAG	0.579705380014282
ATCGGAAT	0.544551954841523
ATCGGAGC	0.626746708471569
ATCGGATA	0.76048886375733
ATCGGCAA	1.08544795058211
ATCGGCAT	0.646411407951078
ATCGGCCA	0.459717847396274
ATCGGCTG	0.345510658196593
ATCGGGAA	0.0284436861387288
ATCGGGAC	0.608306548077813
ATCGGGCA	0.116242922364901
ATCGGGTA	0.478008814387587
ATCGGTAA	1.30955662180179
ATCGGTAC	0.293535136342564
ATCGGTCA	0.189050744239298
ATCGGTGC	0.460732650829316
ATCGGTGG	0.240632741466593
ATCGGTTA	0.269522205959965
ATCGGTTC	0.778892987097356
ATCGTAAA	0.435470676164429
ATCGTAAC	1.63212068603566
ATCGTAAG	0.36264699798639
ATCGTAAT	1.11748056690184
ATCGTACA	2.54206494161674
ATCGTATA	0.898506455097644
ATCGTATC	1.25598898291396
ATCGTATG	1.0285677857154
ATCGTCAA	0.794182067512942
ATCGTCAG	0.357867763920687
ATCGTCCA	2.20122720817735
ATCGTCCG	0.210559099387646
ATCGTCTA	1.02472695652883
ATCGTCTC	0.139174020394517
ATCGTCTG	0.615410172109114
ATCGTGAG	0.146746126124312
ATCGTGCG	0.580264675088176
ATCGTGGA	0.0266937268095892
ATCGTGGC	0.0879365374008832
ATCGTGTA	0.82704209458631
ATCGTTAA	1.4668900739415
ATCGTTAG	0.113102653502847
ATCGTTGA	0.122563100848107
ATCGTTGC	0.85421259161675
ATCGTTTA	0.716948895440471
ATCGTTTC	0.951266143240843
ATCGTTTG	0.237693559364356
ATCTAAAA	0.704476471144439
ATCTAAAC	0.214170012171415
ATCTAAAT	0.430235212998502
ATCTAACA	0.273759442737565
ATCTAACC	1.19597791881916
ATCTAACG	1.45780585343719
ATCTAAGC	0.465551525654122
ATCTAAGG	0.485972282520893
ATCTAATA	1.03653774051838
ATCTAATC	1.29929110667619
ATCTAATG	0.678389247949131
ATCTACAT	0.0377614267512171
ATCTACCA	1.50906640014521
ATCTACGC	0.0325612798979448
ATCTACGG	0.0197212776538652
ATCTACTA	0.453301810350144
ATCTACTG	0.233706419739643
ATCTAGAA	1.52464161476741
ATCTAGAC	1.54056999251617
ATCTAGCA	0.289646017503998
ATCTAGCC	0.957820562573297
ATCTAGGA	0.648281010298602
ATCTAGGC	0.864458646733327
ATCTAGTA	0.556910502047766
ATCTAGTC	0.790817648176687
ATCTAGTG	0.247318335674624
ATCTATAA	1.82989564061251
ATCTATAC	1.08549912319841
ATCTATAG	0.0192434263214027
ATCTATCA	1.31304356712072
ATCTATCC	0.0149658280436254
ATCTATGA	0.887042347564984
ATCTATGG	0.747256778368666
ATCTATTG	0.0325778569426598
ATCTCAAA	1.86439463288953
ATCTCAAC	0.626143448192125
ATCTCAAT	0.260794752287579
ATCTCACG	0.192919682327775
ATCTCAGA	0.912127019925521
ATCTCATA	0.932405070059518
ATCTCATC	0.528990434299737
ATCTCATG	0.374727339137837
ATCTCCAA	0.610322460863482
ATCTCCAT	0.120842691903027
ATCTCGCA	0.958157869396212
ATCTCGCC	0.00478031517731318
ATCTCGGA	0.220404422466744
ATCTCGTA	0.974805546737427
ATCTCTCA	0.983177675060032
ATCTCTGA	0.454946541482392
ATCTCTGG	0.47885928885562
ATCTCTTA	1.50513547832432
ATCTCTTC	1.95032282528603
ATCTCTTG	0.714670632903646
ATCTGAAC	0.440766681580623
ATCTGAAT	1.79083435733324
ATCTGACC	0.977584003580026
ATCTGAGA	0.405884975792989
ATCTGAGG	0.022282791433009
ATCTGATG	0.401948288043499
ATCTGCAA	1.07797819008491
ATCTGCAG	0.370610466119694
ATCTGCAT	1.84884968939246
ATCTGCGA	0.247517260211216
ATCTGCTA	0.670982912666496
ATCTGCTG	0.119855276630818
ATCTGGAA	0.257175190610915
ATCTGGAC	1.35434923810631
ATCTGGCA	0.0836668672749261
ATCTGGGA	0.918045745630173
ATCTGTAA	0.810439823932795
ATCTGTAC	0.0572805365336565
ATCTGTCC	0.110419334482096
ATCTGTGA	1.27121319663283
ATCTGTTA	0.614032835915545
ATCTTAAA	2.08990226253501
ATCTTAAC	0.610732562534932
ATCTTAAG	1.34050091909886
ATCTTAAT	1.81845027234779
ATCTTACA	0.842566857333291
ATCTTACC	1.49242881317904
ATCTTACG	1.0428377382515
ATCTTAGC	0.528325190287877
ATCTTAGG	1.19049163775927
ATCTTATA	2.55935047480898
ATCTTATC	0.125835265326812
ATCTTATG	1.58114987723963
ATCTTCAA	0.290958487000853
ATCTTCAG	0.623422650635492
ATCTTCAT	1.49133328674564
ATCTTCCA	0.753752817674076
ATCTTCCG	0.335472176509501
ATCTTCGC	0.202318866681692
ATCTTCTA	1.0380952619806
ATCTTCTC	1.04772003829086
ATCTTCTG	0.627215190170061
ATCTTGAA	1.36570523447778
ATCTTGAC	0.398904598485444
ATCTTGAG	0.0831551411119576
ATCTTGCA	0.0594341108645733
ATCTTGGA	1.04604215306919
ATCTTGGC	0.135209944484192
ATCTTGGG	0.500641525612317
ATCTTGTA	1.0943512650767
ATCTTTAA	2.46746391594873
ATCTTTAC	2.53939964112285
ATCTTTAG	0.5486933330562
ATCTTTCA	1.08256642776584
ATCTTTCC	1.16692340461971
ATCTTTCG	1.12934684795412
ATCTTTGA	1.11159283306339
ATCTTTGC	0.530624354315865
ATCTTTTA	1.91599609012584
ATCTTTTC	0.178760003176095
ATCTTTTG	0.525025637648336
ATGAAAAC	1.79500816889628
ATGAAAAG	1.63039018671553
ATGAAACA	1.52843415430198
ATGAAACG	0.869083642209065
ATGAAAGA	2.09302451287019
ATGAAAGC	0.284045859354321
ATGAAAGG	1.02688557604727
ATGAAATC	0.815616907071679
ATGAAATG	1.09840110917491
ATGAACAA	2.54343867410494
ATGAACAG	0.114260163668663
ATGAACAT	0.721165230726908
ATGAACCA	0.502968077801141
ATGAACCG	0.0332337313205508
ATGAACGA	0.45004045698756
ATGAACTC	0.559038850441072
ATGAACTG	2.43485903121577
ATGAAGAC	1.08522452084899
ATGAAGGA	0.185053514239542
ATGAAGTG	0.550425994599548
ATGAATAA	1.47707414532566
ATGAATAC	1.81562929178179
ATGAATAG	0.513531258990545
ATGAATCC	1.10788173727025
ATGAATGC	1.88361391438493
ATGAATGG	1.4344596085486
ATGAATTA	2.40991490336478
ATGAATTG	0.7013160215323
ATGACAAA	2.58000619326607
ATGACAAC	2.07999279350027
ATGACAAG	0.265088927610073
ATGACAAT	0.203588091714071
ATGACACA	1.52521676614495
ATGACACC	0.831920070179234
ATGACACG	0.928506581586983
ATGACAGC	0.417743328693456
ATGACATA	1.13253828943247
ATGACCAA	1.36821197193525
ATGACCTG	0.605631877949956
ATGACGAC	0.0620849965369686
ATGACGCG	0.913042361090268
ATGACGGA	1.69580032220019
ATGACGTG	0.972255564815475
ATGACTAA	2.04104466656972
ATGACTAC	0.383307761631003
ATGACTCA	0.412912922011458
ATGACTGA	1.41883970797977
ATGAGAAA	0.0537654823128094
ATGAGAAC	2.06320385090843
ATGAGAAG	0.785500020528256
ATGAGAAT	0.591307869833265
ATGAGACA	0.70275462071721
ATGAGAGA	0.680390025172232
ATGAGATA	0.693578145355345
ATGAGATC	0.589712149094091
ATGAGCAC	0.0574895514452901
ATGAGCTA	0.194190348842304
ATGAGCTG	0.454309406372441
ATGAGGAA	0.00503545751772468
ATGAGGGA	0.858128377875075
ATGAGTAA	0.519157363818908
ATGAGTAC	0.856963660298515
ATGAGTAG	1.62276186318192
ATGAGTGA	0.799262571347828
ATGAGTGC	0.070839117629115
ATGAGTGG	0.153483613689715
ATGAGTTA	1.46633077886761
ATGAGTTG	0.00967847152032657
ATGATAAA	1.50625839291855
ATGATAAC	1.58860161920996
ATGATAAG	2.5897455674072
ATGATAAT	1.47145741013127
ATGATACC	0.345760034608407
ATGATACG	1.02924167862016
ATGATAGA	1.43884603872864
ATGATATA	2.23680010465553
ATGATCAA	0.873253850066727
ATGATCAG	0.231016614049219
ATGATCAT	0.726438172428715
ATGATCCA	0.664971932104292
ATGATCCC	0.232775222271255
ATGATCGA	0.0339011375556342
ATGATCGC	0.492831575327903
ATGATCTA	0.914085994166295
ATGATGAA	0.211155872997418
ATGATGAC	0.663594595910723
ATGATGAG	0.8685178604655
ATGATGCA	0.275324892351606
ATGATGCC	0.27935311421757
ATGATGCG	0.201594521901716
ATGATGGA	0.0394904845891919
ATGATGTA	0.330102655503698
ATGATGTG	0.358444356780371
ATGATTAA	0.548376206983373
ATGATTAG	1.69332529735
ATGATTCA	0.279799252942752
ATGATTGA	0.46232981305064
ATGATTTA	0.594349397168096
ATGATTTC	1.28222539951171
ATGATTTG	0.775029094196401
ATGCAAAA	2.2710165664313
ATGCAAAC	0.209860701286354
ATGCAAAT	0.344353148030779
ATGCAACA	0.209381408471741
ATGCAACC	0.0569504371214853
ATGCAACG	1.3909405417229
ATGCAAGA	0.292908091607659
ATGCAAGC	0.117439352548744
ATGCAAGG	1.46340312862257
ATGCAATA	0.110296808499413
ATGCAATC	0.849599848739281
ATGCAATG	0.183796541805431
ATGCACAA	2.19231380330771
ATGCACAG	0.128174070113903
ATGCACAT	0.391011042236376
ATGCACCA	0.2373403962378
ATGCACGG	1.65116338596778
ATGCACTA	0.495433450607226
ATGCACTG	0.0792818785770318
ATGCAGAA	0.0415453173928897
ATGCAGCA	0.82596530742085
ATGCAGGA	0.102293699607005
ATGCAGTA	2.51932916441834
ATGCAGTC	0.779898420896429
ATGCAGTG	0.308460242515474
ATGCATAA	0.466208120773087
ATGCATAC	0.0733299987829489
ATGCATCA	1.70112948170582
ATGCATCC	0.428077314221135
ATGCATGG	0.268267395749079
ATGCATTA	0.604039760916153
ATGCATTC	0.991690347892186
ATGCATTG	1.20026560747198
ATGCCAAA	1.02806110473995
ATGCCAAC	0.386002612508948
ATGCCAAG	0.369286464765646
ATGCCAAT	0.436280789132284
ATGCCAGC	0.165967569842939
ATGCCATA	1.44672662163837
ATGCCATC	0.0545979382539767
ATGCCCAA	0.00464193289098944
ATGCCCAC	0.648281010298602
ATGCCCTA	0.637750983198632
ATGCCGAA	0.180430680987029
ATGCCGCA	0.659739351902666
ATGCCGTG	0.415820391506412
ATGCCTAA	0.476793644935803
ATGCCTAC	1.05125743548502
ATGCCTAG	0.385886573195938
ATGCCTCA	0.778230626049794
ATGCCTTA	1.23723890385812
ATGCCTTC	0.289441327038811
ATGCCTTG	0.400445542902949
ATGCGAAG	0.807424964017724
ATGCGAAT	0.447782375200824
ATGCGACG	0.14033441352463
ATGCGAGG	0.76644939244431
ATGCGATA	1.05994957284476
ATGCGATC	0.196963039756308
ATGCGATG	0.366208900377086
ATGCGCAC	0.251952700784331
ATGCGCAT	0.170362648915879
ATGCGCCC	0.816196382895662
ATGCGCCG	0.289192671368073
ATGCGCGC	0.66244501389673
ATGCGCTA	1.64470842890363
ATGCGCTG	0.948000465431809
ATGCGGCA	2.07603015907209
ATGCGTAA	1.54322376115287
ATGCGTCA	1.65861440719705
ATGCGTGA	1.01994411875776
ATGCGTTA	1.86759904770722
ATGCGTTC	0.756235049935014
ATGCTAAA	0.599427018038685
ATGCTAAC	0.848053138393179
ATGCTAAG	1.07573524386074
ATGCTACA	0.469775068351304
ATGCTACG	0.295367260154208
ATGCTAGA	0.273226094342358
ATGCTAGC	1.05511123801094
ATGCTAGG	0.0150429473386067
ATGCTATA	0.900504349356449
ATGCTATC	0.00517816425049496
ATGCTATG	0.601491220476352
ATGCTCAC	0.463444799493054
ATGCTCCA	0.650663780291244
ATGCTCCG	0.305467725573715
ATGCTCGA	0.153938401307791
ATGCTCTC	0.0622990566361265
ATGCTCTG	0.14543581885068
ATGCTGCC	0.119801941791297
ATGCTGGA	0.418207485945501
ATGCTGGG	0.882919708618247
ATGCTGTA	0.202093995466416
ATGCTGTG	0.603562630324767
ATGCTTAA	0.946218072754314
ATGCTTAG	0.702242173813167
ATGCTTCA	1.02735117478147
ATGCTTCG	1.74657653090608
ATGCTTGA	0.700528972278831
ATGCTTGG	0.295587806923037
ATGCTTTG	0.993187327104139
ATGGAAAA	0.64615194116422
ATGGAAAC	0.831130858702542
ATGGAAAG	0.891631305986991
ATGGAAAT	0.276404562481365
ATGGAACA	1.0219722841417
ATGGAACG	0.215130760023862
ATGGAAGA	1.10875383397052
ATGGAAGG	0.0128122537127069
ATGGAATA	1.41710272198997
ATGGAATG	0.170826806167924
ATGGACAA	0.211194072274372
ATGGACGA	0.333331575517927
ATGGAGTG	0.143855954415147
ATGGATAA	1.15340518502442
ATGGATAC	0.0860510787497175
ATGGATCA	1.05616856516738
ATGGATCG	0.297783184236282
ATGGATGA	1.40020422675479
ATGGATGC	0.783835829386992
ATGGATGG	0.736341875534855
ATGGATTA	0.35339772777599
ATGGCAAA	0.126669883491204
ATGGCAAG	0.911801244959799
ATGGCAAT	0.909858127022665
ATGGCACA	0.90913882743021
ATGGCACG	1.37403555981805
ATGGCAGG	0.158714752409194
ATGGCATA	0.479025059302779
ATGGCATG	0.0811817520496892
ATGGCCCA	0.347574139893185
ATGGCCTA	0.916800305053256
ATGGCGAA	0.0154335890010426
ATGGCGAG	0.353718457554189
ATGGCGCA	0.395076021897146
ATGGCGTA	0.663978750903487
ATGGCGTG	0.703286527630269
ATGGCTAA	0.694178522670492
ATGGCTCG	0.0268767950425386
ATGGCTGA	0.286739989491193
ATGGCTGC	0.00899520898160094
ATGGCTTA	0.103008674753013
ATGGCTTC	0.271876867050698
ATGGGAAT	0.42584734133631
ATGGGACG	0.0688650078257723
ATGGGAGA	0.88971341398747
ATGGGATA	0.151958525575853
ATGGGATG	0.664009022028621
ATGGGCAG	0.0954942283091866
ATGGGCTA	0.154971223267699
ATGGGGAA	0.537034625433397
ATGGGTAA	2.01858421246182
ATGGGTAC	0.776314896273496
ATGGGTAG	0.192010107091625
ATGGGTGA	0.10835224908013
ATGGGTTA	0.506796654389439
ATGGGTTC	0.362334196360011
ATGGTAAA	0.667307133186011
ATGGTAAC	0.978249247591886
ATGGTAAG	0.9480660528696
ATGGTAAT	1.19250394683957
ATGGTACG	1.14025454337719
ATGGTAGA	1.23080701050835
ATGGTATA	1.07388870522761
ATGGTATG	0.200689991853086
ATGGTCAA	0.628298464005192
ATGGTCGG	0.613165063661721
ATGGTCTA	0.0393672378654343
ATGGTCTC	0.137024770510047
ATGGTCTG	0.0620439142957166
ATGGTGAA	0.855400372907699
ATGGTGCA	0.429579338620611
ATGGTGGA	0.352927083854273
ATGGTGTA	1.20387291655038
ATGGTTAA	0.924396195238514
ATGGTTAC	0.369286464765646
ATGGTTAG	0.641005129150469
ATGGTTCC	0.938080906022028
ATGGTTGA	0.835394042158826
ATGGTTGG	0.130161873997663
ATGGTTTA	1.6220728347146
ATGGTTTC	0.457013626884356
ATGGTTTG	0.863248522469067
ATGTAAAA	1.04794707172937
ATGTAAAC	0.409520393773294
ATGTAAAG	1.39872670755186
ATGTAAAT	0.822609536977492
ATGTAACC	0.348968053131471
ATGTAACG	0.817307765632701
ATGTAAGA	0.800263680700454
ATGTAAGC	0.227895084455108
ATGTAAGG	0.0793395378630004
ATGTAATA	0.359735204044988
ATGTAATC	0.903222263948782
ATGTAATG	0.634333949763931
ATGTACAA	1.54891184971364
ATGTACAC	1.71236727654105
ATGTACAG	0.471163936402067
ATGTACAT	0.77964039559172
ATGTACCA	0.742239699748343
ATGTACCC	0.397532307479398
ATGTACCG	1.45273543997734
ATGTACGA	1.35451500855347
ATGTACGC	0.0438985370014727
ATGTACGG	0.614318970122163
ATGTACTA	0.852197399572156
ATGTACTC	1.40650494522899
ATGTAGAA	0.425913649515173
ATGTAGAC	1.32860436692143
ATGTAGAG	1.118457891799
ATGTAGCC	0.584457946660224
ATGTAGCG	0.325598744528494
ATGTAGGA	0.881798235506162
ATGTAGGC	0.373427842980323
ATGTAGTA	2.23541772327443
ATGTAGTC	0.984364014868832
ATGTATAA	1.87752076934022
ATGTATAC	0.903418305521074
ATGTATAG	0.319034955562072
ATGTATCA	0.35038142637877
ATGTATGA	0.712059387990354
ATGTATGC	1.48086524337808
ATGTATGG	1.49281368891288
ATGTATTA	1.00752286707802
ATGTATTC	0.48829955545079
ATGTATTG	1.73534233977622
ATGTCAAA	0.902695402223246
ATGTCAAC	0.734112623391103
ATGTCAAG	1.17346917505926
ATGTCAAT	0.038097292091982
ATGTCACA	0.368013636027895
ATGTCACG	0.919897329450831
ATGTCAGC	0.123528893888078
ATGTCAGG	0.179532637608071
ATGTCATG	0.38064318187819
ATGTCCAA	0.744400481490007
ATGTCCAC	0.0764825202432692
ATGTCCAG	0.571755605961394
ATGTCCTC	0.0554938194097097
ATGTCGAA	0.891048226457637
ATGTCGAC	0.39961452844393
ATGTCGAG	0.0999743548289278
ATGTCGGA	0.434353527498792
ATGTCGGG	1.0049267577273
ATGTCGTG	0.395339813130451
ATGTCTAA	0.866971150119399
ATGTCTAG	0.137024770510047
ATGTCTCA	0.21408640620676
ATGTCTCC	0.451309682019937
ATGTCTCG	0.185183247632971
ATGTCTTA	0.83193376425965
ATGTCTTG	2.02728788167874
ATGTGAAA	1.1742713598753
ATGTGAAC	0.601775192459747
ATGTGAAG	2.85850126523433
ATGTGAAT	1.08314013766123
ATGTGACA	0.304704460775711
ATGTGAGC	0.0437435776704339
ATGTGATA	0.949337440125202
ATGTGATC	0.0669355839690569
ATGTGATG	0.358762203594272
ATGTGCAA	1.23061096893606
ATGTGCCA	0.136425113935975
ATGTGCGC	1.08622418871946
ATGTGCGG	0.451806993361414
ATGTGCTA	0.0241740160127717
ATGTGGAA	0.689018016576323
ATGTGGAC	0.699561737756712
ATGTGGAG	1.30513847901446
ATGTGGTA	0.218206162189199
ATGTGTAA	0.664166143582885
ATGTGTAC	0.551798285605595
ATGTGTCA	0.907861674246012
ATGTGTCG	0.519055018586313
ATGTGTGA	0.398689817645212
ATGTGTGC	0.481853968020601
ATGTGTGG	0.747201281305921
ATGTGTTC	1.19150499971016
ATGTGTTG	1.29515333216689
ATGTTAAA	0.683893547535885
ATGTTAAC	1.37569326428965
ATGTTAAT	1.71831627337084
ATGTTACA	0.657195135909311
ATGTTACC	1.17536184112117
ATGTTACG	0.337818909448414
ATGTTAGA	0.0491130986762367
ATGTTAGC	0.927973233191775
ATGTTATA	1.09084413900768
ATGTTATG	0.47645489663074
ATGTTCAA	0.515790061518355
ATGTTCAC	0.311882321137696
ATGTTCAG	1.06213341830081
ATGTTCCC	0.0981861962228338
ATGTTCGA	0.190385556709466
ATGTTCGC	0.168736657051571
ATGTTCTA	1.07447827142663
ATGTTCTC	0.126326810739691
ATGTTCTG	0.749478823101671
ATGTTGAA	0.592587905981762
ATGTTGAG	0.793231410035538
ATGTTGCA	0.0271117566328597
ATGTTGCG	2.81629755086978
ATGTTGGA	1.04636432432953
ATGTTGGG	0.866163920115841
ATGTTGTA	1.51155367759367
ATGTTGTC	2.5667914056632
ATGTTGTG	0.469039912455209
ATGTTTAA	1.8780296125389
ATGTTTAC	0.261483780754901
ATGTTTCA	1.15696564593297
ATGTTTCC	0.475889114887175
ATGTTTCG	0.31459086609606
ATGTTTGA	1.68331780752912
ATGTTTGG	0.827353454730539
ATGTTTTA	2.00010945649648
ATGTTTTC	3.48430344252763
ATGTTTTG	0.837233373381217
ATTAAAAA	1.12385480096564
ATTAAAAC	2.1197647274791
ATTAAAAG	1.16003023698219
ATTAAAAT	0.756760470178401
ATTAAACA	0.866129324544261
ATTAAACC	1.00006680066124
ATTAAACG	1.00188523039247
ATTAAAGA	3.36696751632309
ATTAAAGC	1.176780259556
ATTAAAGG	1.34204762944496
ATTAAATA	2.38773337605275
ATTAAATC	1.2105758085442
ATTAAATG	1.72726787751742
ATTAACAA	2.36991377372423
ATTAACAC	1.17552472860403
ATTAACAG	0.792026330958798
ATTAACCA	1.04506482817202
ATTAACCG	0.54594010215121
ATTAACGA	1.60316923780987
ATTAACGC	1.25869680713125
ATTAACGG	1.13122726141777
ATTAACTA	1.12133364868667
ATTAACTC	1.81653814627686
ATTAACTG	1.54872733999855
ATTAAGAA	2.83774536376787
ATTAAGAC	0.985939554857917
ATTAAGCA	2.13135208173551
ATTAAGCC	0.281532635227175
ATTAAGCG	1.25192039954781
ATTAAGGA	0.228871688611197
ATTAAGGC	1.32979935562313
ATTAAGTA	0.959607279697242
ATTAAGTC	0.280207913132053
ATTAAGTG	2.20528930487382
ATTAATAA	0.63995645088692
ATTAATAC	1.2125823516959
ATTAATAG	0.0868640746818721
ATTAATCA	1.04001531620334
ATTAATCC	0.263852856667126
ATTAATCG	2.24520106262112
ATTAATGA	0.840338325930614
ATTAATGC	1.12576476481334
ATTAATGG	0.758465022819841
ATTAATTA	0.673856507330942
ATTAATTG	0.236389018019321
ATTACAAA	1.89751989267835
ATTACAAC	1.4478098954735
ATTACAAG	1.45529335005112
ATTACAAT	0.70383140788267
ATTACACA	0.377098577273284
ATTACACC	1.18326764996851
ATTACACG	0.182124422512348
ATTACAGA	2.45654685089169
ATTACAGC	0.465410260403499
ATTACAGG	0.871377761049531
ATTACATA	2.68413165631418
ATTACATC	0.574557126518381
ATTACATG	0.922071084531839
ATTACCAA	1.43877468536226
ATTACCAC	2.17543837178692
ATTACCAG	0.603899216406606
ATTACCCC	0.316504433649135
ATTACCCG	0.413643753461105
ATTACCGA	0.0645427236013708
ATTACCGC	0.542067560357361
ATTACCTA	1.27128599148136
ATTACCTC	0.400565185921333
ATTACCTG	0.872441574875647
ATTACGAA	0.838307998323453
ATTACGAC	1.15764602550739
ATTACGAG	0.337909722823814
ATTACGCA	0.525025637648336
ATTACGGA	0.624410065907702
ATTACGGC	0.765291882278495
ATTACGGG	0.220648032949959
ATTACGTA	2.24400967762479
ATTACGTC	1.1359488361975
ATTACGTG	1.8704575068091
ATTACTAA	1.04914566413643
ATTACTAC	0.530845621825768
ATTACTCA	0.771133488688163
ATTACTCC	0.150892549526511
ATTACTCG	0.772457490042212
ATTACTGA	0.395334047201854
ATTACTGC	0.993884283723284
ATTACTGG	0.223767400320848
ATTACTTA	0.54942128154155
ATTACTTC	1.09108630800874
ATTACTTG	0.198210642556448
ATTAGAAA	2.27380583439002
ATTAGAAC	0.821697078777042
ATTAGAAG	1.65864900276863
ATTAGAAT	0.0796984669181535
ATTAGACA	0.915193052456887
ATTAGACG	0.631032234901167
ATTAGAGC	1.23465576784674
ATTAGAGG	0.455647101806907
ATTAGATA	1.87676471195296
ATTAGATC	0.478785052524935
ATTAGCAA	0.568930300948945
ATTAGCAG	0.416562034072181
ATTAGCCG	0.556576798930223
ATTAGCGC	0.189237416177621
ATTAGCGG	0.266921051421718
ATTAGCTC	1.93638945883177
ATTAGCTG	0.0173529224827144
ATTAGGAA	0.985939554857917
ATTAGGAC	0.308200054987542
ATTAGGAG	0.260735651519463
ATTAGGCA	0.819537017776454
ATTAGGCC	0.745082302546584
ATTAGGCG	0.30352749060088
ATTAGGTA	0.467896817110886
ATTAGGTC	0.751525007012474
ATTAGTAA	1.18300025502983
ATTAGTCA	1.33789904381953
ATTAGTCG	0.672203848046876
ATTAGTGA	1.29935885633721
ATTAGTGC	1.76717675230042
ATTAGTGG	0.330161756271816
ATTAGTTA	0.251952700784331
ATTAGTTC	0.382670626521052
ATTAGTTG	1.02640916619696
ATTATAAA	3.55522580575086
ATTATAAC	1.20656128075865
ATTATAAG	0.341253961409979
ATTATACA	1.47564779873902
ATTATACC	1.78030865467972
ATTATACG	2.42234768690171
ATTATAGA	3.33858257058194
ATTATAGC	0.15102516588424
ATTATAGG	0.0961464989817038
ATTATATA	2.51313079117674
ATTATATC	1.7184762778894
ATTATATG	0.512489067396666
ATTATCAA	1.48313485702201
ATTATCAC	1.30007887667074
ATTATCAG	2.70591317232981
ATTATCCA	0.866129324544261
ATTATCCC	1.1831429617626
ATTATCCG	0.10361409725568
ATTATCGA	0.245115750950633
ATTATCGG	0.743440454378634
ATTATCTA	0.406570400554937
ATTATCTC	1.01563264564947
ATTATCTG	0.994760704870002
ATTATGAA	0.721165230726908
ATTATGAC	1.30932742614006
ATTATGAG	0.690686532164033
ATTATGCA	1.17370269516743
ATTATGCC	0.940287815192467
ATTATGGA	0.382195658152887
ATTATGGC	2.29544680589609
ATTATGGG	0.159201973375627
ATTATGTA	0.942160300504291
ATTATGTC	2.36409162732357
ATTATGTG	0.92265992998979
ATTATTAC	1.81824053669508
ATTATTCA	0.883690901568074
ATTATTCC	0.7582646568011
ATTATTCG	1.63739578996069
ATTATTGA	0.754919697473861
ATTATTGC	0.854535483618172
ATTATTTA	1.43100725880124
ATTATTTC	1.92722307384495
ATTATTTG	0.814062989314832
ATTCAAAA	2.16435697776488
ATTCAAAC	0.651012618971354
ATTCAAAG	1.03324539528958
ATTCAACA	1.35854395116051
ATTCAACC	0.571481724353044
ATTCAACG	0.829527209811546
ATTCAAGA	1.30513847901446
ATTCAAGC	1.26573412298368
ATTCAAGG	0.210126654742884
ATTCAATA	1.48349738978254
ATTCAATC	0.701686482444647
ATTCAATG	0.136710527401519
ATTCACAA	1.85256943407849
ATTCACAC	0.235404485711411
ATTCACAG	1.81510891672592
ATTCACCA	0.185207752829508
ATTCACTA	0.965019324426447
ATTCACTG	0.0197212776538652
ATTCAGAC	1.18877915696601
ATTCAGCA	0.479577146965926
ATTCAGCG	0.375346455720921
ATTCAGGA	0.0495527507317465
ATTCAGGG	0.39738239333588
ATTCAGTA	0.748665827169516
ATTCAGTC	0.985672880660313
ATTCAGTG	1.93698407021832
ATTCATAA	2.67956143716012
ATTCATAC	1.25535545150938
ATTCATAG	0.779470300698114
ATTCATCA	0.232306740572762
ATTCATCC	0.679776674517745
ATTCATCG	0.873017446994257
ATTCATGC	0.882585284759631
ATTCATTA	1.95248648999199
ATTCATTC	1.13619749186824
ATTCATTG	0.597725348361543
ATTCCAAA	1.70131254993877
ATTCCAAC	0.412947517583038
ATTCCAAG	0.618915135954916
ATTCCACA	0.562440027572131
ATTCCACG	0.0387070390410968
ATTCCAGA	0.354168199984742
ATTCCATA	1.09717729083023
ATTCCATC	0.868510653054754
ATTCCCAA	0.584041358319102
ATTCCCTA	1.12707651356912
ATTCCCTC	0.50939492596339
ATTCCGAA	0.526342431591639
ATTCCGCC	0.122942210653349
ATTCCGGC	0.0273063567230032
ATTCCGTA	1.73558955396481
ATTCCGTG	0.772272980327114
ATTCCTAC	0.0321958641731203
ATTCCTAG	0.211483089445288
ATTCCTCA	0.48829955545079
ATTCCTCG	0.58845517665998
ATTCCTGA	0.161602041154059
ATTCCTGC	2.76958199737822
ATTCCTTA	1.48621314215165
ATTCCTTG	0.0282865645844651
ATTCGAAA	2.39398796709817
ATTCGAAC	0.91227260962259
ATTCGAAG	0.0275225790453844
ATTCGAAT	1.56771598435007
ATTCGACA	0.448261668015435
ATTCGACG	0.513482248597471
ATTCGAGA	0.358880405130507
ATTCGAGG	0.160807063748772
ATTCGATA	0.263135719297896
ATTCGATG	0.26479414451056
ATTCGCAA	1.36718491590394
ATTCGCAG	1.26110840676687
ATTCGCCA	0.163093975178491
ATTCGCGA	0.113453654406182
ATTCGCGG	0.352444908075363
ATTCGCTC	0.802828077443897
ATTCGGAC	0.237318774005562
ATTCGGAG	2.00439209996178
ATTCGGCA	1.0277079416134
ATTCGGTA	0.150269108496979
ATTCGGTC	1.46516245758568
ATTCGTAA	0.996773734691372
ATTCGTAC	1.68249688344514
ATTCGTAG	0.140025215603624
ATTCGTCA	0.713429516773177
ATTCGTCG	0.143226026715944
ATTCGTGA	0.0623401388773784
ATTCGTGC	1.01312734967415
ATTCGTTA	2.10758059961291
ATTCGTTC	0.916344796694106
ATTCGTTG	1.06784817428134
ATTCTAAA	0.160523812506453
ATTCTAAG	0.274949386251738
ATTCTACA	1.32184453638272
ATTCTAGC	0.230378037457121
ATTCTAGG	1.00017274959921
ATTCTATA	0.258724783921316
ATTCTATC	2.05463423953139
ATTCTCAA	1.92227662784994
ATTCTCAC	0.45712534175092
ATTCTCAG	0.0973587854691874
ATTCTCCG	0.101783414926185
ATTCTCGA	1.51789403682696
ATTCTCGC	0.225452492953273
ATTCTCGG	0.655749329313654
ATTCTCTA	1.39050305189062
ATTCTGAA	1.93071650583356
ATTCTGAC	0.324604121845541
ATTCTGCA	0.442306184515978
ATTCTGCC	0.273431505548622
ATTCTGCG	0.1191604822349
ATTCTGGA	0.549150282897499
ATTCTGGC	0.311572402475615
ATTCTGTA	0.638336945692284
ATTCTGTC	0.0241740160127717
ATTCTTAA	1.20318749178843
ATTCTTAC	0.730684778840284
ATTCTTAG	0.963063953891044
ATTCTTCA	0.0154047593580591
ATTCTTCC	0.992537218654847
ATTCTTCG	1.54882247782039
ATTCTTGA	0.419120664887025
ATTCTTGC	0.509054736176175
ATTCTTTA	1.05729292124376
ATTCTTTG	1.1399590395366
ATTGAAAA	1.3753710930293
ATTGAAAC	0.108104314150466
ATTGAAAG	0.179640748769262
ATTGAAAT	1.24982520524394
ATTGAACA	1.53605815338915
ATTGAACG	0.0821259228574218
ATTGAAGA	1.81152971654944
ATTGAAGC	0.548922528717924
ATTGAAGG	0.526674693227032
ATTGAATA	0.254784492466453
ATTGAATC	0.397135899888365
ATTGAATG	1.07036067766742
ATTGACAA	0.591181019404135
ATTGACAC	0.141122183519174
ATTGACAG	1.98774802632594
ATTGACCA	0.551145294192004
ATTGACGG	1.03672297097455
ATTGACTA	0.204705240379708
ATTGAGAA	0.96550510391073
ATTGAGAC	0.772819302061663
ATTGAGCG	0.349205176945016
ATTGAGGA	1.0538917441127
ATTGAGTA	1.13746959986492
ATTGAGTC	0.238737913181458
ATTGAGTG	0.656258893253399
ATTGATAA	0.521074535077355
ATTGATAC	1.06220116796182
ATTGATAG	1.10113055562443
ATTGATCC	0.253787707560274
ATTGATGA	0.411957219346531
ATTGATGC	0.168627825149305
ATTGATTA	2.05890246817519
ATTGCAAA	0.907512835565902
ATTGCAAC	1.22488468109832
ATTGCAAG	1.32177606598063
ATTGCACA	2.41695293995829
ATTGCACG	1.23795676196843
ATTGCAGA	0.466608132069492
ATTGCAGG	1.46861985252055
ATTGCATA	0.714413328340013
ATTGCATG	0.420793504921183
ATTGCCCC	0.162440263023825
ATTGCCGC	0.0542145040022883
ATTGCCTA	0.418161358516728
ATTGCCTG	0.495727512965664
ATTGCGAA	1.33172805873877
ATTGCGAC	1.3174062128453
ATTGCGCA	0.551466744711277
ATTGCGCC	0.234024987294619
ATTGCGCG	0.517919130652737
ATTGCGGA	0.327046713347375
ATTGCGTA	1.52856532917756
ATTGCTAA	0.529116563987792
ATTGCTAC	1.2509358672399
ATTGCTCC	0.342470572343911
ATTGCTCG	0.0206575203097758
ATTGCTGG	0.730147826739704
ATTGCTTA	1.06842332565888
ATTGCTTC	0.367501909864926
ATTGGAAA	0.568575696340239
ATTGGAAC	0.517567409008329
ATTGGAAG	0.712059387990354
ATTGGACA	0.967126771328591
ATTGGACC	0.48014292870949
ATTGGAGG	0.283186735993393
ATTGGATA	0.862232998294948
ATTGGATG	0.178558195675206
ATTGGCAC	0.543742562614741
ATTGGCCC	0.147648493949716
ATTGGCCG	0.128380922802315
ATTGGCGA	0.118534878982143
ATTGGCTG	0.292178701640158
ATTGGGGA	0.422640043554319
ATTGGGGC	0.418204602981203
ATTGGGTC	0.712059387990354
ATTGGGTG	0.741518958673739
ATTGGTAA	2.06732432763195
ATTGGTAC	1.35473627606337
ATTGGTAG	1.14642913216333
ATTGGTCA	0.957494066866501
ATTGGTCG	0.0551284036848869
ATTGGTGA	0.185207752829508
ATTGGTGC	0.619625065913402
ATTGGTTA	1.23866092599831
ATTGGTTC	0.695379998041856
ATTGGTTG	0.609092876590205
ATTGTAAA	1.60842848543126
ATTGTAAG	0.0999058844268411
ATTGTACA	1.09501650908856
ATTGTACC	2.22425200254666
ATTGTAGA	1.04799968582781
ATTGTATA	0.163413984215616
ATTGTATC	0.651522182911099
ATTGTATG	0.590186396721182
ATTGTCAC	1.62324620118405
ATTGTCAG	0.379944783776899
ATTGTCCA	0.380425518073659
ATTGTCCC	0.103276790432766
ATTGTCGC	0.86048952563548
ATTGTCTA	1.17033971731333
ATTGTCTC	0.19220038273532
ATTGTGAA	1.58460799291558
ATTGTGAC	0.511694810732451
ATTGTGAG	0.890963179010834
ATTGTGCA	0.742239699748343
ATTGTGCC	0.237693559364356
ATTGTGCG	0.600328665123015
ATTGTGGC	0.673685691696262
ATTGTGGG	1.16361304086405
ATTGTGTA	0.939849604619107
ATTGTGTG	0.877109094074786
ATTGTTAA	1.93136373131855
ATTGTTAC	1.04734381144992
ATTGTTAG	1.37545830269932
ATTGTTCA	0.487240786812196
ATTGTTCC	0.557972153650658
ATTGTTCG	0.0187317001584342
ATTGTTGA	0.131184605582526
ATTGTTGG	1.52961184521788
ATTGTTTA	1.02534607311192
ATTGTTTC	1.42593035867173
ATTGTTTG	2.04840199145928
ATTTAAAA	1.98487371092042
ATTTAAAC	1.11683766586329
ATTTAAAG	0.855809753838073
ATTTAAAT	1.2265769811415
ATTTAACA	1.30985500860667
ATTTAACC	1.63413659882133
ATTTAACG	1.49794464462299
ATTTAAGA	0.924639084980654
ATTTAAGC	2.12453315042868
ATTTAAGG	0.612061609076503
ATTTAATA	1.73207161677966
ATTTAATC	1.69835967375611
ATTTAATG	1.04793698135432
ATTTACAA	1.18526770645054
ATTTACAC	1.53041763373929
ATTTACAG	0.81463886143344
ATTTACCA	0.500805133836253
ATTTACCC	0.176926437882301
ATTTACCG	0.601349234484655
ATTTACGA	0.721235863352219
ATTTACTA	2.05356610125882
ATTTACTC	0.309385674055267
ATTTAGAA	1.64271269686805
ATTTAGAC	0.248942886056783
ATTTAGAG	0.669155113301299
ATTTAGCC	0.224485258431154
ATTTAGGA	1.99319754959102
ATTTAGGC	0.432374372507927
ATTTAGGG	0.109557328156869
ATTTAGTA	2.04473414013062
ATTTAGTG	0.458075999228325
ATTTATAA	2.09664479528793
ATTTATAC	1.61544489979253
ATTTATAG	1.37316562534101
ATTTATCA	0.573842872113449
ATTTATCG	0.267236736012394
ATTTATGA	0.818610865495587
ATTTATGC	0.736694317920335
ATTTATGG	0.72212814080258
ATTTATTA	1.56572673898417
ATTTATTC	0.716359329241445
ATTTATTG	1.23781693819995
ATTTCAAA	3.04882303635869
ATTTCAAC	1.59541982977572
ATTTCAAG	2.13677205461654
ATTTCACA	0.311717992172687
ATTTCAGA	1.44135854211471
ATTTCAGC	1.09237427230906
ATTTCAGG	0.105695597479138
ATTTCATA	0.879354923263254
ATTTCATC	0.271319013458955
ATTTCATG	0.572832393126853
ATTTCCAA	1.56975135714476
ATTTCCAG	1.00384708759754
ATTTCCCG	1.4034677423406
ATTTCCGA	0.646874123720975
ATTTCCGG	0.0988615306097375
ATTTCCTG	0.929481023519847
ATTTCGAA	1.68649555492705
ATTTCGAC	0.975233666935743
ATTTCGAG	0.89315711484193
ATTTCGCA	1.09953267266203
ATTTCGCG	0.722246342338815
ATTTCGGA	1.15591048099975
ATTTCGGC	1.14184089448239
ATTTCGTA	0.779250474670359
ATTTCGTC	0.351210278614565
ATTTCGTG	1.05333821496741
ATTTCTAA	2.33380176292225
ATTTCTAC	0.60391867641562
ATTTCTAG	0.582591227276998
ATTTCTCA	2.15731245450169
ATTTCTCC	0.97501744461336
ATTTCTCG	1.26334702854459
ATTTCTGA	0.791289012839479
ATTTCTGC	1.4056559122431
ATTTCTTA	1.93599449272289
ATTTCTTC	1.87011299257544
ATTTCTTG	0.0872633652372028
ATTTGAAA	3.12158184784001
ATTTGAAG	1.13091013534494
ATTTGACA	1.17518093511145
ATTTGACC	2.17563369261814
ATTTGACG	0.593487390842869
ATTTGAGA	1.54108316016129
ATTTGATG	0.906960747902756
ATTTGCAA	0.562057314061515
ATTTGCAC	0.27023501888275
ATTTGCAG	0.18197739133313
ATTTGCCA	0.970740567076657
ATTTGCCC	0.60870367640992
ATTTGCGC	1.5230213888317
ATTTGCGG	0.077321462854108
ATTTGCTA	0.508486071468313
ATTTGCTC	0.832464950431634
ATTTGCTG	0.498646514317812
ATTTGGAA	1.87464501245255
ATTTGGCC	0.0308588894797286
ATTTGGGA	1.31590346770475
ATTTGGGC	0.984488703074738
ATTTGGTA	0.38405733234859
ATTTGGTC	1.01153018745282
ATTTGGTG	2.66842166311103
ATTTGTAA	2.24180781364188
ATTTGTAC	2.43300456443081
ATTTGTAG	1.08287346346363
ATTTGTCA	0.23186348481188
ATTTGTCC	0.892909179912266
ATTTGTCG	0.0956427009705539
ATTTGTGC	0.351686688464879
ATTTGTGG	2.63432484435364
ATTTGTTA	0.940745485774842
ATTTGTTC	1.77414343552755
ATTTGTTG	1.78992910654354
ATTTTAAA	0.746192243801475
ATTTTAAC	1.61137415420317
ATTTTAAG	1.95653777557234
ATTTTACA	0.484524313702012
ATTTTACC	1.31868696973488
ATTTTACG	1.54906320533931
ATTTTAGA	0.437315773315416
ATTTTAGC	1.13975074536604
ATTTTAGG	1.21313732232334
ATTTTATA	1.38188298863835
ATTTTATC	1.23465576784674
ATTTTATG	0.428737513045473
ATTTTCAA	0.396304885429345
ATTTTCAC	0.346840425479239
ATTTTCAG	0.890772903367138
ATTTTCCA	0.878301920553257
ATTTTCCG	1.94402066532968
ATTTTCGA	1.02923014676296
ATTTTCGC	0.757329134886264
ATTTTCGG	2.09846394576024
ATTTTCTA	1.11262637576438
ATTTTCTC	1.74954310116915
ATTTTCTG	0.478370626407038
ATTTTGAA	1.52915921982303
ATTTTGAC	2.20485397726475
ATTTTGAG	2.19077574185451
ATTTTGCA	0.620716988641428
ATTTTGCG	0.406672025046456
ATTTTGGA	1.13334984388248
ATTTTGGC	0.679335580980087
ATTTTGGG	0.845843346258443
ATTTTGTA	0.995084317612499
ATTTTGTC	0.810783617425382
ATTTTGTG	1.93863889172561
ATTTTTAA	0.912475137864556
ATTTTTAC	2.0652709363104
ATTTTTAG	0.797145754811715
ATTTTTCA	0.849468673863703
ATTTTTCC	1.99378351208468
ATTTTTCG	1.67004247767598
ATTTTTGA	2.19189577348444
ATTTTTGG	1.01373421365896
ATTTTTTA	1.54316826409012
ATTTTTTC	0.614854480740594
ATTTTTTG	1.12308072505151
CAAAAAAA	3.50028155141053
CAAAAAAC	1.20376696761241
CAAAAAAG	1.56888070192664
CAAAAACA	2.22601205225084
CAAAAACC	0.901170314109383
CAAAAACG	2.17236873555018
CAAAAAGA	0.465374944090844
CAAAAAGG	1.50110509423513
CAAAAATA	1.41620612009316
CAAAAATC	0.936165896986804
CAAAAATG	0.823225049855204
CAAAACAA	1.67183135702314
CAAAACAC	0.552211990982419
CAAAACAG	0.816678558674572
CAAAACCA	2.09201043017823
CAAAACCG	0.117288717664152
CAAAACGA	0.319041442231743
CAAAACGC	0.0482662279135776
CAAAACGG	1.0768999614373
CAAAACTA	1.20895990705494
CAAAACTC	1.67457882199954
CAAAACTG	0.619080185661
CAAAAGAA	1.52907993830483
CAAAAGAC	2.16219403379999
CAAAAGAG	1.20041191791013
CAAAAGCC	0.725022636958191
CAAAAGCG	0.0453248835881158
CAAAAGGG	1.63746498110385
CAAAAGTA	1.3398385580513
CAAAAGTC	0.554397277920619
CAAAAGTG	1.75745827965046
CAAAATAA	1.36792799995186
CAAAATAC	1.51890235359034
CAAAATAG	1.18891321480589
CAAAATCA	1.74739024757931
CAAAATCC	1.00735853811301
CAAAATCG	0.744597243803374
CAAAATGA	1.66263470091119
CAAAATGC	1.02948889280874
CAAAATGG	1.17109865766489
CAAAATTA	1.21828053063172
CAAAATTC	0.965020765908596
CAAAATTG	1.28197458161775
CAAACAAA	0.618194394880312
CAAACAAC	1.85840815752386
CAAACAAG	2.67854158853955
CAAACACA	0.786596988443804
CAAACACC	0.334298810040046
CAAACACG	1.76002700084035
CAAACAGA	0.43960484696836
CAAACAGC	1.619342667524
CAAACAGG	0.272646618518376
CAAACATA	1.82484757012598
CAAACATG	0.352927083854273
CAAACCAA	2.24306046162954
CAAACCCA	0.625847223610463
CAAACCCG	0.162092145084792
CAAACCGA	0.864134313249756
CAAACCGC	0.58386405601475
CAAACCGG	0.600572996347307
CAAACCTA	0.415341098691799
CAAACCTC	0.672729989031338
CAAACCTG	0.248800179324011
CAAACGAA	1.39701278527645
CAAACGAC	1.2934076972842
CAAACGAG	1.25592123325294
CAAACGCG	0.356225195011663
CAAACGGC	0.418726419519217
CAAACGGG	0.331877840770449
CAAACGTA	2.12764531038882
CAAACGTC	0.144934903803832
CAAACGTG	0.377047404656988
CAAACTAA	3.06664912535688
CAAACTAC	1.00296706274545
CAAACTAG	0.916800305053256
CAAACTCA	0.620144720228191
CAAACTGA	0.383745972204362
CAAACTGC	0.206987106621906
CAAACTGG	0.167349230482956
CAAACTTA	1.9326026852258
CAAACTTC	0.760457151150047
CAAACTTG	0.55746547267521
CAAAGAAA	3.55312772848268
CAAAGAAC	1.37002031129143
CAAAGAAG	0.41092079368125
CAAAGACA	0.439815303362144
CAAAGACC	2.03184584823454
CAAAGACG	0.439281234225864
CAAAGAGA	0.262081995846824
CAAAGATA	1.00323878213057
CAAAGCAA	0.281415154432014
CAAAGCAC	0.186189402173118
CAAAGCCA	0.782197584924417
CAAAGCCG	0.963969925421822
CAAAGCGC	0.00146346475198335
CAAAGCGG	0.408127922017159
CAAAGCTC	0.49963392959002
CAAAGGAA	0.483474193956313
CAAAGGAC	0.685892883276838
CAAAGGAG	0.427565588058167
CAAAGGCA	0.843392105863714
CAAAGGGC	0.803416202160774
CAAAGGGG	0.0203238171922341
CAAAGGTA	0.654219916753344
CAAAGGTG	0.313431914448097
CAAAGTAA	1.74668320058512
CAAAGTAC	0.0592640159709667
CAAAGTCA	0.0433644678651921
CAAAGTCG	0.839941918339581
CAAAGTGA	1.71205231269145
CAAAGTGC	1.08919868713435
CAAAGTGG	0.199111568899704
CAAAGTTA	1.37569326428965
CAAAGTTC	1.83169028588827
CAAAGTTG	0.164832402650438
CAAATAAA	1.29958877274001
CAAATAAC	1.72049579438044
CAAATACA	1.33360630997919
CAAATACC	1.16553597805109
CAAATACG	0.926515894738925
CAAATAGC	0.483701227394812
CAAATATA	1.52252407749022
CAAATATC	2.67207726184142
CAAATATG	0.238619711645223
CAAATCAA	1.39402026833469
CAAATCAC	0.472322888050031
CAAATCAG	1.02327538400458
CAAATCCA	0.168065647111114
CAAATCGA	2.62341138300198
CAAATCGC	1.0886242564979
CAAATCTA	0.757133093313972
CAAATCTG	0.0666371971641701
CAAATGAA	1.93777328169501
CAAATGAC	0.144712915552852
CAAATGCA	0.987496355579063
CAAATGCC	2.09128536465717
CAAATGCG	1.25427217767425
CAAATGGA	0.593074406207121
CAAATGGC	0.916800305053256
CAAATGTA	0.782606245113717
CAAATGTG	1.04306981687752
CAAATTAA	0.807424964017724
CAAATTAC	0.658127774859848
CAAATTAG	1.50673264054564
CAAATTCA	0.998744240789341
CAAATTCG	0.114314939990333
CAAATTGC	0.119112192582902
CAAATTTA	1.2700873990743
CAAATTTC	0.0971425631468063
CAAATTTG	1.65270288890314
CAACAAAA	2.75683785369706
CAACAAAC	1.09808542458423
CAACAAAG	1.84321926011765
CAACAACA	0.88012611621308
CAACAACC	0.113958173158404
CAACAACG	1.53767549636056
CAACAAGA	0.888851407662243
CAACAAGC	0.182722637604271
CAACAATA	1.31700403932568
CAACAATC	0.862178221973279
CAACAATG	0.115251182646245
CAACACAA	2.65240535495117
CAACACAC	0.549886880275744
CAACACAG	0.689348836729566
CAACACCA	0.609715596878665
CAACACCC	0.262081995846824
CAACACGG	0.426156539257315
CAACACTA	1.17201327808856
CAACACTC	1.22835504937255
CAACAGAA	0.655196520909432
CAACAGAG	0.208438679146159
CAACAGCA	0.981956739679652
CAACAGGA	0.144765529651299
CAACAGTA	2.20071980646082
CAACAGTG	0.232860990459133
CAACATAA	0.759745058968338
CAACATAC	0.963674421581235
CAACATAG	0.1852192846867
CAACATCA	0.755541697021245
CAACATCC	1.17680116104716
CAACATCG	0.0479714448140629
CAACATGA	0.48147341673321
CAACATGC	0.235763414766565
CAACATTA	1.52383078105848
CAACATTC	0.113225900226605
CAACATTG	0.435640771058036
CAACCAAA	1.64131662140654
CAACCAAC	1.40425335011192
CAACCAAG	1.15463116559233
CAACCACA	0.198089558055912
CAACCACG	0.272900319376637
CAACCAGA	0.287822542585247
CAACCAGG	0.501193613275464
CAACCATA	0.182809126533223
CAACCATC	0.655825727867562
CAACCATG	0.561983798471907
CAACCCAA	2.40387365167745
CAACCCGA	0.773971046298882
CAACCCTA	0.0313425067407881
CAACCGAA	0.000943810437192846
CAACCGAC	0.106166962141929
CAACCGAG	0.224698597789238
CAACCGCA	1.5770466983019
CAACCGCG	1.59467890795103
CAACCGTA	0.73391009514914
CAACCGTC	0.588051561658201
CAACCTAA	0.763785533432571
CAACCTAC	1.06318425878758
CAACCTAG	1.27795068419823
CAACCTCA	0.161729612324266
CAACCTCG	0.167979158182162
CAACCTGC	0.141548862235339
CAACCTTA	2.34825982887881
CAACCTTC	0.205003627184593
CAACCTTG	0.433947029532714
CAACGAAA	1.1855725799251
CAACGAAC	0.990902577897644
CAACGAAG	1.14685797310272
CAACGACA	0.885206620047967
CAACGACC	0.922832187106622
CAACGAGG	0.380173979438621
CAACGATA	1.39828345179098
CAACGATC	1.14018967668047
CAACGCAA	0.80075306389011
CAACGCCA	2.38745805296225
CAACGCGA	0.509173658453485
CAACGCTA	0.654711462166223
CAACGCTG	0.474690522480107
CAACGGAA	0.115101989243801
CAACGGAC	0.081361937318341
CAACGGGA	0.0482546960563835
CAACGGGG	1.13593730434031
CAACGGTA	0.363899645974053
CAACGTAA	1.80891630941292
CAACGTAC	1.50720544669058
CAACGTAG	1.75996357562578
CAACGTCA	1.40362198093057
CAACGTCC	0.142336632229882
CAACGTCG	0.35162110102709
CAACGTGC	1.44860775584308
CAACGTGG	0.139894761469122
CAACGTTA	1.62742361645246
CAACGTTC	1.99188940454062
CAACGTTG	1.14161530252604
CAACTAAA	0.513558647151379
CAACTAAC	2.07415551153705
CAACTAAG	0.0652951772832575
CAACTACA	1.96850279815185
CAACTACC	0.632867962418184
CAACTAGA	1.21765348589682
CAACTAGC	0.17876865206899
CAACTAGG	0.716098420972438
CAACTATA	0.0306988849611656
CAACTATC	0.248736754109447
CAACTATG	0.335188204526107
CAACTCAA	0.17133492862552
CAACTCGA	1.04091696328767
CAACTCGC	0.301013545732662
CAACTCGG	0.535241421639781
CAACTCTA	0.871129826119868
CAACTCTC	1.27792762048384
CAACTGAA	0.0970214786462736
CAACTGAG	0.724951283591805
CAACTGCA	0.308112845317515
CAACTGGA	0.366990904443031
CAACTGTA	0.763678863753529
CAACTGTC	0.0729062030310813
CAACTTAA	2.26640814800028
CAACTTAC	1.87882386920311
CAACTTAG	1.26334702854459
CAACTTCA	0.231573026158815
CAACTTCC	0.457244264028231
CAACTTGA	1.36238910479352
CAACTTGC	1.72420040350391
CAACTTGG	0.524451927752952
CAACTTTA	1.58839260429833
CAACTTTC	0.600690477142466
CAAGAAAA	1.17218481446432
CAAGAAAC	2.36389414426913
CAAGAAAG	0.323959058583769
CAAGAACA	0.810796590764725
CAAGAAGA	0.897361918271172
CAAGACAA	0.421865967640194
CAAGACCA	0.128124338979756
CAAGACCG	0.100317427580439
CAAGACGA	1.0419238385689
CAAGACGG	0.531889254901796
CAAGACTA	0.945825989609729
CAAGACTG	0.859822840141471
CAAGAGAG	0.92406393360312
CAAGAGTA	1.16644339106402
CAAGAGTC	0.0815147344261565
CAAGAGTG	0.794558294353884
CAAGATAA	2.00651612390864
CAAGATAC	1.48154706443466
CAAGATCA	0.0877239187838758
CAAGATGG	0.969659455464751
CAAGATTA	0.890488931383743
CAAGCAAA	1.1966294687506
CAAGCAAC	1.27186979175179
CAAGCAAG	0.316587318872715
CAAGCACC	0.907858791281712
CAAGCACG	0.369495479677282
CAAGCAGA	0.965036622212238
CAAGCATA	1.08221614760359
CAAGCCGA	0.66714712866745
CAAGCCTA	0.0534692577311459
CAAGCCTC	0.986302808359518
CAAGCCTG	0.778006475575592
CAAGCGAA	0.0661449310102159
CAAGCGCG	0.253787707560274
CAAGCGGA	0.0877174321142043
CAAGCGTG	0.0172909387502993
CAAGCTAA	1.43446681595934
CAAGCTCA	0.351210278614565
CAAGCTCC	0.200454309521691
CAAGCTTA	0.720995135833301
CAAGGAAC	0.0679712888932641
CAAGGAAG	1.10875383397052
CAAGGACA	0.776728601650318
CAAGGATA	0.0182509658616724
CAAGGATC	0.436958285742413
CAAGGATG	0.288229040551326
CAAGGCAG	0.907822754227983
CAAGGCGC	1.15753431064083
CAAGGGAA	0.207332341596641
CAAGGGAC	0.906891556759593
CAAGGGCG	0.201368929945364
CAAGGGTA	0.179960037065312
CAAGGTCG	0.494516667960328
CAAGGTTA	0.519635935892443
CAAGTAAA	0.666497020218156
CAAGTACA	0.822141055278999
CAAGTACG	0.762659015132964
CAAGTAGA	0.891796355693077
CAAGTAGG	0.692874702066532
CAAGTATA	1.54331601601041
CAAGTATC	0.126687181276995
CAAGTATG	1.03679792804631
CAAGTCAA	1.64788185185511
CAAGTCAC	0.736155924337606
CAAGTCAG	0.547887544534791
CAAGTGAA	0.928794878016824
CAAGTGCA	0.803702336367392
CAAGTGCG	0.861549735756224
CAAGTGTA	0.156876141927879
CAAGTGTG	0.398591796859066
CAAGTTAA	0.307805809619734
CAAGTTAC	0.61736770486774
CAAGTTAG	0.472939121668818
CAAGTTCA	1.66831269909692
CAAGTTCG	0.895113206118407
CAAGTTGA	1.05995173506798
CAAGTTGC	0.620587255247999
CAAGTTGG	0.0868446146728578
CAAGTTTA	0.807192885391702
CAAGTTTC	0.478416753835813
CAATAAAA	2.68578719856255
CAATAAAC	1.4385635082274
CAATAAAG	1.05608351772058
CAATAACA	0.706165167482238
CAATAACC	0.847181762433983
CAATAACG	1.29941435339995
CAATAAGA	0.949307889741143
CAATAAGC	0.853488967577847
CAATAAGG	0.400870059395891
CAATAATA	1.45780585343719
CAATAATC	0.0760464718931331
CAATACAA	1.06292190903642
CAATACAC	1.12431895821768
CAATACAG	0.226467296386317
CAATACCA	0.376307924314443
CAATACCC	0.618498547613795
CAATACCG	0.695894607169124
CAATACGA	0.617574557556151
CAATACGC	1.43102167362273
CAATACGG	0.256863830466687
CAATACTA	0.638310278272524
CAATACTG	0.1707338305693
CAATAGAA	1.36065932621447
CAATAGAC	0.289858636121007
CAATAGAG	0.950587205148566
CAATAGCA	0.0843479675904268
CAATAGGA	0.234024987294619
CAATAGTA	0.742239699748343
CAATAGTG	1.51307588274323
CAATATAA	1.97983573080893
CAATATAC	1.50705697402921
CAATATAG	0.443339006475886
CAATATCA	0.734844896322902
CAATATCG	0.881096233699499
CAATATGC	0.489999783645781
CAATATGG	0.543136419370998
CAATATTA	0.749478823101671
CAATATTC	0.933021303678304
CAATCAAA	1.08864876169443
CAATCAAG	0.913036595161671
CAATCACA	0.862232998294948
CAATCACC	1.16152937841736
CAATCACG	0.253666623059741
CAATCAGC	0.612853703517493
CAATCAGG	1.01925797325473
CAATCATA	0.339811758519695
CAATCATG	0.130161873997663
CAATCCAA	0.888851407662243
CAATCCAG	1.91203705940303
CAATCCCA	0.701686482444647
CAATCCGA	0.227097224085522
CAATCCGC	0.480070854602031
CAATCCTA	1.22909813342046
CAATCCTG	1.73338552775867
CAATCGAA	0.0575983833475559
CAATCGCA	1.2430970873125
CAATCGCG	0.281413712949865
CAATCGGA	0.469812546887184
CAATCGTA	1.56445102728212
CAATCGTC	0.000331901264854818
CAATCTAA	0.713161401093425
CAATCTAG	1.17381513077507
CAATCTCC	0.038097292091982
CAATCTCG	0.287544336530451
CAATGAAC	0.978089243073325
CAATGAAG	1.07927408253705
CAATGACA	1.07348364874368
CAATGACG	0.299337101993129
CAATGATA	1.12934684795412
CAATGATC	0.545847847293661
CAATGATG	1.36526990686871
CAATGCAC	0.123929625925557
CAATGCCA	0.421865967640194
CAATGCGC	0.842922903424146
CAATGCTA	0.501222442918448
CAATGCTG	0.202825547657139
CAATGGAC	1.11492121534591
CAATGGCA	0.250549417912076
CAATGGGA	0.276937190135496
CAATGGTA	0.866819794493732
CAATGGTG	0.0662552043946306
CAATGTAA	0.322568028309783
CAATGTAC	0.819543504446124
CAATGTCA	0.422126875909201
CAATGTCC	0.614523660587351
CAATGTGA	1.3598211043447
CAATGTGC	0.267088263351027
CAATGTTA	0.805029220685739
CAATGTTC	0.396271731339913
CAATTAAA	0.987927358741677
CAATTAAC	1.24357205568067
CAATTACA	0.928422975622328
CAATTACC	0.282946008474475
CAATTACG	1.41642522537984
CAATTAGA	1.14906344079101
CAATTAGG	0.417534313781821
CAATTATA	1.5613410295452
CAATTATC	1.01661285351094
CAATTATG	1.72845349658515
CAATTCAA	0.96842122229858
CAATTCAC	0.178488283790969
CAATTCCA	0.310288762621746
CAATTCCC	0.277099356877283
CAATTCGC	0.625775870244077
CAATTCTA	0.811179304275339
CAATTCTC	1.22280462235702
CAATTGAA	0.905733325852703
CAATTGAC	0.0748392305931705
CAATTGCG	1.45736764286383
CAATTGGG	0.734686333286488
CAATTGTA	1.06253991626688
CAATTTAA	1.71891737142706
CAATTTAC	0.696618951949104
CAATTTAG	1.72352002392948
CAATTTCA	0.444830940500318
CAATTTCG	0.92406393360312
CAATTTGA	1.11792166043949
CAATTTGG	1.6337344253017
CAATTTTA	1.23201785551368
CAATTTTC	1.47661142955577
CACAAAAA	3.66605848523924
CACAAAAC	0.618498547613795
CACAAAAG	1.10656566406802
CACAAACA	2.54634758508204
CACAAACC	0.00930152393830798
CACAAACG	3.33434028861682
CACAAAGA	2.52876871027244
CACAAAGC	0.966531439200966
CACAAAGG	0.682628646949954
CACAAATA	2.2145277639681
CACAAATC	0.814872381541611
CACAAATG	0.226274137778322
CACAACAA	1.71486031991811
CACAACAC	1.44903443455925
CACAACGA	1.18167048774719
CACAACGC	0.415863635970887
CACAACGG	0.805378059365848
CACAACTA	1.15646689310934
CACAACTG	0.117700260817751
CACAAGAA	0.865526064264817
CACAAGAG	1.0885759668459
CACAAGCA	0.742239699748343
CACAAGCG	0.50020836022648
CACAAGTA	0.80145578643785
CACAAGTC	0.291759230334739
CACAATAA	2.12559624351372
CACAATAC	1.17272681175242
CACAATAG	0.834807358924098
CACAATCA	0.398496659037217
CACAATGA	1.23176703761972
CACAATGG	0.26263552499212
CACAATTA	2.32665561516754
CACAATTC	0.585844652487763
CACACAAA	1.36863648842819
CACACAAC	0.820019193555363
CACACAAG	0.0599544859204382
CACACACA	0.20967547083018
CACACACC	0.199060396283405
CACACACG	1.52164333189706
CACACATA	1.10789903505604
CACACATG	0.295401134984714
CACACCAA	1.99131713612738
CACACCAG	0.330038509548058
CACACCTA	1.08129071606379
CACACCTC	0.607259311296413
CACACGAA	1.50882495188522
CACACGAC	1.29642471942249
CACACGCA	0.530549397244106
CACACGCG	1.01482541564592
CACACGTA	0.814678502192544
CACACGTG	1.85883339475788
CACACTAA	0.522717103986379
CACACTAC	0.938343255773185
CACACTAG	1.32721045368315
CACACTCA	0.212049591929928
CACACTCG	0.0454834466245284
CACACTGC	0.186360938548874
CACACTTA	1.73835864117344
CACACTTC	0.470880685159747
CACAGAAA	1.27195123549322
CACAGACC	0.272476523624769
CACAGAGA	0.620753746436233
CACAGATA	1.03245113862537
CACAGATC	0.49072268694361
CACAGATG	0.257771964220689
CACAGCAA	0.357091525783338
CACAGCAC	0.963723431974307
CACAGCCA	0.290766769875009
CACAGCGC	0.0128915352309132
CACAGCGG	0.167860956645927
CACAGGAA	0.890966061975133
CACAGGCA	0.0234323734470047
CACAGGTC	0.475130174535617
CACAGTAA	1.43370138893811
CACAGTAG	0.247941055963083
CACAGTCA	0.210887036576591
CACAGTGA	0.0461104913594342
CACAGTGG	0.174928543623497
CACAGTTA	1.3689031626258
CACAGTTC	1.53008320988068
CACATAAA	0.403525990255809
CACATAAC	1.71751192633158
CACATACA	0.612307381782942
CACATACC	1.28745293452582
CACATAGA	1.23163297977985
CACATATA	0.0564459183692626
CACATATG	1.12443427678962
CACATCAA	0.328782257855023
CACATCAC	0.213049980541478
CACATCAG	0.257175190610915
CACATCCC	0.271614517299543
CACATCCG	1.56283800875715
CACATCTC	0.114918200269777
CACATGAC	0.323742115520314
CACATGAG	1.92107947692502
CACATGCA	1.61340880625678
CACATGCC	0.245269268799525
CACATGTA	0.946659166291971
CACATGTC	0.267167544869233
CACATTAA	1.6281688627236
CACATTAC	0.996578413860154
CACATTCA	2.67843780182481
CACATTCC	0.0574809025523954
CACATTCG	0.702640743627422
CACATTTA	0.924438718961915
CACATTTC	2.47336462312651
CACCAAAA	1.208390521606
CACCAAAG	1.64778383106896
CACCAACA	1.56236952705866
CACCAACG	1.02524516936147
CACCAAGA	0.0607905455669793
CACCAAGC	0.743440454378634
CACCAATA	2.15964188965481
CACCAATG	0.337506107822034
CACCACAA	0.519493229159673
CACCACCG	0.713300504120824
CACCACGC	0.0163770390677007
CACCACGG	0.793840436243578
CACCAGAC	1.20022884967718
CACCAGAG	0.478856405891321
CACCATAA	0.87841651838412
CACCATAC	0.109694989702119
CACCATCG	0.200819004505441
CACCATTA	0.474874311454133
CACCATTC	0.513328730748581
CACCCAAA	0.456044950880089
CACCCCAA	1.0568237188042
CACCCTAA	0.967393445526193
CACCGAGA	0.136318444256934
CACCGATA	1.07149296189562
CACCGCAA	0.00687334725796531
CACCGCAC	0.317478154840925
CACCGCGA	0.454566710936074
CACCGTAA	1.52866479144585
CACCGTAC	0.201368929945364
CACCGTTA	0.525742054276493
CACCGTTC	0.185869393135994
CACCTAAA	1.27917738550721
CACCTACA	0.671588335169162
CACCTAGC	0.305927558379314
CACCTAGG	1.14399807251868
CACCTATA	0.726582320643635
CACCTATC	0.0246569125327568
CACCTCAA	0.345224523989975
CACCTCTA	0.0860035098387941
CACCTCTG	0.161942951682348
CACCTGAA	0.666064575573393
CACCTGAC	0.574958579296937
CACCTGGC	0.0934141695678773
CACCTGTA	0.890393793561896
CACCTTAA	0.474073568120246
CACCTTAC	0.540351475858727
CACCTTCA	0.0866723575560263
CACCTTGA	0.127538376486102
CACCTTTA	1.06145664243175
CACCTTTC	1.43496845174727
CACGAAAA	0.106050202087844
CACGAACA	1.03719073193197
CACGAACC	1.38211218430007
CACGAACG	0.268758220420886
CACGAAGA	0.163545159091193
CACGAAGC	0.558705868064605
CACGAATA	1.12340145482971
CACGAATC	1.99763947683381
CACGAATG	0.0233076852410983
CACGACAA	0.0122118763975597
CACGACAC	0.173112276115494
CACGACAG	0.272717251143688
CACGACGC	0.228707359646188
CACGACGG	0.571540825121162
CACGACTA	0.234417070439204
CACGACTG	1.02386639168576
CACGAGAA	0.558181168562293
CACGAGCA	0.0191590996156739
CACGAGTA	0.376088819027764
CACGATAA	1.97863930062509
CACGATAC	0.139251860430574
CACGATGA	0.555168470870447
CACGATGC	0.0262555162362298
CACGATTA	0.751715282656168
CACGATTC	0.969518190214128
CACGCACA	0.764594204918276
CACGCACG	0.895385646244608
CACGCAGA	0.0830037854862909
CACGCATC	0.468102949058222
CACGCCAA	0.945856260734861
CACGCCTA	0.06411676562628
CACGCGAC	0.672329977734931
CACGCGCA	0.556104713526358
CACGCGCC	0.564748561234089
CACGCGCG	2.10923614186127
CACGCGTA	0.00666433234633003
CACGCGTC	1.77791867727633
CACGCGTG	4.39689714229895
CACGCTAA	0.767107429045422
CACGCTCC	0.420242858740184
CACGCTTA	0.0485408302630018
CACGGAAC	1.12254665591523
CACGGAAG	0.0537395356341236
CACGGATA	1.08851110014918
CACGGCAA	0.28919555433237
CACGGCAC	0.211540748731257
CACGGCCA	0.55392158881138
CACGGCTG	0.980718506513481
CACGGGAA	0.133687739334628
CACGGGCA	0.498734444728913
CACGGGTA	0.363315845703622
CACGGTAA	0.392547662207432
CACGGTAC	1.01924499991539
CACGGTAG	1.95969822518448
CACGGTGA	0.0531651049976637
CACGTAAA	0.891048226457637
CACGTAAC	0.840053633206145
CACGTAAG	0.228537264752581
CACGTACA	0.626392824603937
CACGTAGC	0.0318744136538471
CACGTATA	0.262340021151531
CACGTATG	0.772272980327114
CACGTCCA	0.039896261814194
CACGTCGA	0.888126342141189
CACGTCGC	0.682628646949954
CACGTCTC	0.761261498189306
CACGTCTG	0.185274061008371
CACGTGAA	0.59767777945062
CACGTGAC	0.977071556675983
CACGTGCA	2.81505355177502
CACGTGCC	13.1654763004018
CACGTGCG	1.54215994732675
CACGTGGA	0.0703951411271586
CACGTGGG	0.0308005094526855
CACGTGTA	1.68600761321954
CACGTGTC	6.36754955070581
CACGTTAA	1.44938327323936
CACGTTAC	2.42256967515269
CACGTTAG	0.443881724505063
CACGTTCA	0.257771964220689
CACGTTCC	0.957820562573297
CACGTTCG	1.58128321433843
CACGTTGA	1.4909570599047
CACGTTGC	0.747350474708364
CACGTTGG	0.0998172332746641
CACGTTTA	1.43722292982863
CACGTTTC	1.75982303111623
CACTAAAA	1.6098973557413
CACTAAAC	1.56039037206779
CACTAAAG	0.267914232622523
CACTAACC	0.654822456291712
CACTAAGC	0.536544521502666
CACTAATA	1.95139528800504
CACTAATG	1.5203733861236
CACTACAC	1.4919444751769
CACTACCA	0.264470531768063
CACTACCG	0.0760601659735505
CACTACGA	0.0916238487385602
CACTACGG	0.670425779815827
CACTACTA	1.07525378882291
CACTACTG	0.481029440231254
CACTAGAC	0.0245199717285819
CACTAGGC	0.552667499341568
CACTAGTA	1.35812015540864
CACTATAA	0.861547573533
CACTATAC	0.0418847864390284
CACTATCA	1.37559019831598
CACTATCC	0.979006025720223
CACTATCG	1.16572409147156
CACTATGC	1.78724002159419
CACTATTA	0.970344159485624
CACTATTC	0.371745633312198
CACTCAAA	1.02119748748649
CACTCAAC	0.540133812054197
CACTCACA	0.722937533029359
CACTCACC	0.990959516442537
CACTCATA	0.191998575234429
CACTCATC	0.449352149261311
CACTCCAA	0.547917815659925
CACTCGCG	0.753606507235931
CACTCGTA	0.298844835839175
CACTCTAA	1.50875936444743
CACTCTAC	0.404684941903772
CACTCTAG	0.884854177662485
CACTCTCA	0.249897147239559
CACTCTCC	0.608569618570043
CACTCTGG	0.26187946760486
CACTCTTA	0.637331511893211
CACTGAAA	0.587748850406868
CACTGAAC	0.71064673548413
CACTGCAA	0.473059485428278
CACTGCAG	0.534498337591863
CACTGTAA	0.848660002377997
CACTGTGA	0.668833662782024
CACTGTGC	0.174928543623497
CACTGTTA	1.30369987982955
CACTGTTC	0.438304630069774
CACTTAAA	0.0433457285972521
CACTTAAC	1.04894673959984
CACTTAAG	0.832764778718668
CACTTACA	0.637500165304668
CACTTACC	0.393558861935102
CACTTAGA	0.739246462065511
CACTTAGG	0.875563104469759
CACTTATA	2.37592115058106
CACTTATC	1.31765342703389
CACTTATG	0.251138984111102
CACTTCAG	0.303372531269841
CACTTCGC	0.184028620431454
CACTTCTC	0.472939121668818
CACTTCTG	0.981237440087197
CACTTGAG	1.13439563918173
CACTTGCA	1.16259463372563
CACTTGCC	0.834452754315393
CACTTGGA	0.025592434447593
CACTTGGC	0.114488638589313
CACTTGTA	0.506598450593924
CACTTTAA	1.2984226136813
CACTTTAC	1.55441398707718
CACTTTCA	1.27400318533262
CACTTTCC	0.346392124530836
CACTTTCG	0.0373880828745706
CACTTTGA	0.56332725983497
CACTTTGG	1.45125431706903
CACTTTTA	0.914011757835612
CACTTTTC	1.40717379294622
CAGAAAAA	0.964805264327289
CAGAAAAC	1.59704149719358
CAGAAAAG	2.86368627652503
CAGAAACA	1.58194989983244
CAGAAACC	0.642099214101719
CAGAAACG	1.96046941813431
CAGAAAGA	0.530788683280874
CAGAAAGC	0.130161873997663
CAGAAAGG	1.19276845881395
CAGAAATA	0.603103518260243
CAGAAATG	0.255827404801406
CAGAACAA	0.224229395349668
CAGAACAC	0.963386125151393
CAGAACAG	0.931621624511423
CAGAACCA	0.268897323448284
CAGAACGA	0.00471544848060031
CAGAACGC	0.242077827321174
CAGAACGG	1.33740317396021
CAGAACTA	0.552325868072206
CAGAACTC	0.412246957258523
CAGAACTG	1.3020609146259
CAGAAGAA	0.568313346589083
CAGAAGCA	1.30994942568745
CAGAAGCC	0.827591299285158
CAGAAGGA	0.148826184865621
CAGAAGTA	1.03560005638032
CAGAAGTC	0.835652067463535
CAGAATAA	0.679682978178047
CAGAATAC	0.31974560626163
CAGAATAG	0.471256191259617
CAGAATCA	0.306808303972481
CAGAATCC	0.270124745498334
CAGAATCG	0.157124797598617
CAGAATGA	0.439815303362144
CAGAATGC	0.191653340259695
CAGAATTA	1.12612945979709
CAGAATTC	0.0267319260865434
CAGACAAA	1.92548536711408
CAGACAAC	0.955688610474617
CAGACAAG	1.0226872592877
CAGACACA	0.573868818792135
CAGACACC	0.504367756968022
CAGACACG	0.272900319376637
CAGACATA	0.502799424389683
CAGACCAC	0.706341028304443
CAGACCCA	0.665832496947372
CAGACCGG	0.299019975920304
CAGACGAA	1.69558193765459
CAGACGAC	0.792788154274656
CAGACGCA	0.0273063567230032
CAGACGCG	0.346033916216756
CAGACGGC	0.453616053458671
CAGACTAA	0.131672547290033
CAGACTAG	0.329876342806272
CAGACTGA	0.510776586603406
CAGACTTC	0.0654162617837901
CAGAGAAA	0.983556784865274
CAGAGAAC	0.788041353557311
CAGAGAAG	0.349280134016774
CAGAGATA	0.539085854531721
CAGAGCAG	0.126879619143914
CAGAGCCA	0.0828495468963249
CAGAGGCA	0.421223066601646
CAGAGGTA	0.00987451309261895
CAGAGTAA	0.282997901831847
CAGAGTAC	1.8685958326134
CAGAGTGC	0.351507944678378
CAGAGTTA	0.272322285034803
CAGAGTTC	0.10899082567223
CAGATAAA	0.225298254363309
CAGATAAC	1.04895178478736
CAGATAAG	0.957017657016187
CAGATACA	0.276599883312582
CAGATACC	0.228082477134505
CAGATAGA	0.432786636402602
CAGATATA	0.0558433788308937
CAGATATG	0.387183186389152
CAGATCAA	1.16387755283843
CAGATCCA	0.100317427580439
CAGATCGC	0.200856483041321
CAGATCGG	0.222628629422974
CAGATCTA	0.648281010298602
CAGATGAA	0.993275978256316
CAGATGGA	1.71249052326481
CAGATGTC	0.464965563160469
CAGATTAA	1.48950476663937
CAGATTAG	0.297215961010568
CAGATTCA	0.308842235285014
CAGATTCC	0.300192621648685
CAGATTCG	0.487369799464549
CAGATTGA	0.143182782251467
CAGATTTA	0.756431091507306
CAGATTTC	0.568192262088549
CAGCAAAA	1.59018869105624
CAGCAAAC	0.254199971454949
CAGCAACA	0.81709154331032
CAGCAACG	1.15821108650989
CAGCAAGA	1.09129316069716
CAGCAATA	0.284211629801481
CAGCAATC	0.164163554933205
CAGCACAA	0.208878331201668
CAGCACGA	0.490857465524562
CAGCACTC	1.12600765455548
CAGCAGAA	0.310628231667884
CAGCAGCA	1.07819441240729
CAGCAGTC	0.111307287486009
CAGCATAA	1.05758842508435
CAGCATAG	0.609577214592341
CAGCATCA	0.168954320856101
CAGCATGA	0.720445931134453
CAGCATTA	1.0362761115083
CAGCCAAC	0.127538376486102
CAGCCAGG	0.443320987949021
CAGCCATA	0.92406393360312
CAGCCGAA	0.249150459486269
CAGCCGCA	0.133196193921748
CAGCCTGC	0.105694155996989
CAGCGAAA	0.0254439617862257
CAGCGAAG	0.0943597818577587
CAGCGACA	0.144464259882115
CAGCGAGA	0.332362899513657
CAGCGATA	0.013895527547836
CAGCGATG	0.0407957466753007
CAGCGCAC	0.179761833269795
CAGCGCGA	0.239246035639054
CAGCGCGG	0.0960996508118532
CAGCGCTA	0.0514850575527596
CAGCGCTG	0.143773789932643
CAGCGGAA	0.43896627037626
CAGCGGCG	0.0213487110003217
CAGCGTAA	0.0940779720975886
CAGCGTTA	1.47177381546302
CAGCTAAG	0.84049112303843
CAGCTAGA	1.06051751681154
CAGCTATA	0.0798332454991051
CAGCTCAA	0.718266410124848
CAGCTCTA	1.0579105963447
CAGCTGTC	1.0839214209861
CAGCTTAA	0.709845271409169
CAGCTTAG	0.282621674990902
CAGCTTCA	0.850388339474899
CAGCTTCG	0.101377637701181
CAGCTTTA	1.03797778118544
CAGGAAAA	0.584482451856761
CAGGAAAC	1.45027194698435
CAGGAACA	0.300017481567557
CAGGAACC	0.526012332179469
CAGGAAGA	0.00146346475198335
CAGGAAGC	0.346240768905168
CAGGAATG	0.17827710665611
CAGGACCA	0.326206329254386
CAGGAGAG	0.992452171208044
CAGGAGTC	0.501193613275464
CAGGATAA	1.08633446210388
CAGGATAC	1.35802501758679
CAGGATAG	0.219915760018161
CAGGATCG	0.181324399919538
CAGGATGA	0.484233855048946
CAGGATGG	0.134429381900397
CAGGCAAA	0.252537942536911
CAGGCAAC	0.245349271058806
CAGGCAGA	0.0115624886893418
CAGGCATC	0.902631977008681
CAGGCCAG	0.414820723635936
CAGGCCTA	0.181563685956306
CAGGCGAA	0.427371708709099
CAGGCGAC	0.533731469088485
CAGGCGTC	0.0487246192370257
CAGGCTAA	0.0946812323770319
CAGGGAAA	1.28006389702897
CAGGGACA	0.164163554933205
CAGGGATA	0.0293979473215049
CAGGGGTA	0.284943902733279
CAGGTACG	1.69641223137253
CAGGTAGC	0.203692599169889
CAGGTATG	1.07218631480939
CAGGTCAA	0.890774344849287
CAGGTCAC	0.168269616835226
CAGGTCCA	0.133200518368195
CAGGTGAA	0.927899717602165
CAGGTGGA	0.316188749058459
CAGGTGTA	0.687323554309929
CAGGTGTC	0.461852682459252
CAGGTTAA	1.34046704426835
CAGGTTAC	0.0567752970403577
CAGGTTAG	0.840811132075554
CAGGTTGA	0.00666433234633003
CAGTAAAA	0.908451240445038
CAGTAAAC	1.30633202623401
CAGTAAAG	1.74127908400774
CAGTAACA	1.36545657880704
CAGTAACG	0.922864620454979
CAGTAAGA	0.927807462744616
CAGTAAGG	0.113795285675544
CAGTAATA	1.86936125963463
CAGTAATC	0.80435316555776
CAGTAATG	1.02327538400458
CAGTACAA	2.12197163664954
CAGTACAC	0.540002637178618
CAGTACAG	0.647872350109301
CAGTACTG	1.01894805459266
CAGTAGAA	1.12297549685462
CAGTAGCA	0.262081995846824
CAGTAGGA	0.38405733234859
CAGTAGTA	0.863422941809122
CAGTATAA	1.21316471048418
CAGTATAC	1.71204294305748
CAGTATAG	1.31804406869633
CAGTATCG	0.539189641246465
CAGTATGC	0.135235891162878
CAGTATGG	0.735188689815487
CAGTATTA	1.37246578575757
CAGTATTC	0.089536582586505
CAGTCAAA	0.0527304981296782
CAGTCACA	0.583213947565456
CAGTCAGC	1.10343908928639
CAGTCAGG	0.219404754596267
CAGTCATA	0.0882421316165158
CAGTCATC	0.945612650251646
CAGTCGCG	0.193161851328842
CAGTCGTC	0.358880405130507
CAGTCTAG	1.08314013766123
CAGTCTGC	0.147745073253714
CAGTCTTA	1.86412723795085
CAGTCTTC	0.449858109495685
CAGTGACG	0.0461104913594342
CAGTGATG	0.143335579359284
CAGTGCAA	0.840819780968449
CAGTGCCC	0.0706301027174797
CAGTGGAA	0.22793760817851
CAGTGGCC	0.24311785669183
CAGTGGTA	0.00716740961640551
CAGTGTAA	0.443455045788898
CAGTGTAG	0.456976148348478
CAGTGTCG	0.0724924976542573
CAGTGTGA	0.121041616439617
CAGTGTGG	0.33982040741259
CAGTGTTA	1.43348372513358
CAGTGTTC	0.0870586747720157
CAGTTAAA	2.69297154559421
CAGTTACA	0.871942101310945
CAGTTACC	1.51511702146651
CAGTTACG	0.212901507880111
CAGTTAGA	0.337477998920126
CAGTTAGG	0.274648837223626
CAGTTATA	0.611504476225831
CAGTTATC	0.48863470005048
CAGTTATG	0.699331821353912
CAGTTCAA	0.15927909267061
CAGTTCAC	0.0943597818577587
CAGTTCCA	1.10334827591099
CAGTTCCG	0.0509163928448968
CAGTTCTA	1.72058372479154
CAGTTGAA	1.18202653383804
CAGTTGAG	0.624146274674395
CAGTTGTA	0.907190664305555
CAGTTTAA	3.11710604576672
CAGTTTAC	0.427536758415182
CAGTTTAG	0.778870644124042
CAGTTTCC	0.238411417474662
CAGTTTCG	0.405402079273004
CAGTTTGC	0.383745972204362
CAGTTTTA	1.57515331149892
CAGTTTTC	1.59920804486384
CATAAAAA	1.56463121255077
CATAAAAC	2.41258164534082
CATAAAAG	1.10279474676569
CATAAACA	0.743051254198349
CATAAACC	0.193591413009307
CATAAACG	0.623607160350592
CATAAAGA	0.500811620505923
CATAAAGC	0.0917636725070344
CATAAATA	0.620291751407411
CATAAATC	1.4574195362212
CATAACAA	1.20399832549736
CATAACAC	1.33298358969073
CATAACAG	2.11872397736737
CATAACCG	1.07884091715121
CATAACGA	1.67786107685329
CATAACTA	0.943800707190091
CATAACTC	1.4444750265213
CATAAGAA	0.792861669864265
CATAAGAC	0.116055529685503
CATAAGAG	1.48592340423966
CATAAGCC	0.386803355842834
CATAAGGA	0.790702329604751
CATAAGGC	0.211566695409943
CATAAGTA	1.96268353471549
CATAATAA	2.00117110809937
CATAATAC	2.20594878295708
CATAATCA	1.15225055782291
CATAATCC	0.521279946283618
CATAATCG	2.27202848690004
CATAATGC	0.7502925397749
CATAATGG	0.907858791281712
CATAATTA	1.83508209338536
CATAATTC	1.0434280251916
CATACAAA	0.736922792840985
CATACAAC	1.41883970797977
CATACAAG	1.05104625835017
CATACACA	1.25852166705012
CATACACC	0.819855585331428
CATACACG	0.247517260211216
CATACAGA	0.290812897303783
CATACATA	1.22679752791032
CATACATC	0.82416057177004
CATACATG	0.80643034133477
CATACCAA	0.192323629459078
CATACCCA	0.525524390471963
CATACCGA	0.477808448368847
CATACCTA	0.548588104859308
CATACCTC	0.441390843351231
CATACGAA	0.620820775356171
CATACGAC	0.206830705808717
CATACGAG	0.912343962988976
CATACGCA	0.238441688599796
CATACGCG	0.376088819027764
CATACGGA	0.841314209345628
CATACGGC	0.207821724786297
CATACTAA	0.0492428320696657
CATACTAC	1.26914755271301
CATACTAG	0.586663414348514
CATACTCA	1.04934026422658
CATACTCC	1.78786274188265
CATACTCG	0.795307865071473
CATACTGC	0.139254743394874
CATACTGG	0.231816636642031
CATACTTC	0.400413830295666
CATAGAAA	0.365573206749284
CATAGAAG	1.70002674786167
CATAGACA	0.21800435468831
CATAGACG	0.444894365714882
CATAGAGA	0.328865863819677
CATAGATA	1.96944048228991
CATAGATG	0.0292509161422864
CATAGCAG	0.357713525330721
CATAGCGA	0.373321173301282
CATAGCTA	0.870658461457076
CATAGGAA	1.73652795884394
CATAGGTA	1.78366010067663
CATAGTAA	1.83180632520128
CATAGTAC	1.17638673492926
CATAGTCG	0.487251597928314
CATAGTGG	0.692534512279319
CATAGTTA	1.52452773767762
CATAGTTC	0.457013626884356
CATATAAA	1.25890077685536
CATATAAC	1.59103628255998
CATATAAG	1.27792762048384
CATATACA	1.39701278527645
CATATACC	0.912075126568149
CATATACG	0.53297469096015
CATATAGG	0.684772130905829
CATATATA	0.824885637291093
CATATATC	0.612077465380144
CATATATG	1.28886558703204
CATATCAA	0.247887721123563
CATATCAC	0.969280345659509
CATATCCA	1.18534842945089
CATATCCC	0.584293617695215
CATATCCG	1.06812854255937
CATATCGA	0.168717197042555
CATATCTC	0.235101053719004
CATATGAA	0.0884122265101224
CATATGAC	1.45301580825537
CATATGCA	0.243885445936284
CATATGCG	0.710538624322938
CATATGTA	1.51712284387714
CATATGTC	0.8685178604655
CATATTAA	2.27564804857671
CATATTAC	0.157640848208034
CATATTAG	1.10679485972975
CATATTCA	0.553948256231142
CATATTCG	1.27990245102826
CATATTGC	0.445805382433183
CATATTTA	1.58726464451657
CATATTTC	1.3001567167068
CATCAAAA	1.97765837202255
CATCAAAG	1.25073405973901
CATCAACA	0.197750089009775
CATCAACC	0.926076963424489
CATCAACG	0.169280816562897
CATCAAGG	0.0465760900936298
CATCAATA	0.31360633378815
CATCAATC	0.532266202483815
CATCACAA	0.18325166155303
CATCACCA	0.000963270446208838
CATCACGC	0.961029301837437
CATCACGG	1.01442180064414
CATCACTC	0.168423134684118
CATCAGAC	1.49289224969001
CATCAGCA	1.11381704001962
CATCAGTC	0.987974206911526
CATCATAA	1.09484353123066
CATCATAG	0.0637859454730359
CATCATCG	1.10977368259109
CATCATGG	1.18701838652075
CATCATTA	0.58557797829016
CATCATTC	0.264409989517795
CATCCAAA	0.868477498965323
CATCCAAC	0.529280892952801
CATCCAAG	0.251403496085483
CATCCACA	0.0505286341467602
CATCCACC	0.267161058199562
CATCCAGA	1.7409763727564
CATCCAGC	0.144464259882115
CATCCATA	1.20848565942785
CATCCATG	0.223670100275776
CATCCCAA	0.0621095017335055
CATCCCGA	0.378023288072002
CATCCCTA	0.0359473214664357
CATCCTAA	0.406713828028784
CATCCTAC	1.13395959083159
CATCCTCA	0.62397473829864
CATCCTGA	0.158755113909373
CATCCTGC	0.156321892041508
CATCCTGG	0.210875504719398
CATCCTTA	1.21017940095317
CATCGAAG	0.655507881053661
CATCGACA	0.0372208709452617
CATCGAGC	1.26927944832966
CATCGATA	0.731448764379364
CATCGCAA	1.39898545359764
CATCGCAC	0.51629025582413
CATCGCGC	0.324189695727642
CATCGGCG	0.0858781008918132
CATCGTAA	0.580401615892351
CATCGTAC	0.528666821557238
CATCGTCA	1.27443923368276
CATCGTCC	0.53601477681283
CATCGTGC	0.889024385520147
CATCGTTA	1.67065654907154
CATCTAAA	0.0757401569364261
CATCTAAC	0.721322352281171
CATCTAGC	0.0999138125786614
CATCTCAA	0.424107472382214
CATCTCGC	0.193161851328842
CATCTCTC	0.547316717603705
CATCTGAA	1.37816108172909
CATCTGAG	0.172676227765358
CATCTGCA	0.366342958216962
CATCTGGG	0.161162389098551
CATCTGTA	0.715705617086779
CATCTTAA	2.14654242062388
CATCTTAC	0.867754595667496
CATCTTCA	0.571860834158286
CATCTTCC	0.466182174094401
CATCTTGA	0.611807187477166
CATCTTTA	2.38614630420647
CATCTTTC	1.97283733497452
CATGAAAC	0.351772456652757
CATGAAAG	1.24311870954474
CATGAACG	0.708224324732384
CATGAAGA	1.08522452084899
CATGAATA	0.480736098613889
CATGACAA	1.56965621932291
CATGACAG	0.40924579142387
CATGACCA	0.090757517966885
CATGACGA	0.839174329095127
CATGACTA	0.720445931134453
CATGAGAA	1.87557476843879
CATGAGAG	0.860483038965809
CATGAGCA	0.847338163247173
CATGAGGA	0.573414751915133
CATGATAA	0.864158818446293
CATGATAC	0.512036442001815
CATGATAG	0.0466070819598366
CATGATCC	0.145357978814625
CATGATGA	0.880093682864723
CATGATGC	0.334765129515314
CATGATTA	0.318566473863579
CATGCAAA	0.562398945330879
CATGCAAC	0.820871109505545
CATGCAAG	1.71433345819257
CATGCAGA	0.10407753376665
CATGCATC	0.261968839498111
CATGCCAA	0.490279431182728
CATGCCGA	0.424439013276532
CATGCCTA	0.392817940110408
CATGCGGC	0.0157889143508236
CATGCTAA	0.628787847194848
CATGCTAG	0.510776586603406
CATGCTCA	0.492463997379855
CATGCTTA	0.654822456291712
CATGCTTC	2.14571428912916
CATGGAAA	0.363539996177825
CATGGAAC	0.0866406449487435
CATGGATA	0.171573493921213
CATGGCAA	0.0700333291077062
CATGGCCG	0.413848443926294
CATGGCGA	0.731171999806717
CATGGCTC	0.0587263431293123
CATGGTAA	1.30314202623781
CATGGTAG	0.985649816945926
CATGGTCG	0.373321173301282
CATGGTGA	0.197770990500938
CATGGTTA	0.373595054909632
CATGTAAA	0.847822501249307
CATGTAAC	0.484757833810183
CATGTACA	1.51155151537044
CATGTAGA	1.10371873682334
CATGTAGC	0.132023548193366
CATGTAGG	0.259334530870431
CATGTATA	0.114389897062092
CATGTCCA	0.199526715758675
CATGTCCG	0.267167544869233
CATGTCGA	0.510333330842524
CATGTCGG	0.771939277209571
CATGTGAC	0.55528955537098
CATGTGCA	0.136386914659023
CATGTGGA	0.655266432793669
CATGTGTC	0.425569856022586
CATGTTAA	0.744143897667449
CATGTTAC	1.03829995244579
CATGTTAG	0.420793504921183
CATGTTGA	0.351772456652757
CATGTTGC	0.683121633844984
CATGTTGG	0.500611254487184
CATGTTTA	0.255041797030087
CATGTTTC	1.08204749419213
CATTAAAA	0.456609291141505
CATTAAAC	1.52281886058974
CATTAAAG	0.659341502829482
CATTAACA	0.867854778676865
CATTAACC	1.81188071745277
CATTAACG	1.60316923780987
CATTAAGA	1.08101395149115
CATTAAGC	0.956425207852862
CATTAATA	1.54049719766764
CATTAATC	2.74569015149616
CATTAATG	0.537391392265327
CATTACAA	1.1464269699401
CATTACAC	1.41684325520312
CATTACAG	1.56586800423479
CATTACCA	1.28718265662284
CATTACCC	0.331916040047403
CATTACGA	0.958183095333824
CATTACGC	0.401532420443451
CATTACGG	0.432718886741588
CATTACTA	1.65759239635326
CATTACTC	0.415282718664756
CATTAGAA	1.64522520025412
CATTAGAC	0.404493945519002
CATTAGCA	1.57096220215009
CATTAGGA	0.0351148655252683
CATTAGTC	0.566471132402394
CATTATAA	1.31120567738048
CATTATAC	1.01556345450631
CATTATAG	0.856841855056908
CATTATCA	1.74459233072769
CATTATCC	1.24593032047677
CATTATCG	0.275927431889975
CATTATGA	0.529519458248496
CATTATGC	0.67431634013654
CATTATGG	1.48868095959109
CATTATTA	0.449631076057184
CATTATTC	1.92160922161486
CATTCAAA	1.01980861943573
CATTCAAG	1.49689452487729
CATTCACA	0.74144544308413
CATTCACC	0.535818014499465
CATTCACG	0.864284227393274
CATTCAGA	1.47941511233598
CATTCAGG	0.153094413509429
CATTCATA	2.26015067399056
CATTCATC	1.88361391438493
CATTCCAA	0.299705400682253
CATTCCAC	0.46903558800876
CATTCCGG	0.964939322167165
CATTCCTA	0.239139365960013
CATTCCTC	0.350375660450173
CATTCGAA	0.520017928661984
CATTCGCA	0.233122619469214
CATTCGCC	0.288077684925659
CATTCGGA	1.04405146622113
CATTCGGC	0.500583145585275
CATTCGGG	0.72945375308486
CATTCGTA	0.281413712949865
CATTCTAC	0.817978054832084
CATTCTAG	0.716749970903881
CATTCTCA	0.416702578581728
CATTCTCG	1.07624913224694
CATTCTGC	0.390141828500402
CATTCTTA	0.0164491131751611
CATTCTTC	0.880259453311883
CATTGAAA	1.15439260029663
CATTGAAC	0.816531527495352
CATTGAAG	0.403516620621839
CATTGACA	0.853744830659333
CATTGACG	0.480736098613889
CATTGAGA	0.614525102069499
CATTGATA	2.17589171792285
CATTGATC	0.546967878923596
CATTGCAA	1.10664566632731
CATTGCAC	1.8763805569602
CATTGCCA	0.0998172332746641
CATTGCGA	0.604870054634099
CATTGCTA	0.0312286296510013
CATTGGAA	0.211566695409943
CATTGGAC	1.41133102746454
CATTGGGA	0.0341951999140728
CATTGGTC	0.995913890589369
CATTGTAC	1.09501650908856
CATTGTAG	0.0164073101928331
CATTGTCA	1.68009321196134
CATTGTGA	0.606752630320965
CATTGTGC	0.26263552499212
CATTGTGG	0.722275171981798
CATTGTTA	0.833943911116722
CATTGTTC	0.417998471033866
CATTTAAA	1.98487371092042
CATTTAAC	1.43533675043639
CATTTAAG	1.56563376338554
CATTTACA	2.22002269392088
CATTTACG	0.426116898498212
CATTTAGA	0.0203072401475174
CATTTAGC	0.0188225135338345
CATTTATA	1.36244243963304
CATTTCAA	1.15621030928678
CATTTCAC	1.24691269056146
CATTTCAG	1.36730888336877
CATTTCCA	0.794393965388875
CATTTCCG	0.717108899959034
CATTTCGA	0.36316521081903
CATTTCGC	1.38996105460251
CATTTCGG	0.833869674786038
CATTTCTA	0.529690994624252
CATTTCTC	1.54246337931916
CATTTGAA	0.638830653328387
CATTTGAC	0.315687834011608
CATTTGAG	0.444109478684638
CATTTGCG	0.342277413735918
CATTTGGA	0.834069320063703
CATTTGGG	0.906299107596268
CATTTGTA	2.16370254486914
CATTTGTC	0.916800305053256
CATTTTAA	1.51877550316121
CATTTTAC	2.08550790420314
CATTTTAG	0.0584524615209609
CATTTTCC	0.306439284542282
CATTTTCG	2.02213386225425
CATTTTGA	2.53721723714895
CATTTTGG	1.04625116798082
CATTTTTA	2.41212037105307
CATTTTTC	1.03593015579249
CCAAAAAA	1.10371945756441
CCAAAAAC	2.8273854315615
CCAAAAAG	1.69132884457334
CCAAAACA	2.34830091112007
CCAAAACG	0.115256948574842
CCAAAAGA	1.33893114503837
CCAAAAGC	0.0418047841797478
CCAAAATA	0.94344538184031
CCAAAATC	0.413218516227089
CCAAACAC	0.223354415685098
CCAAACAG	1.23715097344702
CCAAACCA	1.15726259125571
CCAAACCG	0.250148685874597
CCAAACGA	0.482996342623849
CCAAACGC	1.41509185439183
CCAAACTA	1.15163216198089
CCAAACTC	0.477247711812804
CCAAAGAA	0.492063986083448
CCAAAGAC	0.953727474010618
CCAAAGCC	0.637660890564304
CCAAAGCG	0.120090958962215
CCAAAGTA	0.14554681297617
CCAAAGTC	1.35664696065215
CCAAATAA	0.998193594608342
CCAAATAC	0.0848820367267091
CCAAATCA	1.8870943730342
CCAAATCC	0.332362899513657
CCAAATCG	0.339744729599757
CCAAATGA	1.38996177534359
CCAAATGC	0.852796335405152
CCAAATTA	0.653982792939798
CCAACAAA	2.08947198011347
CCAACAAC	1.4634816893997
CCAACAAG	0.127538376486102
CCAACACA	2.1611266162685
CCAACACC	0.0282952134773615
CCAACACG	0.881557507987244
CCAACAGC	0.121546855932915
CCAACATA	0.886635849598908
CCAACATC	0.4431768397341
CCAACCAA	0.983291552149821
CCAACCCA	0.188802088568559
CCAACCGA	0.959900621314604
CCAACCGC	0.643663222233611
CCAACGAA	1.20861539282128
CCAACGAC	0.424761905277954
CCAACGCC	0.11834820704382
CCAACGTA	1.21066445969638
CCAACGTC	0.358102004769934
CCAACTAA	0.160986528276347
CCAACTAG	0.742228167891151
CCAACTCA	0.608922781696599
CCAACTTA	1.33021810618747
CCAACTTC	0.432332569525601
CCAAGAAA	0.443545859164298
CCAAGACA	0.358276424109987
CCAAGACC	0.0509481054521796
CCAAGATA	1.85050090719438
CCAAGATC	0.500641525612317
CCAAGCAA	1.43585640475118
CCAAGCTA	0.457146243242085
CCAAGCTC	0.109509759245944
CCAAGGAC	0.207344594194911
CCAAGTCC	0.167619508385934
CCAAGTGC	0.259374892370609
CCAAGTTA	1.08330734959054
CCAATAAA	2.09502168638792
CCAATAAC	1.19272088990302
CCAATAAG	1.57574359843902
CCAATACA	1.39798146128071
CCAATACC	0.744400481490007
CCAATACG	0.224960947540393
CCAATAGA	0.705836509552219
CCAATAGC	1.07869604819522
CCAATATA	1.28457501541492
CCAATATC	0.157640848208034
CCAATCAA	0.0413435098920003
CCAATCAC	0.25944552499592
CCAATCAG	1.52515189944823
CCAATCCA	2.2525151430462
CCAATCGC	0.315302958277769
CCAATCTA	0.426983950010961
CCAATCTC	0.864559550483773
CCAATGCG	0.337506107822034
CCAATGGC	0.362796912129908
CCAATGTC	1.01451261401954
CCAATTAA	0.457886444325703
CCAATTAC	1.12526096680219
CCAATTCC	0.240632741466593
CCAATTGC	0.466608132069492
CCAATTTA	0.966616486647769
CCAATTTC	0.592587905981762
CCACAAAA	1.5175581714862
CCACAAAC	1.68787361186169
CCACAAAG	0.966531439200966
CCACAACA	1.30824343156386
CCACAATA	1.40189796828012
CCACAATC	0.0791089007191275
CCACACAA	0.877109094074786
CCACACAG	0.809666468759743
CCACACTA	0.976281624458217
CCACAGAC	0.382896939218478
CCACATAA	1.02450064383141
CCACATAC	0.46450861331917
CCACATCA	0.149350884367933
CCACATCC	0.516676573040119
CCACATTA	1.23135405298397
CCACATTC	0.438688064321464
CCACCAAA	1.59441655819987
CCACCACG	0.0163770390677007
CCACCATA	0.399924447106009
CCACCGTA	0.186019307279512
CCACCTAG	0.538823504780566
CCACCTGC	0.187099698150343
CCACGAAC	1.19266971728673
CCACGAAG	2.28895364955498
CCACGACA	0.487763324091284
CCACGACG	0.962626464058759
CCACGATA	0.171543222796079
CCACGCAC	0.273182129136807
CCACGGAA	1.14524495457775
CCACGGTA	0.378736821735861
CCACGTAA	0.311697811422598
CCACGTAC	0.00956891887698632
CCACGTCA	1.21470997934813
CCACGTGA	0.977071556675983
CCACGTGG	0.508517784075596
CCACGTTA	1.02417342738354
CCACTAAA	0.0906191356805613
CCACTAAG	0.664873911318147
CCACTACA	0.631783967841979
CCACTATA	0.267256916762483
CCACTATC	0.756356855176623
CCACTCAA	0.480824749766067
CCACTCAC	0.907801131995744
CCACTCTA	0.15476004613284
CCACTCTC	0.0504385415124343
CCACTGAA	0.465783604280145
CCACTGAC	0.363696396991014
CCACTGTA	0.650709907720019
CCACTTAA	1.58501160791736
CCACTTAC	0.603554702172946
CCACTTCA	0.00638396406830879
CCACTTGA	2.22146129310579
CCACTTTA	0.521297964810483
CCAGAAAA	1.85923556827751
CCAGAAAC	0.442071222925657
CCAGAAAG	0.766858052633609
CCAGAACA	0.929133626321888
CCAGAACG	0.491612081429672
CCAGAAGC	0.84765384783785
CCAGAATA	1.32619853321441
CCAGAATC	0.317504101519611
CCAGACAA	0.393280655880306
CCAGACGA	1.76908383318383
CCAGAGAA	1.76851877218134
CCAGAGGC	0.184679449621822
CCAGAGTA	0.644697485675668
CCAGATAA	0.55540703616614
CCAGATTC	0.461508168225591
CCAGCAAC	1.25887555091775
CCAGCAAG	0.21357612152594
CCAGCCGA	0.167731223252498
CCAGCGAA	0.00628882624646193
CCAGCGAG	0.497775859099689
CCAGCGCA	0.922626775900358
CCAGCTCA	0.59875312513393
CCAGCTTA	0.15181726032523
CCAGGAAA	1.77074081691434
CCAGGAAG	0.00146346475198335
CCAGGACA	0.300451367694469
CCAGGAGA	0.26828469353487
CCAGGTTA	0.2031246552031
CCAGTAAA	0.00434138386287942
CCAGTACA	0.0694149332656968
CCAGTAGA	0.609016478036298
CCAGTCCA	0.567519089924869
CCAGTCTC	0.0252407128031874
CCAGTGTA	0.538072492580828
CCAGTTAA	0.545096835093923
CCAGTTGA	0.10647399783971
CCAGTTGC	0.425315434423251
CCAGTTTA	0.475146030839257
CCATAAAA	0.980242817404243
CCATAAAC	0.219630346552619
CCATAACA	1.65570837918424
CCATAACG	0.606761999954934
CCATAAGA	0.514511466852006
CCATAAGC	0.334347820433118
CCATAATA	1.10696567536443
CCATAATC	0.0832041515050298
CCATACAA	0.79698863325745
CCATACAC	1.79790338579296
CCATACGA	1.20423617005198
CCATACTA	1.12798320584097
CCATACTC	1.09501650908856
CCATATAA	0.543689948516296
CCATATAC	0.83183358125028
CCATATAG	0.730108185980601
CCATATCA	0.247887721123563
CCATATCC	1.24298897615131
CCATATTA	0.754464909855785
CCATATTC	1.46789911144595
CCATCAAG	1.02367611604206
CCATCAGA	0.994251861671332
CCATCATA	1.43730004912361
CCATCCAG	0.435598247334635
CCATCGAA	0.128933731206537
CCATCGCA	0.138999601054464
CCATCGGA	0.419173999726547
CCATCGTA	0.141863826084941
CCATCTCA	0.137075222385269
CCATCTGA	0.315267641965114
CCATCTGC	0.749788021022677
CCATCTTA	0.934239356094387
CCATGAAA	0.185336044740786
CCATGAAC	0.373228918443733
CCATGACA	0.231466356479773
CCATGAGA	0.793742415457432
CCATGATA	1.21621632819406
CCATGCCA	0.544278073233172
CCATGGCA	0.0173529224827144
CCATGGTA	0.170253096272537
CCATGTAA	0.826351624636838
CCATGTCC	0.284288028355389
CCATGTGC	0.76379778603084
CCATGTTA	0.742934494144263
CCATGTTC	0.453616053458671
CCATTAAA	0.925424692751974
CCATTAAC	0.973168023015925
CCATTAAG	1.2112086192077
CCATTACA	1.65137672532587
CCATTACC	0.953997751913594
CCATTACG	0.80488074802437
CCATTATA	0.543991218285479
CCATTCAA	0.993193093032736
CCATTCAC	0.959192132838269
CCATTCAG	2.11441682870553
CCATTCCA	0.585334367806943
CCATTCCG	0.0725227687793913
CCATTCTA	0.211925624465096
CCATTCTC	1.2625635829965
CCATTGAA	0.345432818160536
CCATTGAG	0.83629929294853
CCATTGCA	1.22715933992978
CCATTGGA	0.0357354235905027
CCATTGTA	0.398328005625761
CCATTTAA	0.216323586502333
CCATTTCA	1.15621030928678
CCATTTCG	1.17638673492926
CCATTTGA	1.41891610653368
CCATTTGC	0.372195375742749
CCATTTTA	1.29787917491104
CCATTTTC	0.899096021296671
CCCAAAAA	1.68784189925441
CCCAAAAC	0.021175012401343
CCCAAACA	0.927909807977209
CCCAAACC	0.342898692542226
CCCAAAGA	0.179244341178229
CCCAAAGC	0.315806035547843
CCCAAATC	1.43276874998758
CCCAACAA	1.55455741455102
CCCAACAC	0.734223617516592
CCCAACCG	0.0954034149337846
CCCAACGC	0.153094413509429
CCCAACTC	0.515507531017109
CCCAAGAC	0.462112869987183
CCCAATAA	1.51328345617272
CCCAATAC	0.0784400530018936
CCCACAAA	1.10369351088573
CCCACACA	0.809666468759743
CCCACCGC	0.053498087374131
CCCACGTA	0.200141507895312
CCCACTAA	0.943543402626456
CCCACTGA	0.0241978004682326
CCCAGAAA	0.19249156212946
CCCAGATA	0.806291959048447
CCCAGGAA	0.147856788120277
CCCAGTAA	0.536703084539079
CCCAGTAG	0.0623062640468723
CCCATAAG	0.478856405891321
CCCATACG	0.26623418517762
CCCATATA	0.642339220879563
CCCATGTA	0.0915532161132486
CCCATTAC	0.101783414926185
CCCATTCA	0.119551123897336
CCCATTCG	0.0959064922038601
CCCATTTC	0.937938199289258
CCCCAAAG	0.31360633378815
CCCCAACA	0.0336906811618501
CCCCAATA	0.0752702337557823
CCCCGTTA	0.598390592373404
CCCCTAAA	0.253041019806984
CCCCTTTA	1.00232920689442
CCCGAAAA	0.890393793561896
CCCGAAAG	0.105596855951917
CCCGACTA	0.668026432778468
CCCGAGTC	0.384288690233539
CCCGATAA	0.136086365630911
CCCGATAG	0.109509759245944
CCCGATTA	0.293896227620941
CCCGCAAA	0.376234408724833
CCCGCAAC	0.483076344883131
CCCGCGAA	0.0807932726104782
CCCGGACA	0.584482451856761
CCCGGTTA	0.289411055913677
CCCGTATA	0.584029826461908
CCCGTGCA	0.96550510391073
CCCGTGTA	0.224485258431154
CCCGTTAA	1.04954207172747
CCCGTTAC	0.753441457529847
CCCGTTGA	0.466427226059768
CCCGTTGC	2.00994540994161
CCCGTTTA	0.930464114345609
CCCGTTTC	0.712778687582811
CCCTAAAA	0.320069939745203
CCCTAAAC	0.53540575060479
CCCTAAAG	0.17208161637881
CCCTAGAA	0.496479245906475
CCCTAGTA	0.911170596519521
CCCTATAA	0.380009650473613
CCCTATTC	0.334623143523617
CCCTCAAC	0.781122239241107
CCCTCATA	0.660976143586686
CCCTCGCA	0.746002688898854
CCCTGAAA	0.286778188768147
CCCTGCAA	0.645365612651826
CCCTGTAA	0.240041733785418
CCCTGTGC	0.109505434799498
CCCTTAAA	1.05471266819668
CCCTTAAC	0.0498266323400947
CCCTTACA	0.458321051193688
CCCTTAGA	0.631569907742822
CCCTTAGC	0.270942065876937
CCCTTGGC	0.144214162729226
CCCTTGTA	1.13348029801698
CCCTTTAA	1.59506954961347
CCCTTTAG	0.0858781008918132
CCCTTTCA	2.16352812552908
CCCTTTTC	0.684772130905829
CCGAAAAA	0.296338819122775
CCGAAAAC	1.05811312458666
CCGAAAAG	2.22258348695895
CCGAAACA	0.143736311396764
CCGAAACG	0.0437925880635062
CCGAAATC	0.261123410217599
CCGAAGAA	0.0287910833366878
CCGAAGAC	0.224698597789238
CCGAAGCA	0.00983054788706763
CCGAAGCG	0.355887888188748
CCGAAGTA	0.0205234624699002
CCGAATAC	1.45135233785518
CCGAATAG	0.724863353180704
CCGAATCA	0.305482861136283
CCGAATCC	0.538667824708451
CCGAATGA	1.11592809062714
CCGAATGC	0.920909970660651
CCGACAAG	0.140157831961352
CCGACACA	0.61719400626876
CCGACAGC	0.517746152794832
CCGACATA	0.331141964133277
CCGACCAA	0.0685831980656038
CCGACCCA	0.0545107285839502
CCGACGAC	0.0732103557645635
CCGACGGC	0.0993098315581421
CCGACGTA	1.46353430349814
CCGACTAA	0.0337000507958192
CCGACTAC	0.24373769401599
CCGACTAG	0.890411091347686
CCGAGAGA	0.0792494452286745
CCGAGGAA	0.354662628361921
CCGAGGCA	0.307960768950772
CCGAGTAA	0.566254910080013
CCGAGTCA	0.254459438241806
CCGAGTTA	0.770274365327236
CCGAGTTC	0.116593202527157
CCGATAAA	1.96421222653473
CCGATAAC	1.48569492931901
CCGATAGA	1.3951777785005
CCGATAGC	0.312264313907236
CCGATAGG	0.187008884774945
CCGATCCA	0.945490845010037
CCGATGAA	0.579705380014282
CCGATGTA	0.768999374366259
CCGATTAA	0.651267761311764
CCGATTAC	1.11419182537841
CCGATTAG	0.351548306178555
CCGATTCA	0.0676520005972142
CCGATTGA	0.81210617729728
CCGATTTA	0.473292284795374
CCGCAAAA	0.236947592352139
CCGCAAAG	0.000734795525559205
CCGCAACA	0.804922551006698
CCGCAACG	0.211532099838362
CCGCAAGA	0.0417557737866738
CCGCACAA	0.0689731189869637
CCGCACAC	0.969074213712172
CCGCACCG	0.366216828528906
CCGCACTC	0.331239984919424
CCGCAGAA	0.551254846835344
CCGCATAC	1.08101034778577
CCGCATTA	0.0505963838077741
CCGCCAAC	0.18525676322258
CCGCCAGA	0.0976449196758057
CCGCCCAA	0.297073975018872
CCGCCGAC	0.214843184335095
CCGCCTTA	0.654383524977279
CCGCGAAA	0.453353703707516
CCGCGCGA	0.162207463656727
CCGCGCGC	0.518479867208779
CCGCGGGA	0.514511466852006
CCGCGTAA	0.0875696801939098
CCGCGTTC	0.500919731667115
CCGCTAAA	1.31524903480901
CCGCTATA	0.684671947896458
CCGCTCAA	0.0458654393940679
CCGCTCTA	0.238212492938072
CCGCTGAA	0.793091586267063
CCGCTGTC	0.26828469353487
CCGCTTAA	0.71687970429731
CCGCTTAC	0.326206329254386
CCGCTTCA	0.331239984919424
CCGCTTGA	0.545881722124167
CCGCTTTA	0.171562682805094
CCGGAAAA	0.517661105348027
CCGGAAAG	0.701321066719823
CCGGAACA	0.226759917262607
CCGGAATA	1.52356050315551
CCGGACTA	0.351702544768519
CCGGACTC	0.283277549368792
CCGGATAA	1.20085877737638
CCGGATAC	0.103066334038982
CCGGCACA	0.0433457285972521
CCGGCAGA	0.692279369938909
CCGGCATA	0.291449311672658
CCGGCTAC	0.203523945758433
CCGGCTCA	0.474124019995469
CCGGGAAA	0.544278073233172
CCGGGATA	0.197467558508529
CCGGTAAA	0.55868929101989
CCGGTATC	0.133687739334628
CCGGTTAA	1.38495767006261
CCGGTTGA	0.0861145039642831
CCGGTTTA	0.0392555229988708
CCGTAAAA	1.66709176371654
CCGTAAAC	0.840013992447041
CCGTAACA	1.26784661507335
CCGTAAGA	1.23046249627469
CCGTAAGC	0.100548785465388
CCGTAATA	1.31524903480901
CCGTACAA	0.130892705447312
CCGTACGC	0.429040224296808
CCGTACTA	0.809162670748595
CCGTAGAA	0.19203461228816
CCGTAGCA	0.981084642979382
CCGTATAA	1.23857804077473
CCGTATAC	0.559677427033172
CCGTATAG	0.790734042212032
CCGTATCA	0.526321530100476
CCGTATGA	0.606485235382287
CCGTATTA	0.387369858327474
CCGTATTC	0.871790024944204
CCGTCAAC	0.15549592277001
CCGTCATA	0.381723572749022
CCGTCGAA	0.0636461217045617
CCGTCGTA	1.52688456099158
CCGTCTAA	0.0805172287789035
CCGTCTCA	0.8917077045409
CCGTCTGA	0.00923593650051905
CCGTCTTA	0.753469566431757
CCGTGACA	0.549752822435868
CCGTGAGA	0.185772813831997
CCGTGATA	1.07441052176562
CCGTGCAA	1.68096891236698
CCGTGCAG	0.0414963069998158
CCGTGCTA	0.83163465671369
CCGTGGAA	0.651165416079169
CCGTGGAG	0.199503652044288
CCGTGGTC	0.264053943426941
CCGTGTAA	0.934929826043858
CCGTGTCA	0.962586823299658
CCGTGTCC	0.228819795253826
CCGTGTTA	2.04413160059225
CCGTGTTC	0.90341758478
CCGTTAAA	1.32062576322556
CCGTTAAC	0.224485258431154
CCGTTAAG	0.404999185012299
CCGTTACA	0.84617632863491
CCGTTACG	0.496809345318646
CCGTTAGA	0.378464381609661
CCGTTATA	0.559691121113589
CCGTTATC	0.999905354660529
CCGTTCAC	0.779408316965698
CCGTTCAG	0.0355098316341508
CCGTTCCA	0.925520551314897
CCGTTCTC	1.46728215708609
CCGTTGAA	0.829527209811546
CCGTTGAG	0.0537128682143633
CCGTTGTA	0.38050696181509
CCGTTTAA	2.40304479944165
CCGTTTAC	0.35905626595271
CCGTTTAG	0.891740858630333
CCGTTTCA	0.0260688442979082
CCGTTTCC	1.19071362601025
CCGTTTGC	0.11274732815307
CCGTTTTA	0.842492621002607
CCGTTTTC	0.912370630408736
CCTAAAAA	1.88114177249904
CCTAAAAC	2.04272903846107
CCTAAAAG	0.121329912869459
CCTAAACG	0.402476591251182
CCTAAAGA	1.02790830763214
CCTAAAGG	0.0858781008918132
CCTAAATA	0.893938398166801
CCTAAATC	0.550522573903546
CCTAACAA	0.621883868441213
CCTAACAC	0.256863830466687
CCTAACAG	0.879354923263254
CCTAAGAA	0.683887060866214
CCTAAGAG	0.506664038031713
CCTAAGCA	0.255012967387102
CCTAAGGA	0.0521488600824708
CCTAAGGC	0.423344928325284
CCTAATCA	1.450307263297
CCTAATTA	0.730209810472119
CCTACAAC	1.01761107989926
CCTACAGC	0.0974344632820216
CCTACATA	0.275324892351606
CCTACCAC	0.316079196415118
CCTACCCA	0.0232132681603242
CCTACCCG	0.164972947159985
CCTACCGA	0.224036236741675
CCTACCTA	0.578692018063387
CCTACGAG	0.306293694845213
CCTACGCA	0.435981681586323
CCTACTAC	0.654332352360982
CCTACTCA	0.932216235897972
CCTACTGA	0.346191037771019
CCTACTTA	0.541317989639772
CCTACTTC	0.386042253268053
CCTAGAAA	0.38050696181509
CCTAGAAC	0.610501204649983
CCTAGAAG	0.286154747738615
CCTAGACG	0.000194960460679923
CCTAGAGC	0.0293756043481928
CCTAGATA	0.467799517065814
CCTAGCCC	0.210784691343998
CCTAGCTC	0.210642705352301
CCTAGGCA	0.385886573195938
CCTAGGTC	0.509461954883326
CCTAGTAC	0.20989457611686
CCTAGTAG	0.279483568352076
CCTAGTCG	0.699180465728247
CCTAGTGA	0.664961841729248
CCTAGTTC	0.611944849022416
CCTATAAA	1.47274537443159
CCTATAAC	2.56078763251174
CCTATAAG	1.12944486874027
CCTATACA	1.18534842945089
CCTATACC	0.133596925959228
CCTATACG	0.206951069568175
CCTATAGC	0.666660628442091
CCTATATA	0.58073027382237
CCTATCAA	0.980632017584529
CCTATCAG	0.0685774321370068
CCTATCCC	0.0958805455251743
CCTATCGA	0.149205294670863
CCTATCGC	0.324189695727642
CCTATCTA	1.31458883598467
CCTATCTC	1.72420040350391
CCTATGAC	1.30800846997354
CCTATGCC	0.370674612075335
CCTATGTA	0.869645099506182
CCTATGTC	0.230119291411338
CCTATTAC	1.43643155612872
CCTATTCA	0.969074213712172
CCTATTCC	1.00370438086477
CCTATTCG	0.520017928661984
CCTATTGA	0.895943499836351
CCTATTTA	2.39656533718096
CCTATTTC	0.720206645097685
CCTCAAAA	1.31583139359729
CCTCAACG	0.562765081796779
CCTCAAGA	0.479399844661574
CCTCAATA	0.82704209458631
CCTCACAA	0.406521390161864
CCTCACAC	0.0237141832071748
CCTCACAG	0.478725231015743
CCTCACGC	0.206805479871106
CCTCAGAA	0.294746702088974
CCTCAGTC	0.184028620431454
CCTCATAC	1.05689363068843
CCTCATTA	1.12710173950673
CCTCCTTA	0.156961910115756
CCTCGAAA	0.575201469039078
CCTCGCAA	0.914191222363188
CCTCGCAC	0.158401230041743
CCTCGCAG	0.098380075571903
CCTCGGAC	1.19620351077551
CCTCGGTA	0.137970382799928
CCTCGTAA	0.270673229456109
CCTCGTAC	0.562899139636655
CCTCGTCA	0.161065809794555
CCTCTAAA	0.927899717602165
CCTCTAAC	0.20216679031495
CCTCTACA	0.713428075291028
CCTCTATA	0.341565321554208
CCTCTATC	0.206508534548368
CCTCTTAC	1.01732494569264
CCTCTTCA	0.880508108982621
CCTCTTTA	1.20237521659735
CCTCTTTC	0.51492373074668
CCTGAAAC	0.782833999293294
CCTGAAAG	0.443320987949021
CCTGAACA	0.967462636669356
CCTGAAGA	0.227797063668961
CCTGAATA	0.932361825595041
CCTGACAA	0.956260878887852
CCTGACCA	0.733556211281508
CCTGAGAA	0.0877779743644707
CCTGATAA	1.42856755026371
CCTGATCG	0.637340160786105
CCTGATGC	0.468102949058222
CCTGATTA	1.60653942307472
CCTGATTC	0.619186134598968
CCTGCAAA	0.265250373610784
CCTGCACA	0.141101282028011
CCTGCACG	0.498734444728913
CCTGCAGA	0.365100400604344
CCTGCATA	0.395729013310736
CCTGCATC	0.150924982874869
CCTGCCAA	0.654647316210583
CCTGCTCG	0.0621095017335055
CCTGGAAC	0.279812226282095
CCTGGAGA	0.17827710665611
CCTGGATA	0.265736873836142
CCTGGGCC	0.0848820367267091
CCTGGTTA	0.920706000936538
CCTGTAAA	1.15543911633696
CCTGTAAC	0.854701254065331
CCTGTATA	0.393258312906992
CCTGTATC	0.387098859683422
CCTGTCAA	0.176717422970666
CCTGTCCC	0.328710904488635
CCTGTCTA	0.627187802009227
CCTGTGCA	1.1861967416957
CCTGTGTA	0.654225682681941
CCTGTTAC	0.729597180558706
CCTGTTCA	0.182204424771631
CCTGTTCG	1.31658817172563
CCTGTTGA	0.972107092154107
CCTGTTTA	1.40285367094504
CCTGTTTC	0.27869075317001
CCTTAAAA	2.14393117571059
CCTTAAAC	0.987271484363786
CCTTAAAG	1.43200044000205
CCTTAACA	0.460712470079227
CCTTAACC	1.08266300706984
CCTTAACG	0.363696396991014
CCTTAAGA	0.203690436946665
CCTTAATA	0.704864950583652
CCTTAATC	0.4285068759016
CCTTACAA	1.32497039042328
CCTTACAC	0.565374164486846
CCTTACAG	0.567573145505463
CCTTACGC	0.000507762087058419
CCTTACTA	0.10518891650369
CCTTACTC	0.606875877044723
CCTTAGAA	0.633063283249402
CCTTAGAC	0.619532090314777
CCTTAGCA	0.010296867362336
CCTTAGCG	0.836761287977352
CCTTAGGA	0.135309406752487
CCTTAGTC	0.448475728114593
CCTTATAA	0.537807259865373
CCTTATAC	1.29037626032441
CCTTATAG	0.315302958277769
CCTTATCA	0.916275605550943
CCTTATTA	0.743133418680853
CCTTATTC	2.42192100818554
CCTTCAAA	1.27693588076519
CCTTCAAC	0.445336179993615
CCTTCACA	0.873417458290662
CCTTCACG	1.08633446210388
CCTTCAGC	0.189109845007415
CCTTCATA	0.478008814387587
CCTTCGAA	0.103140570369665
CCTTCGCC	0.11356609001382
CCTTCTAA	0.574549919107637
CCTTCTAC	0.0145290589524132
CCTTCTTA	0.130922976572446
CCTTGAAA	0.234028590999993
CCTTGAAG	0.177048963864984
CCTTGACA	0.560369338464792
CCTTGACC	0.351698220322073
CCTTGAGA	0.82901115920213
CCTTGATA	0.643291319839114
CCTTGCAC	0.399713269971151
CCTTGCCC	1.17579140280164
CCTTGCGC	0.196724474460613
CCTTGCTA	0.703345628398387
CCTTGGAA	0.453379650386202
CCTTGTAC	1.55972584879701
CCTTGTCA	1.24789794361045
CCTTGTGC	1.14827350857324
CCTTGTTA	0.316845344177422
CCTTTAAC	1.5797062328672
CCTTTAAG	0.894941669742651
CCTTTACA	1.53174451805764
CCTTTACC	0.161429063296155
CCTTTAGC	0.440892811268678
CCTTTATA	1.24609320795964
CCTTTATC	0.660180445440323
CCTTTCAA	0.508736889362276
CCTTTCAG	0.678583127298198
CCTTTCCA	1.04667352225054
CCTTTCGC	0.11808657803374
CCTTTCTA	1.04537330535195
CCTTTGAA	1.12878611139808
CCTTTGAC	0.495727512965664
CCTTTGCC	0.00584629122665442
CCTTTGTA	2.07945944510506
CCTTTGTC	0.0752587018985899
CCTTTTAA	1.91881490846861
CCTTTTAC	0.62220892266586
CCTTTTCA	0.231168690415962
CCTTTTCG	1.82494559091212
CCTTTTGA	1.40731505819684
CCTTTTGC	1.62146020480118
CCTTTTTA	0.543630847748177
CCTTTTTC	0.675876744563059
CGAAAAAA	1.22200964495173
CGAAAAAG	2.09221584138449
CGAAAACA	3.11756804079554
CGAAAAGA	1.00017274959921
CGAAAAGC	1.12201474900217
CGAAAATA	0.524451927752952
CGAAAATC	1.03961746713016
CGAAACAA	0.966616486647769
CGAAACAC	0.143736311396764
CGAAACAG	0.526089451474452
CGAAACGA	1.5916316146876
CGAAAGAG	0.277099356877283
CGAAAGGA	0.100927174529555
CGAAAGGC	0.47624371949588
CGAAAGTA	2.00990360695928
CGAAATAA	0.38059633370834
CGAAATAG	0.208775985969073
CGAAATCA	0.470554910194027
CGAAATGA	0.24395679930267
CGAAATGC	0.533013610978179
CGAAATTA	1.6987971635884
CGAAATTC	1.323383318577
CGAACAAA	2.49089160457875
CGAACAAC	0.609092876590205
CGAACAAG	0.374029661777618
CGAACACA	0.86461865125189
CGAACAGA	0.585502300477326
CGAACATA	0.203588091714071
CGAACCAA	0.912974611429256
CGAACCAC	0.118986062894845
CGAACCAG	0.316635608524713
CGAACCCA	0.601349234484655
CGAACCGC	0.019954077020963
CGAACGCA	1.06450609791841
CGAACGCG	0.673064412889952
CGAACGTA	1.24646871405951
CGAACTAA	0.825870169599002
CGAACTAC	0.766249747166643
CGAACTCG	0.193058064614099
CGAACTGC	0.803677110429781
CGAACTTA	1.15552704674806
CGAAGAAA	1.96245289757162
CGAAGAAG	0.761255011519634
CGAAGACG	0.281459119637566
CGAAGAGA	1.16927157904077
CGAAGAGC	1.06844999307864
CGAAGATA	1.07051131255201
CGAAGCCA	0.928066929531474
CGAAGGCG	1.46297717064747
CGAAGTAA	0.806907471926158
CGAAGTAC	0.455665841074847
CGAAGTAG	1.01449459549267
CGAAGTCA	0.318322863380363
CGAAGTGC	0.107600516139318
CGAAGTTA	0.566404824223531
CGAATAAA	0.101728638604516
CGAATAAC	0.689804345088718
CGAATACA	2.54599658417871
CGAATACC	0.587256584252914
CGAATACG	1.34081444146631
CGAATAGA	0.261443419254724
CGAATATA	1.23128702406404
CGAATCAA	0.935753633092131
CGAATCAC	0.43896627037626
CGAATCAG	0.418397761589198
CGAATCCA	0.806130513047735
CGAATCCG	0.713955657757639
CGAATCGA	0.00243790668484821
CGAATCTA	0.00990334273560244
CGAATCTC	0.426797998813714
CGAATGAA	0.344772619336198
CGAATGAC	0.0668973846921043
CGAATGAG	1.62543509182763
CGAATGCA	0.116600409937905
CGAATGCG	0.933073197035676
CGAATGTA	0.84152899018586
CGAATGTC	0.74039676482058
CGAATTAC	0.939849604619107
CGAATTAG	0.353976482858898
CGAATTCC	0.126390956695331
CGAATTCG	0.983052266113051
CGAATTTA	0.0805402924932917
CGAATTTC	0.58913123178796
CGACAAAA	1.0330832285478
CGACAAAC	1.62328223823778
CGACAACA	1.0700658945679
CGACAATA	0.311496724662783
CGACACAC	0.893567937254454
CGACACGA	0.139948096308643
CGACACTA	0.421865967640194
CGACACTC	0.597052176197863
CGACAGAA	0.389245226603594
CGACAGAC	1.00364816306095
CGACAGCC	0.672686023825786
CGACAGTA	0.272717251143688
CGACATAA	0.686238118251573
CGACATAG	0.628901724284637
CGACATGA	2.06838597923484
CGACATGC	0.457146243242085
CGACATTA	0.678502404297843
CGACCAAA	2.25150754702391
CGACCAAG	0.00163788409203811
CGACCAGA	0.077321462854108
CGACCATA	0.0381405365564589
CGACCCAA	1.64623279627642
CGACCCAC	0.140316394997767
CGACCTAG	0.00496482489241314
CGACCTGA	0.0508198135409011
CGACCTTA	0.805406889008832
CGACGAAA	0.447174069733858
CGACGAAC	0.260017072668081
CGACGACA	0.199740775857833
CGACGAGA	0.0805979517792603
CGACGAGC	0.0524991402447292
CGACGCAA	0.365496808195375
CGACGCTA	0.432718886741588
CGACGCTC	0.358695895415408
CGACGGCA	0.6430902330793
CGACGTAA	0.598629157669098
CGACGTCA	0.754280400140687
CGACGTGA	1.06954984395849
CGACTACA	0.575694455934107
CGACTATA	0.181714320840898
CGACTATC	0.147100730733018
CGACTCAA	0.115359293807435
CGACTCTA	0.488793983827967
CGACTGAA	0.242784874315362
CGACTGAC	0.0165579450774253
CGACTGGA	0.0184779993001715
CGACTGTC	0.192251555351616
CGACTTAA	1.71234060912129
CGACTTAG	0.81491562600609
CGACTTCA	0.122470125249484
CGACTTGA	0.419285714593111
CGACTTGC	0.179673902858694
CGACTTTA	0.878547693259696
CGACTTTC	1.31298014190616
CGAGAAAA	1.40477228368564
CGAGAAAC	0.248875136395771
CGAGAAGA	0.86578625179275
CGAGAATA	1.49384723161386
CGAGACAG	0.566587171715406
CGAGACCC	0.205642203776693
CGAGACGA	0.466263617835832
CGAGACTA	0.318975854793954
CGAGAGAA	0.706179582303731
CGAGAGCC	0.806746746666521
CGAGAGTA	0.128824178563197
CGAGATAA	0.294593184240084
CGAGATAC	0.0983980940987668
CGAGATCA	0.584457946660224
CGAGATCC	0.102955339913493
CGAGATTA	2.94695493435624
CGAGATTC	0.604059220925168
CGAGCAAA	1.36285398278664
CGAGCACA	0.212901507880111
CGAGCATA	0.24191277761509
CGAGCCAA	0.151697617306846
CGAGCCTA	0.0380439572524616
CGAGCGAA	0.630555104309779
CGAGCGAG	0.41467585467994
CGAGCGTA	0.405740106836993
CGAGCTAA	0.68057741785163
CGAGCTAG	0.179510294634759
CGAGCTCG	0.241601417470861
CGAGCTTA	0.0356352405811333
CGAGGAAG	0.850669428493994
CGAGGACA	0.0148843843021942
CGAGGCAA	0.538823504780566
CGAGGCAC	0.098380075571903
CGAGGCAG	0.291995633407209
CGAGGCTA	0.0241740160127717
CGAGGGTA	0.212633392200358
CGAGGTCA	0.247941055963083
CGAGGTTA	0.587842546746566
CGAGGTTC	0.31033489005052
CGAGTAAA	1.43876964017473
CGAGTAAC	1.16349988451533
CGAGTACA	1.0708096993569
CGAGTACC	0.0736781167219824
CGAGTACG	0.820840838380412
CGAGTAGC	0.0892446824512897
CGAGTATA	1.3662126361943
CGAGTATC	0.0946812323770319
CGAGTGCA	0.1227137357327
CGAGTGGC	1.06342066186005
CGAGTGTC	0.207405136445177
CGAGTTAA	1.54650601600661
CGAGTTAC	0.259255970093299
CGAGTTCA	0.0475894520445234
CGAGTTGA	1.05663848834802
CGAGTTGC	1.0646026772224
CGAGTTTA	1.46006681818822
CGAGTTTC	1.54067017552554
CGATAAAA	1.94895918317287
CGATAAAC	0.46948316821609
CGATAAAG	2.16404273465635
CGATAACA	0.919916789459846
CGATAACG	0.817130463328349
CGATAAGC	0.433167908431067
CGATAATA	0.597046410269266
CGATACAC	1.54408720896024
CGATACAG	0.000243250112679413
CGATACCG	0.238347992260096
CGATACTA	0.750495068016864
CGATAGAA	0.731448764379364
CGATAGAC	1.2349065857407
CGATAGAG	0.0254843232864032
CGATAGCC	0.2741075606766
CGATAGGC	0.158825746534685
CGATAGTA	0.293050077599354
CGATATAA	0.864624417180487
CGATATAC	0.581962741059944
CGATATAG	0.721235863352219
CGATATCG	0.466074783674286
CGATATGC	0.288590852570776
CGATCAAA	0.0536126852049922
CGATCAAG	0.305134743197248
CGATCACC	0.388949722763007
CGATCAGA	0.0284472898441026
CGATCATA	0.373341354051371
CGATCCAC	0.0131538849820689
CGATCGTA	0.97687695658584
CGATCTAC	0.0542145040022883
CGATCTAG	1.0385976185096
CGATCTGA	0.934768380043146
CGATCTGC	0.147745073253714
CGATCTTA	1.63474346280614
CGATCTTC	0.911379611431156
CGATGAAA	0.719911861998172
CGATGAAG	0.0745639075026718
CGATGACA	1.29561028200819
CGATGCAA	0.743659559665315
CGATGCAG	0.799792316037663
CGATGCCC	0.190436008584689
CGATGCGC	1.11888745347946
CGATGGAA	0.214661557584294
CGATGTAA	0.998047284170198
CGATGTAC	1.9773448496551
CGATGTAG	0.44587385283527
CGATGTCA	0.0705832545476307
CGATGTTC	0.101991709096746
CGATTAAA	0.969178000426915
CGATTAAC	0.419184810842665
CGATTAAG	1.30641419071651
CGATTACA	0.71470090402878
CGATTACC	1.3025971459854
CGATTAGA	0.439414571324665
CGATTAGC	0.347577743598559
CGATTATA	0.288137506434851
CGATTATC	1.14718158584521
CGATTCAA	0.412375969910876
CGATTCAG	0.329367499607601
CGATTCCA	1.16344078374722
CGATTCCC	0.34552435227701
CGATTGAA	0.885974930033496
CGATTGAC	0.890109821578501
CGATTGAG	0.0954942283091866
CGATTGCG	0.382181243331395
CGATTGTC	0.299132411527942
CGATTTAA	0.216323586502333
CGATTTAC	0.679450178810948
CGATTTAG	0.540775271610595
CGATTTCC	0.61560981738678
CGATTTGC	0.605085556215406
CGATTTTA	0.13350034665523
CGATTTTC	0.184894951203129
CGCAAAAA	1.98557427124493
CGCAAAAC	1.02509597595903
CGCAAAAG	0.0550916458900814
CGCAAACA	0.834800872254428
CGCAAACC	0.611504476225833
CGCAAATA	0.387955820821127
CGCAACAA	1.56062965810456
CGCAACAC	1.22386627395991
CGCAACAG	0.238848186565873
CGCAACCA	0.321518629305158
CGCAACCG	0.104990712708174
CGCAACGA	0.509190956239276
CGCAACTA	0.0433644678651921
CGCAAGAA	0.156122246763842
CGCAAGAC	0.671872307152557
CGCAATAA	0.162981539570853
CGCAATAC	1.36109681604675
CGCAATCA	0.865394168648165
CGCAATGA	0.768743511284775
CGCAATTA	1.03613772922197
CGCAATTC	0.0362103919586675
CGCACAAA	0.789286073393153
CGCACAAC	0.25741375590661
CGCACACC	0.87414973122246
CGCACACG	0.644410630727976
CGCACATA	0.411329453870551
CGCACATC	1.22472251435654
CGCACCAA	0.0460095876089903
CGCACCGA	0.248560893287243
CGCACGAA	1.76610573106356
CGCACGAC	0.270346013008239
CGCACGCG	1.36646417482934
CGCACGGA	0.119099939984632
CGCACGGC	0.368208236118038
CGCACTAA	0.234823568405282
CGCACTCC	0.331239984919424
CGCACTGC	0.309094494661126
CGCAGAAA	0.0577273959999105
CGCAGAAC	0.332225958709483
CGCAGATC	0.135209944484192
CGCAGGAA	0.952172835512696
CGCAGTTA	0.412881930145249
CGCATAAA	0.648186593217828
CGCATAAC	0.366208900377086
CGCATACA	1.63384325720397
CGCATAGA	0.14543581885068
CGCATAGC	0.406715990252007
CGCATATA	0.0509394565592849
CGCATCAA	0.570265113419112
CGCATCAG	0.560966112074566
CGCATCCA	0.274129182908837
CGCATCGA	0.308214469809035
CGCATGAA	0.503528814357183
CGCATGAC	0.129508882584071
CGCATGTA	0.0189983743560364
CGCATTAA	0.226008905062867
CGCATTAG	0.461165816215155
CGCATTCA	0.324133477923824
CGCATTTA	1.96668653064385
CGCATTTC	0.158755113909373
CGCCAACA	1.19029847915128
CGCCAATA	0.186776806148921
CGCCACAA	0.604463556668022
CGCCACAC	0.060192330475057
CGCCAGAA	0.200311602788919
CGCCAGCG	0.156166211969393
CGCCATAA	0.383023068906534
CGCCATAC	0.453732813512758
CGCCATTA	1.1467902234417
CGCCATTC	0.586082497042383
CGCCCAAC	1.20959487994166
CGCCCAAG	0.678617002128706
CGCCCTAA	0.00137553434088237
CGCCCTTA	0.229990278758983
CGCCGACA	0.19530605602579
CGCCGGCA	0.57314951919968
CGCCTAAA	0.128156051587037
CGCCTAAG	1.00042717119854
CGCCTACC	0.177855473127467
CGCCTATA	1.57057156048766
CGCCTCAC	0.416074092364673
CGCCTCTA	0.339356250160545
CGCCTGCC	0.92494035474984
CGCCTGTA	0.887629751540789
CGCCTTAA	1.08266300706984
CGCCTTAC	0.0360648022615979
CGCCTTTC	0.540303906947804
CGCGAAAA	2.33385509776177
CGCGAAAG	0.113453654406182
CGCGAACA	0.787568547412371
CGCGAACG	1.31002149979491
CGCGAAGA	1.00744646852412
CGCGACAG	0.850111574902251
CGCGACCA	0.775029094196401
CGCGAGCA	0.117834318657626
CGCGAGTA	0.118067838765798
CGCGATAC	1.27210331185996
CGCGATGA	0.728731570528106
CGCGATTA	0.456200630952203
CGCGATTC	0.652234275092807
CGCGCAAA	1.0380044486052
CGCGCACA	1.22896335483951
CGCGCAGA	0.709962031463255
CGCGCCAA	0.300893181973202
CGCGCGAA	1.44584083085768
CGCGCGAG	0.166363256692898
CGCGCGCA	0.674239220841558
CGCGCGCG	1.71396155579807
CGCGCGGA	1.128118705163
CGCGCGGC	0.122501117115691
CGCGCGTA	0.696613906761581
CGCGCTAA	1.469271402452
CGCGCTGA	1.34084975777896
CGCGCTTC	0.427148278975971
CGCGGAAA	1.28399626033201
CGCGGGAA	1.37208955891662
CGCGGTAA	0.734519842098253
CGCGTAAA	1.14295299796051
CGCGTAAC	2.34819928662855
CGCGTAAG	0.151886451468391
CGCGTACA	0.819474313302963
CGCGTATA	1.49879944353747
CGCGTATC	0.887371005495005
CGCGTCAA	0.25869883724263
CGCGTCTA	0.33919408341876
CGCGTCTC	1.03745452316528
CGCGTGAA	0.0437925880635062
CGCGTGAC	0.29740407443104
CGCGTGCA	1.24506615192832
CGCGTGCC	2.10136420784444
CGCGTGGA	0.894868154153041
CGCGTGTA	1.32236635292073
CGCGTTAA	0.829158190381348
CGCGTTAC	0.0189263002485777
CGCGTTAG	0.0973032884064437
CGCGTTGA	0.603863179352875
CGCGTTTC	1.32688395797635
CGCTAAAA	1.59196603854622
CGCTAAAC	0.834905379710244
CGCTAAAG	0.582591227276998
CGCTAACA	0.922025677844138
CGCTAACC	0.271640463978228
CGCTAAGA	0.444854724955779
CGCTAATA	0.139521417592477
CGCTAATC	0.900430833766838
CGCTACTA	0.649636724259934
CGCTACTC	0.0537128682143633
CGCTAGAG	0.4871867312316
CGCTATAC	0.654711462166223
CGCTATCC	0.488769478631432
CGCTATTC	0.18217631586972
CGCTCAAC	0.0458654393940679
CGCTCCAC	0.0688614041204001
CGCTCGAG	0.270497368633906
CGCTCGCA	0.0107617453554556
CGCTCTAA	0.169036485338605
CGCTCTCA	0.0245199717285819
CGCTCTTA	0.238411417474662
CGCTGAAA	1.7064341360149
CGCTGAAC	0.199817895152816
CGCTGACA	0.333422388893327
CGCTGCAA	1.51680139335786
CGCTGCGA	0.0879992418743744
CGCTGGTA	0.516676573040119
CGCTGGTC	0.0171280512674386
CGCTGTCC	0.554285563054057
CGCTGTGA	0.00946945660869129
CGCTTAAA	1.63619359384825
CGCTTAAC	0.515114006390375
CGCTTACA	0.39017282036661
CGCTTACC	0.195239747846927
CGCTTACG	0.326206329254386
CGCTTATA	0.327528889126286
CGCTTATC	0.842922903424146
CGCTTCAA	0.288568509597464
CGCTTCCG	0.361754720536029
CGCTTGAA	0.21886059508494
CGCTTGCC	1.20002992514059
CGCTTGGA	0.486790323640568
CGCTTTAA	0.964578951629863
CGCTTTAC	0.142446184873223
CGCTTTCA	0.310241914451895
CGCTTTGA	0.692582081190243
CGCTTTTA	0.391092485977805
CGCTTTTC	1.12201474900217
CGGAAAAC	2.83079453684438
CGGAAAAG	2.33104564905296
CGGAAACA	0.539189641246465
CGGAAAGA	1.60901444792491
CGGAAATA	0.136333579819501
CGGAAATC	0.47242739550585
CGGAACAA	0.52984883691959
CGGAACAC	0.093094160530753
CGGAACGA	0.883976315033618
CGGAACGC	0.0898883042309122
CGGAAGAA	0.0484305568785855
CGGAATAA	1.21774862371867
CGGAATAC	0.692998669531364
CGGAATAG	0.705814887319981
CGGAATTA	0.260262845374521
CGGAATTC	0.417930721372853
CGGACAAA	1.47979998806982
CGGACAAC	0.103951404078595
CGGACATA	0.598456179811192
CGGACGAA	0.475856681538818
CGGACGAC	0.0713248971133978
CGGACGTA	1.84379441149518
CGGACTAG	0.38153545932855
CGGACTCA	0.329762465716485
CGGACTGC	0.0362103919586675
CGGAGACA	0.488192885771749
CGGAGATA	0.906299107596268
CGGAGCAA	2.0169784013476
CGGAGGCA	0.504821103103948
CGGATAAC	0.920194274773569
CGGATAAG	0.631297467616622
CGGATACA	1.72819114683399
CGGATACC	0.389243785121445
CGGATAGA	0.93005257119201
CGGATATA	0.169908582038877
CGGATCAC	0.53837808679646
CGGATGAG	0.283831799255163
CGGATGCA	0.294770486544436
CGGATGGA	1.01516704691528
CGGATTAA	0.583213947565456
CGGATTAC	0.215736903267605
CGGATTGC	1.11862366224616
CGGCAAAA	1.20704633950186
CGGCAAAC	2.20400494427887
CGGCAACA	0.196195450511852
CGGCAAGA	1.90106738024755
CGGCAATC	0.720954774333123
CGGCACAA	0.261336749575683
CGGCAGAA	0.127992443363104
CGGCAGAC	0.692279369938909
CGGCAGGC	0.807703170072522
CGGCATTA	1.82043591400832
CGGCCAAC	0.468093579424251
CGGCCGAG	0.215865915919959
CGGCCTAA	1.08340176667131
CGGCGAGA	0.674011466661982
CGGCGTGA	0.233330192898701
CGGCGTTA	0.289128525412431
CGGCTAGC	0.0241740160127717
CGGCTATC	0.0431698677750485
CGGCTCAA	0.859397602907455
CGGCTGAG	0.0767794655660055
CGGCTGTC	0.148660414418461
CGGCTTAG	0.535385569854701
CGGCTTCC	0.541942872151454
CGGCTTGA	0.565988956623484
CGGGAAAA	0.403053184110867
CGGGAAAG	0.769960842959783
CGGGAATA	0.383345240166881
CGGGAATC	0.189846442385661
CGGGACAA	0.181973066886682
CGGGAGAA	0.0737321723025789
CGGGATAA	0.104516465081086
CGGGATAG	0.212998087184108
CGGGATTC	0.035431991598095
CGGGCAAA	0.120501060633664
CGGGCTTA	0.301284544376712
CGGGGAAA	0.876344387794631
CGGGGCAA	0.0634111601142406
CGGGGCGA	0.715027399735576
CGGGTAAA	0.656893866140127
CGGGTGTC	0.156321892041508
CGGGTTAA	0.0584366052173203
CGGGTTAC	0.456478837007
CGGGTTGA	1.19452778777706
CGGGTTTA	0.320223457594095
CGGTAAAA	1.53686970783915
CGGTAAAC	0.177612583385324
CGGTAAAG	0.765650811333647
CGGTAACA	1.10334827591099
CGGTAAGC	1.21254919760647
CGGTAATA	1.21644408237363
CGGTAATC	0.241986293204701
CGGTACAA	1.13617514889493
CGGTACAC	0.879476007763788
CGGTACGA	0.619678400752923
CGGTACTA	0.0272191470529767
CGGTACTC	0.0931165035040667
CGGTAGAA	1.54660836123921
CGGTAGTA	0.0592640159709667
CGGTAGTC	0.066203311037259
CGGTATAA	1.76851877218134
CGGTATCC	0.21040486079768
CGGTATTA	0.00229664143422678
CGGTATTC	0.994431326198907
CGGTCAAC	0.346454829004325
CGGTCATA	0.192602556254949
CGGTCATC	1.19740931059333
CGGTCCAA	1.11215861480696
CGGTCGTA	0.57919005014594
CGGTCTAA	0.671009580086254
CGGTCTAG	0.1050353986548
CGGTCTGA	0.0400577078149074
CGGTCTTA	1.04771787606764
CGGTGATA	0.684356984046856
CGGTGCAC	0.167979158182162
CGGTGCTA	0.0309187109889205
CGGTGTAA	0.403642750309895
CGGTGTAG	0.190676736103605
CGGTTAAA	2.0721958165552
CGGTTAAC	1.08326770883143
CGGTTAAG	2.02616208412021
CGGTTACA	0.37536807795316
CGGTTAGA	0.20216679031495
CGGTTATC	1.24491623778481
CGGTTCCA	0.83711949629143
CGGTTCGA	0.0387466798002016
CGGTTCTC	0.927574663377519
CGGTTGCA	0.341812535742798
CGGTTGGA	0.14301268735786
CGGTTGTA	0.376594779262135
CGGTTGTC	0.171562682805094
CGGTTTAA	0.222710073164403
CGGTTTAC	0.811141104998384
CGGTTTAG	0.507781907438424
CGGTTTGA	0.790518540630726
CGGTTTGC	0.0999138125786614
CGGTTTTA	0.583802793023408
CGGTTTTC	0.17827710665611
CGTAAAAA	1.62722469191587
CGTAAAAG	1.540288182756
CGTAAACA	0.926200210148247
CGTAAACC	1.03931691810205
CGTAAAGA	1.03889384309126
CGTAAAGC	0.00253520672991998
CGTAAATA	0.508517784075596
CGTAACAA	2.16186825883427
CGTAACAC	1.42073958145243
CGTAACCA	0.507471988776343
CGTAACCC	0.14815157121979
CGTAACGA	0.016147843405975
CGTAACGC	0.468172140201385
CGTAACTA	0.61160105552983
CGTAAGAA	1.91299564503226
CGTAAGAC	1.23717403716141
CGTAAGCC	0.0848243774407405
CGTAAGTA	0.164914567132942
CGTAATAA	2.96236149556698
CGTAATAC	1.04650558958016
CGTAATAG	1.72771834068905
CGTAATCA	0.109537147406781
CGTAATGA	0.553817802096638
CGTAATGC	0.499413382821192
CGTAATTA	0.157871485351907
CGTAATTC	1.73558955396481
CGTACAAA	1.34635910255324
CGTACAAC	1.56612170509305
CGTACAAG	0.765332964519746
CGTACACA	0.7582646568011
CGTACACC	0.504111173145464
CGTACACG	1.15163072049875
CGTACAGA	0.0945327597156646
CGTACAGC	0.838800264477407
CGTACATA	1.24401242847725
CGTACATC	1.47893221581599
CGTACCAA	0.558012515150835
CGTACCCA	1.1101650449946
CGTACGAG	0.254579081260191
CGTACGCA	0.296592519981036
CGTACGGC	0.429040224296808
CGTACGTC	0.971459866669112
CGTACTAA	1.48221158770544
CGTACTAC	1.62681603172657
CGTACTGC	0.705140273674152
CGTACTTA	2.23680010465553
CGTACTTC	0.853488967577847
CGTAGAAA	0.248625759983958
CGTAGACC	0.0985919734478359
CGTAGCAC	1.11894511276543
CGTAGCTA	0.652490858915367
CGTAGGCA	0.286432953793411
CGTAGGTA	2.12971599949616
CGTAGTGA	0.204368654297867
CGTAGTGC	0.23607405416972
CGTAGTTC	0.227352366425931
CGTATAAA	0.668836545746323
CGTATAAC	0.035283518936726
CGTATAAG	1.07051707848061
CGTATACA	0.979027647952459
CGTATAGA	1.07913425876858
CGTATAGC	1.33515590328959
CGTATATA	0.21930673381012
CGTATCAA	0.950587205148566
CGTATCAG	0.171421417554472
CGTATCCA	1.33139363488015
CGTATCGA	0.413643753461105
CGTATCTA	0.0126781958728297
CGTATCTC	0.494771089559663
CGTATGAA	1.10451011052325
CGTATGAG	1.11620269297656
CGTATGCC	0.530005958473853
CGTATGGA	0.84787799831205
CGTATTAA	0.396677508564917
CGTATTAC	0.560166810222828
CGTATTAG	1.55975107473462
CGTATTCA	1.31127847222902
CGTATTCC	1.52312589628752
CGTATTGA	1.48353991350594
CGTATTGC	0.0821259228574218
CGTATTTA	1.24135289391196
CGTATTTC	0.42209372181977
CGTCAAAA	1.40844662168397
CGTCAAAC	0.643823947493247
CGTCAACC	0.304044982692448
CGTCAACG	0.854535483618172
CGTCAAGA	0.158626821998093
CGTCAAGC	0.941446766840432
CGTCAATA	1.04061281055419
CGTCACGC	0.769906066638112
CGTCACTA	1.21928380220757
CGTCACTC	0.777158163330783
CGTCAGGC	0.504654611915715
CGTCAGTA	0.934130524192121
CGTCAGTC	0.0117628547080823
CGTCATAC	0.468166374272788
CGTCATAG	0.193310323990211
CGTCATCC	0.0715122897927954
CGTCATTA	0.0613267769264849
CGTCATTC	0.512512131111054
CGTCCAAA	0.2055852652318
CGTCCAAG	0.240080653803447
CGTCCACA	0.717921895891189
CGTCCGAA	0.248800179324011
CGTCCGTC	0.429280231074651
CGTCCTAA	0.97816996607368
CGTCCTAG	0.0418804619925803
CGTCCTTA	1.40783182954733
CGTCGAAA	2.0539610673677
CGTCGCAA	0.341056478355538
CGTCGCAC	0.410521503125919
CGTCGCGA	0.0627740250042912
CGTCGCTC	0.552951471324963
CGTCGGAA	0.115030635877415
CGTCGGGA	0.5284664555385
CGTCGTAA	0.251304033817188
CGTCGTAG	0.950763786711844
CGTCGTTA	1.56986235127025
CGTCGTTC	0.590873983706354
CGTCTAAC	0.197973518742902
CGTCTAAG	0.881807605140133
CGTCTACA	0.610230926747005
CGTCTACC	0.286586471642301
CGTCTAGA	0.931633156368617
CGTCTAGC	0.0988615306097375
CGTCTCAA	1.22166080627162
CGTCTCAC	0.186383281522188
CGTCTCGC	0.395729013310736
CGTCTCTA	0.492269397289711
CGTCTGAA	1.10955025285796
CGTCTGCA	0.96550510391073
CGTCTGTA	1.22472251435654
CGTCTGTC	1.23888219350822
CGTCTTAA	2.684139584466
CGTCTTAG	0.480151577602386
CGTCTTCA	0.400944295726574
CGTCTTGA	2.02971605835908
CGTCTTTA	1.21178088762094
CGTCTTTC	2.06159803979421
CGTGAAAA	1.08199127638831
CGTGAAAC	0.0084762754078865
CGTGAACA	0.32118708841084
CGTGAAGA	0.132925916018772
CGTGACAA	0.925323789001528
CGTGACCA	0.880865596555624
CGTGACGC	0.152722511114933
CGTGACTC	0.20078296745171
CGTGAGAA	0.66698279970244
CGTGAGAG	0.342722110978947
CGTGAGCA	0.355418685749182
CGTGAGTA	0.00153409737729489
CGTGATAA	1.23135765668935
CGTGATAG	1.04851573643723
CGTGATCC	0.295120766706693
CGTGATGA	0.177673125635591
CGTGATGC	2.13003096334576
CGTGATTC	0.746081249675986
CGTGCAAA	1.06125699715409
CGTGCAAC	0.595153744207354
CGTGCAAG	1.68096891236698
CGTGCAGC	0.127946315934329
CGTGCATA	1.12921927678392
CGTGCATC	0.266548428286147
CGTGCCAA	0.699604982221189
CGTGCCTA	1.43045084669165
CGTGCGAA	0.180525818808875
CGTGCGAG	0.318005737307536
CGTGCGCA	1.14579343853552
CGTGCGTA	1.21305515784084
CGTGCGTC	0.256561119215353
CGTGCTAA	0.840811132075554
CGTGCTAC	0.86640320615261
CGTGCTAG	0.987582123766941
CGTGCTGC	0.445252574028961
CGTGCTTA	2.40348733446146
CGTGCTTC	1.63379208458767
CGTGGAAG	0.444059747550492
CGTGGAGA	0.457479946359628
CGTGGCAA	0.235962339303156
CGTGGCTA	0.479969230110509
CGTGGGAA	0.075686822096904
CGTGGGGC	0.128893369706358
CGTGGTAA	0.576823136456939
CGTGGTCA	0.45751958711873
CGTGGTGA	0.496574383728325
CGTGGTTA	0.186763112068504
CGTGTAAA	1.00242146175197
CGTGTAAC	0.139521417592477
CGTGTAAG	0.780760427221655
CGTGTACA	0.300336049122531
CGTGTAGA	0.436280789132284
CGTGTAGC	0.0703951411271586
CGTGTATA	0.757985730005228
CGTGTATC	0.792893382471548
CGTGTCAC	0.158786826516656
CGTGTCAG	0.189050744239298
CGTGTCCC	0.164163554933205
CGTGTCGC	1.73930569494547
CGTGTCTA	0.680422458520589
CGTGTCTC	1.10476092841722
CGTGTGAC	0.927178976527562
CGTGTGAG	0.449431430779519
CGTGTGCA	0.00176617600331828
CGTGTGCC	0.0570044927020818
CGTGTGTC	0.311088785214557
CGTGTTAA	2.31222061292536
CGTGTTAC	0.678010138143889
CGTGTTCC	0.700389148510359
CGTGTTGC	0.636855822783971
CGTGTTTA	1.26689307463165
CGTTAAAA	1.29072365752237
CGTTAAAC	2.10778601081917
CGTTAAAG	2.3446813494434
CGTTAACA	1.94344623469322
CGTTAACC	0.0584366052173203
CGTTAACG	0.402926333681737
CGTTAAGA	0.356360694333689
CGTTAAGC	1.07153476487795
CGTTAATA	1.56986235127025
CGTTAATC	0.970879670104057
CGTTACAA	0.573222314048215
CGTTACAC	0.819993246876677
CGTTACAG	2.00787832453964
CGTTACCA	1.65208016861468
CGTTACGA	0.312420714720426
CGTTACTA	0.683025054540987
CGTTAGAA	0.339042727793092
CGTTAGAC	0.73821796455205
CGTTAGAG	0.588599324874901
CGTTAGTA	1.59792800871535
CGTTAGTC	1.7421684784938
CGTTATAA	1.08664654298918
CGTTATAC	0.0422732658782394
CGTTATAG	0.315031238892643
CGTTATCA	1.87879503956013
CGTTATCC	0.351032255569138
CGTTATGC	0.366208900377086
CGTTATTA	1.45780585343719
CGTTATTC	0.0319854077793345
CGTTCAAA	0.0868532635657525
CGTTCAAG	0.29171886883456
CGTTCACA	0.217792456812377
CGTTCACC	0.959850169439383
CGTTCCAA	1.53708737164368
CGTTCCAG	1.32341719340751
CGTTCCGA	0.614401855345743
CGTTCGAA	0.101219795405845
CGTTCGGA	0.0904951682157293
CGTTCTAA	1.69810381067463
CGTTCTAC	0.302168893675253
CGTTCTAG	0.281746695326333
CGTTCTCA	2.26508919183375
CGTTCTGC	0.351034417792362
CGTTCTTA	0.721033335110255
CGTTGAAA	1.55843860523777
CGTTGAAC	0.952758077265275
CGTTGAAG	0.857192135219165
CGTTGACC	0.0983685437147089
CGTTGAGA	1.19502654060068
CGTTGAGC	0.68285495964738
CGTTGATA	0.93777603254747
CGTTGATC	0.582589065053775
CGTTGCAA	0.318029521762997
CGTTGCAC	0.56835659105356
CGTTGCAG	0.531914480839407
CGTTGCTA	0.656245199172982
CGTTGGCA	0.141483995538625
CGTTGGCC	0.293963256540879
CGTTGGTA	1.53809064321953
CGTTGTAA	0.281840391666031
CGTTGTAC	0.708266848455787
CGTTGTCA	0.286879092518591
CGTTGTCC	0.270497368633906
CGTTGTGA	0.755068890876303
CGTTGTGC	0.67372605319644
CGTTGTTA	3.40395955197716
CGTTGTTC	2.24950244535435
CGTTTAAA	2.3604410737807
CGTTTAAC	2.43784506148785
CGTTTAAG	1.75371907495541
CGTTTACA	0.294523272355847
CGTTTAGA	0.214170012171415
CGTTTAGC	0.209808087187908
CGTTTATA	1.02439685711666
CGTTTATC	1.94906729433406
CGTTTCAA	1.0281108358741
CGTTTCAG	2.16993263071802
CGTTTCCA	1.01137522812178
CGTTTCGA	0.859898517954305
CGTTTCTA	0.788876692462777
CGTTTCTC	0.792376611121058
CGTTTGAA	0.577409098950592
CGTTTGAC	0.18901038273912
CGTTTGAG	0.408736227484124
CGTTTGCA	0.888169586605666
CGTTTGGA	0.502991862256602
CGTTTGGC	0.292354562462362
CGTTTGTA	1.7286307988895
CGTTTGTC	0.104000414471669
CGTTTTAA	3.45771962873191
CGTTTTAG	0.768210883630642
CGTTTTCA	1.21549198341408
CGTTTTCC	1.91526453793511
CGTTTTGA	1.0616000699056
CGTTTTGC	0.0918025925250614
CGTTTTTA	1.06778258684356
CGTTTTTC	1.26529158796388
CTAAAAAA	1.71867520242599
CTAAAAAC	1.30404727702751
CTAAAAAG	0.957215140070628
CTAAAACA	1.89923093198946
CTAAAACC	0.895446188494874
CTAAAAGA	1.87782203910941
CTAAAAGC	0.408395316955835
CTAAAATA	1.21132826222609
CTAAAATC	0.793972331860232
CTAAACAA	2.02944578045611
CTAAACAC	1.19926377737828
CTAAACCA	1.09213066182585
CTAAACCC	0.109509759245944
CTAAACTA	1.21525413885946
CTAAACTC	1.59637841540495
CTAAAGAA	0.90832799372128
CTAAAGAC	1.53652447286442
CTAAAGAG	0.696645619368862
CTAAAGCA	0.537772664293792
CTAAAGGC	0.225172845416326
CTAAAGTA	1.65602262229277
CTAAAGTC	1.28792574067076
CTAAATAA	2.04473414013062
CTAAATCA	1.58167097303657
CTAAATCC	0.784604860113597
CTAAATGA	1.5402060182735
CTAAATGC	1.20888350850103
CTAAATTA	0.803822700126852
CTAAATTC	0.430235212998502
CTAACAAA	1.5019289012834
CTAACACA	0.50406360423454
CTAACACC	0.256863830466687
CTAACAGA	1.38394935329924
CTAACAGC	0.486858794042657
CTAACATA	2.17106419420515
CTAACCAG	0.571220095342963
CTAACCCA	0.411802980756565
CTAACCGA	0.160644897006985
CTAACCTA	1.24509209860701
CTAACCTC	1.23413683427302
CTAACGAA	0.860264654420204
CTAACGAC	0.333631403804961
CTAACGCA	1.02805461807028
CTAACGGA	0.0248270074263634
CTAACGTA	0.554648095814582
CTAACTAA	0.600714982339003
CTAACTAC	0.08509033089727
CTAACTCA	1.0556741367902
CTAACTGA	0.566254910080013
CTAACTTA	0.761655022816039
CTAACTTC	0.43204283161361
CTAAGAAA	0.83549494590927
CTAAGAAC	1.46340312862257
CTAAGAAG	1.25073405973901
CTAAGATA	1.54518850132224
CTAAGCAA	0.733612429085328
CTAAGCAC	0.509190956239276
CTAAGCAG	0.32348336947453
CTAAGCCA	0.503113667498211
CTAAGCTA	0.206463848601742
CTAAGCTC	0.026855172810301
CTAAGGAA	0.888857173590838
CTAAGGAC	0.78008004764723
CTAAGGAG	0.010296867362336
CTAAGGCA	2.03414645374468
CTAAGGCC	0.241395285523525
CTAAGGGA	0.379224763443367
CTAAGGTA	0.478562343532882
CTAAGTAA	2.56425007263414
CTAAGTCC	0.356297269119124
CTAAGTGA	0.906567223276021
CTAAGTGC	0.217486862596744
CTAAGTTA	0.184684494809343
CTAAGTTC	1.0949444349811
CTAATAAA	2.08905827473665
CTAATAAC	1.7430679633549
CTAATAAG	0.664592822299052
CTAATACA	1.08240930621158
CTAATACC	0.309094494661126
CTAATAGA	0.33919408341876
CTAATATA	0.288201652390491
CTAATATC	1.34328586261113
CTAATCAA	1.7514148657399
CTAATCAC	0.173688868975178
CTAATCAG	0.464404105863353
CTAATCCA	1.6484923195453
CTAATCGA	0.0550606540238747
CTAATCTA	0.396111726821352
CTAATGAC	0.825922062956373
CTAATGAG	0.891213276163721
CTAATGCC	0.828059780983651
CTAATGGA	0.131440468664011
CTAATGGC	0.0611862324169362
CTAATTAA	1.31912662179038
CTAATTAC	2.56642022400978
CTAATTCA	0.866817632270509
CTAATTCC	0.0141622017454415
CTAATTGA	1.14192522118812
CTAATTGC	0.872330580750158
CTAATTTA	0.493024733935896
CTAATTTC	0.257629257487917
CTACAAAA	0.333631403804961
CTACAAAC	0.482373622335391
CTACAAAG	1.21342561875319
CTACAACA	1.28432347677988
CTACAACC	1.26368938055503
CTACAAGA	2.00375280262861
CTACACAA	1.29791521196477
CTACACAG	0.173125249454837
CTACACGA	0.442659347642534
CTACACGC	1.64755968059476
CTACAGAA	0.71277075943099
CTACAGAC	0.167979158182162
CTACAGAG	0.678010138143889
CTACAGGA	0.0542145040022883
CTACAGTC	1.01500055572705
CTACATAA	1.78161319602475
CTACATAG	0.302800983597679
CTACATCA	0.704866392065802
CTACATGA	0.590755061429044
CTACATGC	0.891538330388368
CTACATTA	1.34605855352513
CTACCAAA	0.856137691027019
CTACCAAC	0.628449098889784
CTACCACA	0.613410115627087
CTACCCAG	0.22509356389812
CTACCCGA	0.599641078137843
CTACCCTA	0.743210537975836
CTACCGAA	0.0216889007875365
CTACCGAC	0.13348160738729
CTACCGCA	0.450270373390358
CTACCTAA	1.27166149758123
CTACCTAC	1.65759239635326
CTACGAAA	1.08607355383487
CTACGAAC	0.389703617927042
CTACGAAG	0.778027377066756
CTACGACA	0.223515140944736
CTACGAGA	0.431277404592379
CTACGCAC	0.5677367537294
CTACGGAA	2.08547475011371
CTACGGAC	0.0162343323349288
CTACGGCA	0.279895111505675
CTACGTCC	1.21608515331848
CTACTAAA	2.34223010904867
CTACTAAC	0.960926956604842
CTACTAAG	0.148549420292974
CTACTACA	0.696185786563265
CTACTATA	0.725073088833412
CTACTCAA	0.703456622523876
CTACTCAC	0.765650811333647
CTACTCAG	0.122470125249484
CTACTCCA	0.690095524482857
CTACTCCC	0.96550510391073
CTACTCGA	0.978555562548593
CTACTCTA	0.63017815672776
CTACTGAA	1.4980549180074
CTACTGAC	0.596185845426188
CTACTGCA	0.511393540963267
CTACTGTA	0.0732182839163854
CTACTGTC	1.33343477360343
CTACTTAA	1.0332165656466
CTACTTAC	0.649719609483512
CTACTTCA	0.624190239879947
CTACTTCC	0.611310596876764
CTACTTGA	0.576647275634734
CTACTTGC	0.484104842396591
CTACTTTA	0.28331935235112
CTACTTTC	1.29499621061263
CTAGAAAA	1.87330587553594
CTAGAAAC	1.02973754847948
CTAGAAAG	1.14679238566493
CTAGAACA	0.610501204649983
CTAGAAGA	0.626746708471569
CTAGAATA	0.259160111530376
CTAGACAC	1.06703806131349
CTAGACGA	1.39730252318844
CTAGACGC	0.0162343323349288
CTAGACTA	0.960689112050224
CTAGAGAA	1.30521920201482
CTAGAGAC	0.278571110151626
CTAGAGCC	0.478671896176223
CTAGAGTA	0.180398968379746
CTAGATAA	1.0668758945717
CTAGATAC	0.0207822085156838
CTAGATAG	0.0487866029694409
CTAGATCA	0.387320127193325
CTAGATTC	0.516956220577064
CTAGCAAC	0.572617612286621
CTAGCAAG	0.538242587474434
CTAGCACA	0.321336281813283
CTAGCAGA	1.3755894775749
CTAGCCAA	0.891367514753687
CTAGCCAC	0.0588704913442331
CTAGCCCA	0.336723383015015
CTAGCCTA	0.0236421090997144
CTAGCTCA	0.359869982625939
CTAGCTGA	0.517630834222895
CTAGCTTA	0.100927174529555
CTAGGAAA	0.327258611223308
CTAGGAAC	0.250960961065675
CTAGGACA	0.867484317764518
CTAGGAGC	1.21805998386289
CTAGGCAA	0.506702958049741
CTAGGCCA	0.00496482489241314
CTAGGGAA	1.15010419090273
CTAGGTAA	0.681003375826721
CTAGGTCA	0.593210626270222
CTAGGTGA	0.272111828641019
CTAGGTGC	0.305927558379314
CTAGTAAA	0.538683681012091
CTAGTAAG	0.566412031634277
CTAGTACA	0.492442375147617
CTAGTAGA	0.506022578475315
CTAGTATA	0.715306326531448
CTAGTATC	0.100029131150597
CTAGTCAA	0.9507082896491
CTAGTCAC	0.505852483581709
CTAGTCGA	0.193048694980128
CTAGTCTA	0.408973351297669
CTAGTCTC	0.0353267634012013
CTAGTGAA	0.129800782719285
CTAGTGCA	0.512512131111054
CTAGTGTA	0.630581050988465
CTAGTTAC	0.753761466566973
CTAGTTGA	1.16459829391303
CTAGTTTA	0.836256048484053
CTAGTTTC	1.29898479171949
CTATAAAA	1.35664696065215
CTATAAAC	1.38322500851926
CTATAAAG	0.898742858170115
CTATAACA	0.758168077497103
CTATAACC	0.877527123898057
CTATAAGA	2.30150247240492
CTATAATA	1.53526245524278
CTATAATC	2.03724996481192
CTATACAA	2.0598841175188
CTATACAC	0.258231797026286
CTATACAG	0.355057594470805
CTATACCA	2.02830124362964
CTATACCC	0.726582320643635
CTATACGA	1.02111171929862
CTATACGC	1.53374313305752
CTATACTA	0.914191222363188
CTATACTC	0.335623532135169
CTATAGAG	0.17392238908335
CTATAGGC	1.84735631388588
CTATAGTA	0.401862519855621
CTATAGTC	0.447107761554993
CTATATAA	3.07897523921477
CTATATAC	0.21930673381012
CTATATAG	1.03868987336715
CTATATCA	0.884950036225408
CTATATGC	1.42730120819563
CTATATTA	2.08819626841142
CTATCAAA	0.417780807229336
CTATCAAC	0.778027377066756
CTATCAAG	0.293963256540879
CTATCACC	0.347882617073116
CTATCAGA	0.395372967219882
CTATCATA	0.740840020581462
CTATCCAA	0.148862221919352
CTATCCAC	0.0634111601142406
CTATCCCC	0.409195339548647
CTATCCGA	0.216144121974756
CTATCCGC	0.963998755064806
CTATCCTA	0.192010107091625
CTATCGAA	0.689813714722687
CTATCGGA	0.919729396780448
CTATCGTA	0.449917931004876
CTATCTAA	1.45648185208314
CTATCTAC	2.4489603303404
CTATCTCA	0.37070992838799
CTATCTGA	0.142467086364386
CTATCTTA	1.81845027234779
CTATCTTC	0.142446184873223
CTATGAAA	0.0313050282049082
CTATGAAG	1.50330767895912
CTATGAGA	1.03204896510574
CTATGATA	0.492739320470354
CTATGATC	0.414262149303116
CTATGCAA	0.0667193616466757
CTATGCAC	0.68666335548559
CTATGCAG	0.0305778004606329
CTATGCGA	0.620587255247999
CTATGGAA	0.720505752643644
CTATGGTA	0.473935906574997
CTATGGTC	0.964341827816318
CTATGTAA	0.774896477838674
CTATGTAC	1.35451500855347
CTATGTCC	0.640335560692162
CTATGTGA	0.258028548043248
CTATGTTA	1.10953151359002
CTATGTTC	0.0223000892188001
CTATTAAA	1.08150982135047
CTATTAAC	0.424696317840167
CTATTAAG	0.513908927313638
CTATTACA	1.87925487236572
CTATTAGA	0.777953140736072
CTATTATA	0.267632422862353
CTATTATC	0.257131225405364
CTATTCAA	2.46873025801681
CTATTCAC	0.705350730067936
CTATTCAG	0.874298203883828
CTATTCCA	1.57574359843902
CTATTCCC	0.383345240166881
CTATTCGA	0.160729223712714
CTATTGAA	0.927909807977209
CTATTGAC	0.206791785790689
CTATTGAG	0.650277463075257
CTATTGGA	0.443859381531751
CTATTGTA	0.914364200221093
CTATTTAA	1.51582262697855
CTATTTAC	0.452583952239838
CTATTTCC	0.59401497330948
CTATTTTA	0.880908841020101
CTATTTTC	0.6104694920427
CTCAAAAA	0.898202302364161
CTCAAAAC	1.8850424231948
CTCAAAAG	0.572534006321968
CTCAAACA	1.20120401235112
CTCAAACC	0.155912511111132
CTCAAAGA	1.44158917925859
CTCAAAGC	0.571075226386968
CTCAAATC	0.703456622523876
CTCAACAC	1.71560628693032
CTCAACCA	0.913706884361054
CTCAACGA	1.54510345387543
CTCAACGC	0.357144860622859
CTCAACTA	1.4408763663358
CTCAAGAA	1.98179470504971
CTCAAGAC	1.07406528679088
CTCAAGCA	0.604645904159896
CTCAAGTA	1.46996475536576
CTCAATAA	1.30262165118194
CTCAATAC	0.499283649427762
CTCAATCA	0.383758224802629
CTCAATCC	0.148373559470768
CTCAATGA	0.0224009929692456
CTCAATTA	0.203683229535918
CTCAATTC	0.240902298628496
CTCACAAC	0.394572223885998
CTCACAAG	0.0641218108138009
CTCACACA	0.361059926140111
CTCACCAC	0.864301525179064
CTCACCCA	1.21459610225835
CTCACGAG	0.041889110885475
CTCACGCA	0.895611958942032
CTCACGTA	0.199304006766622
CTCACTAA	0.499083283409023
CTCACTGC	0.504261087288981
CTCACTTA	0.694927372647005
CTCAGAAA	0.0733588284259324
CTCAGAAC	0.112221187168608
CTCAGAAG	1.14573217554418
CTCAGATA	0.778902356731325
CTCAGCCA	0.510055845528802
CTCAGCTA	0.156120084540618
CTCAGCTC	0.45338397483265
CTCAGTAA	0.42584734133631
CTCAGTTA	0.0600395333672415
CTCATAAA	0.500811620505923
CTCATAAC	0.239126392620671
CTCATACA	0.706341028304443
CTCATATA	0.185934259832709
CTCATCAC	0.987966999500778
CTCATCCA	0.539633617748421
CTCATGAC	0.758465022819841
CTCATGTA	0.752974417313504
CTCATTAA	0.953085293713146
CTCATTTA	1.02322132842398
CTCCAAAA	1.31318194940705
CTCCAAAC	0.297806968691745
CTCCAACA	2.03506467787372
CTCCAATA	0.226467296386317
CTCCACAC	0.101502325907089
CTCCATAA	0.038097292091982
CTCCATTA	0.912604871257983
CTCCATTC	0.539025312281453
CTCCCACA	0.704449803724681
CTCCGTAC	0.000165410076622001
CTCCGTCC	0.608040594621283
CTCCGTTA	1.82729808977963
CTCCGTTC	0.463405158733951
CTCCTAAG	0.912797309124903
CTCCTGAA	0.426730969893774
CTCCTTAA	0.104184924186767
CTCCTTCA	0.195342093079521
CTCCTTGC	0.385532689328306
CTCCTTTC	0.476138491298989
CTCGAAAA	1.01884282639576
CTCGAAAG	0.366605307968117
CTCGAACA	1.43287830263092
CTCGACAA	1.1974467891292
CTCGAGAA	0.724193784722396
CTCGAGAC	0.036647161049878
CTCGAGGA	0.370405054913432
CTCGAGTA	0.255585235800339
CTCGATGC	0.996277864832044
CTCGATTA	1.20257702409824
CTCGCAAA	0.0667755794504955
CTCGCAAC	0.104990712708174
CTCGCACA	0.158401230041743
CTCGCACC	0.164028055611178
CTCGCAGC	0.417930721372853
CTCGCATA	0.0335984263043009
CTCGCGAC	0.127967938166567
CTCGCGTA	0.570732153635457
CTCGCGTC	0.196673301844316
CTCGCTAA	0.215300134176394
CTCGCTCA	0.017776718234582
CTCGCTGA	0.28844093842726
CTCGGAAC	0.133535662967885
CTCGGCCC	0.126180500301547
CTCGGTAC	1.63990973482891
CTCGGTCC	0.166121087691831
CTCGGTGC	0.326733911720997
CTCGGTTA	1.01252481013578
CTCGTAAA	0.920463831935469
CTCGTACC	0.618639812864418
CTCGTCAA	0.377065423183854
CTCGTCAG	0.538242587474434
CTCGTCGA	0.140221977916993
CTCGTCTA	0.58845517665998
CTCGTGTA	0.649719609483512
CTCGTTAA	0.733556211281508
CTCGTTCC	0.504460011825571
CTCGTTGA	0.381730780159768
CTCGTTTA	2.03378752468953
CTCGTTTC	0.785422180492198
CTCTAAAA	0.832464950431634
CTCTAAAC	0.602938468554159
CTCTAAAG	0.176841390435498
CTCTAACA	1.35168105464812
CTCTAATA	0.403053184110867
CTCTAATC	1.10592132154733
CTCTACAA	0.52850105111008
CTCTACAC	0.0262504710487072
CTCTACAG	0.0374738510624483
CTCTACCA	0.598472036114835
CTCTACGA	0.404684941903772
CTCTACTC	1.11713461118603
CTCTAGAA	0.901986913746909
CTCTAGAG	0.462857395517251
CTCTAGCA	0.527548231409453
CTCTAGTA	0.226222244420951
CTCTATAC	0.431679578112009
CTCTATCC	1.03385298001547
CTCTATGA	0.361348222569952
CTCTATGC	0.915023678304356
CTCTCAAA	0.559765357444274
CTCTCAAC	0.613165063661721
CTCTCAGA	0.257676105657766
CTCTCATC	1.1735844936312
CTCTCCAA	0.13748532405672
CTCTCGAA	0.593212067752371
CTCTCGTA	0.239712355114323
CTCTCTAA	0.0509452224878803
CTCTCTAC	0.573868818792135
CTCTCTCA	0.301972131361884
CTCTCTTA	0.589990355148888
CTCTGAAA	1.01656960904646
CTCTGAGA	1.01333924755008
CTCTGATA	0.986631466289537
CTCTGATC	1.12438454565547
CTCTGCTA	0.0833223530412648
CTCTGGAA	0.822874048951871
CTCTGTAA	1.54640006706865
CTCTGTGC	0.250648159439297
CTCTGTTA	0.953656120644232
CTCTGTTC	0.940917022150598
CTCTTAAA	2.07209058835831
CTCTTAAC	1.36931254355617
CTCTTACC	1.78574448386439
CTCTTATA	1.72059525664873
CTCTTCAA	0.984853398058488
CTCTTCAC	1.2729876611585
CTCTTCAG	0.761261498189306
CTCTTCGA	0.654848402970398
CTCTTCGC	0.995915332071517
CTCTTGCA	0.113586270763908
CTCTTGGC	0.884511104910973
CTCTTGTA	0.542015666999989
CTCTTGTC	0.182469657487084
CTCTTTAA	2.77698112525011
CTCTTTAC	1.7239452611635
CTCTTTCA	1.47651196728747
CTCTTTCC	1.79601432343642
CTCTTTGA	0.214222626269861
CTCTTTGC	0.775288560983258
CTCTTTTA	3.74280731930957
CTCTTTTC	0.749998477416462
CTGAAAAA	1.56488779637333
CTGAAAAC	0.998193594608342
CTGAAAAG	0.357969388412207
CTGAAACA	0.782833999293294
CTGAAACC	0.8152161750342
CTGAAAGA	1.4692627535591
CTGAAAGC	0.810255314217697
CTGAAATA	0.413204822146673
CTGAAATC	1.47735451360368
CTGAACAA	0.924641247203879
CTGAACAC	0.704754677199239
CTGAACCA	0.109256058387685
CTGAACTA	0.244928358271236
CTGAACTC	0.725390214906239
CTGAAGAA	0.752612605294051
CTGAAGCA	0.259275430102314
CTGAAGTA	0.0286555840146618
CTGAAGTC	1.28836971717271
CTGAATAA	1.18544789171919
CTGAATCC	1.03829995244579
CTGAATTA	1.48740164418367
CTGACAAA	1.36579460637103
CTGACAAC	0.889170695958293
CTGACACA	1.10909114079344
CTGACAGA	1.09270509246231
CTGACCAC	0.712480300777924
CTGACCTA	1.01660852906449
CTGACGAC	0.692397571475144
CTGACGGA	0.60499546358108
CTGACGTA	0.0104993956042999
CTGACTAA	0.400168778330301
CTGACTAC	0.468361695104005
CTGACTGA	0.237131381326165
CTGACTGC	0.579757273371654
CTGACTTA	1.59697807197902
CTGACTTC	0.672039519081864
CTGAGAAA	0.858447666171127
CTGAGAAG	0.194953613640308
CTGAGACC	0.7189006622705
CTGAGATA	0.328305127263635
CTGAGCAA	0.856870684699892
CTGAGCTA	0.101166460566324
CTGAGGCA	0.0460585980020626
CTGAGGTA	1.18020954558896
CTGAGTAA	0.415282718664756
CTGAGTGA	0.326961665900572
CTGAGTTA	0.4235856558442
CTGAGTTC	0.0574809025523954
CTGATAAA	2.95535445083968
CTGATAAC	0.475747128895477
CTGATAAG	0.58741730951255
CTGATACA	1.20270891971489
CTGATATA	0.67888079336201
CTGATATC	0.161429063296155
CTGATCAA	0.64093305504301
CTGATCAG	0.817071362560231
CTGATCTA	0.0507189097904556
CTGATCTC	0.179487951661445
CTGATGAC	0.0509380150771361
CTGATGCA	0.150538665658881
CTGATGCC	0.0396699491167692
CTGATGGC	0.966531439200966
CTGATGTA	0.400858527538697
CTGATGTC	0.23586431851701
CTGATTAA	3.37928498128808
CTGATTAC	0.485983093637011
CTGATTGA	0.73073883442088
CTGATTGC	0.806907471926158
CTGATTTA	0.459782714092988
CTGATTTC	0.0623401388773784
CTGCAAAA	2.3761553914303
CTGCAAAG	0.0427316572016876
CTGCAAGA	0.379051785585463
CTGCAATA	1.50815826639121
CTGCAATC	0.76697697491092
CTGCACAA	0.108718385546029
CTGCACAC	0.217792456812377
CTGCACAG	0.712656161600127
CTGCACCA	0.829019808095024
CTGCACGA	0.814501199888191
CTGCAGAA	0.367501909864926
CTGCAGAC	0.466870481820648
CTGCAGCA	0.113923577586824
CTGCAGTA	0.074992027700986
CTGCAGTC	1.04342442148622
CTGCATAA	0.652582393031842
CTGCATAC	1.337777959319
CTGCATCA	0.877687849157692
CTGCATCC	0.156387479479297
CTGCATTA	0.845769830668834
CTGCATTC	0.4616724971906
CTGCCAAA	0.569011023949301
CTGCCAAC	1.47979998806982
CTGCCAAG	0.00896133415109484
CTGCCCAA	0.0756623169003687
CTGCCGAA	0.208289485743716
CTGCCGGC	1.25368549443952
CTGCCTAA	0.415551555085583
CTGCCTTC	0.278026950640298
CTGCGAAG	0.139291501189677
CTGCGCAA	0.245095570200545
CTGCGTGA	0.923276884349652
CTGCGTTA	0.116735909259929
CTGCGTTC	0.0756623169003687
CTGCTAAA	0.160203803469327
CTGCTAAC	0.933802587003176
CTGCTACA	0.0282865645844651
CTGCTAGA	1.48425200568765
CTGCTATA	0.161283473599085
CTGCTATC	0.128247585703514
CTGCTCAA	0.0607905455669793
CTGCTGCA	1.18231915471433
CTGCTGCC	0.272864282322906
CTGCTGTA	0.648001362761655
CTGCTTAA	0.500245118021284
CTGCTTGA	0.118501724892711
CTGCTTTA	0.284902099750951
CTGCTTTC	0.823898222018884
CTGGAAAA	1.275272410365
CTGGAAAC	0.951799491636051
CTGGAACA	0.102443613750522
CTGGAAGA	1.03498021905616
CTGGAATA	0.568261453231712
CTGGAATC	0.216052587858281
CTGGACAA	0.121628299674346
CTGGACTA	0.807284419508175
CTGGAGAA	0.00811085968306197
CTGGAGAC	0.618543954301495
CTGGAGTA	0.0756623169003687
CTGGATAA	2.30974414659302
CTGGATGA	0.19166198915259
CTGGATTA	1.71320549841082
CTGGATTC	0.200454309521691
CTGGCATA	0.721365596745648
CTGGCGAA	0.891047505716562
CTGGCGTA	0.267817653318525
CTGGCTTA	0.243933735588282
CTGGGAAG	0.0801964990007047
CTGGGACA	0.564050883873872
CTGGGATA	0.502754738443058
CTGGGGCA	0.300316589113519
CTGGTAAA	0.471499801742832
CTGGTAAC	0.186441661549231
CTGGTAAG	0.541178165871299
CTGGTAGA	0.525646916454647
CTGGTATA	1.24401531144155
CTGGTCTC	0.897601204307941
CTGGTGCA	0.56815334207052
CTGGTTAA	1.47932718192488
CTGGTTAC	1.07738069573406
CTGGTTCA	1.03623430852597
CTGGTTGA	0.925388655698243
CTGGTTTA	1.142513345905
CTGTAAAA	0.247559063193542
CTGTAAAC	1.60579705976788
CTGTAAAG	1.52177162380834
CTGTAACA	0.719980332400259
CTGTAATA	1.61543120571212
CTGTAATC	0.899085210180552
CTGTACAA	1.40401910926268
CTGTACGA	0.205500938526071
CTGTAGAA	1.14607813125999
CTGTAGCA	0.687832397508598
CTGTAGTC	0.951130643918817
CTGTATAA	1.459968076661
CTGTATAC	0.611266631671213
CTGTATCA	0.166001444673445
CTGTATCC	0.375600156579182
CTGTATGA	0.359353211275448
CTGTATTA	2.03560811664398
CTGTATTC	1.06399437175543
CTGTCACA	0.219285111577884
CTGTCATC	0.819588190392749
CTGTCCAA	0.225324201041993
CTGTCCGA	0.150838493945917
CTGTCCTA	0.773507609787911
CTGTCGAA	0.780155004718988
CTGTCGAC	0.121626858192197
CTGTCGGC	0.165526476305282
CTGTCTAA	0.671968886456553
CTGTCTCA	0.8813657908614
CTGTCTCC	0.0591004077470316
CTGTCTTA	0.949820336645187
CTGTCTTC	0.0858190001236957
CTGTGAAA	1.10239761843359
CTGTGAAC	0.398436116786951
CTGTGAAG	0.302379350069037
CTGTGAGA	0.63906273195441
CTGTGATA	0.146625762364854
CTGTGCAC	0.898202302364161
CTGTGCCA	0.14398136336213
CTGTGGAA	0.406821218448899
CTGTGTAA	1.52521676614495
CTGTGTAC	1.38428521864001
CTGTGTCA	0.023682470599892
CTGTGTTA	1.02725531621855
CTGTGTTC	0.794278646816937
CTGTTAAA	0.936799428391382
CTGTTAAG	1.14769259126711
CTGTTACC	0.0426177801119008
CTGTTAGA	1.04488608438552
CTGTTAGC	1.11684559401511
CTGTTATA	1.83307555023366
CTGTTCAA	0.979942989117208
CTGTTCAC	0.185044865346647
CTGTTCGA	0.723597011112624
CTGTTCGC	0.610032002210415
CTGTTCTA	0.535109526023128
CTGTTGAA	0.560914218717194
CTGTTGCA	0.772819302061663
CTGTTGCC	0.545820459132827
CTGTTGGC	0.0910169847537431
CTGTTGTA	1.30075853550409
CTGTTGTC	0.726515291723696
CTGTTTAA	2.04643220610239
CTGTTTAC	0.26908471612768
CTGTTTCA	0.133673324513136
CTGTTTCC	0.04073448368396
CTGTTTGA	0.272646618518376
CTGTTTGC	0.280390260623927
CTGTTTTA	2.15362370168187
CTGTTTTC	1.28614767243971
CTTAAAAA	1.27668506287122
CTTAAAAC	3.27057416352333
CTTAAAAG	1.53392908425477
CTTAAACA	1.6694514699948
CTTAAACC	0.106915091377369
CTTAAAGA	1.61357962189146
CTTAAAGC	0.963386125151393
CTTAAATA	2.12453315042868
CTTAACAA	2.42284643972533
CTTAACAC	1.16748846562219
CTTAACCA	1.08217866906771
CTTAACCC	1.11896961796197
CTTAACGA	1.48437236944711
CTTAACTA	1.00922886120161
CTTAACTC	0.233841198320595
CTTAAGAA	1.50915577203846
CTTAAGAC	1.46071043996784
CTTAAGCA	1.3242064048842
CTTAAGGA	0.324950798302425
CTTAAGGC	0.186510852692392
CTTAAGTA	0.453301810350144
CTTAAGTC	0.0559241018312488
CTTAATAA	1.66824062498946
CTTAATAC	1.85552879693082
CTTAATCA	1.34930837503052
CTTAATCC	1.2897665133753
CTTAATGC	0.0548098361299113
CTTAATTA	0.975694941223488
CTTAATTC	1.62704162368292
CTTACAAA	2.15878060407066
CTTACAAC	1.19688677331424
CTTACAAG	0.93189046093225
CTTACACA	1.69624718166645
CTTACACC	0.570902248529063
CTTACAGA	0.816644683844064
CTTACATA	0.774896477838674
CTTACATC	2.29076919632191
CTTACCAA	1.03997495470317
CTTACCCA	1.26126841128543
CTTACCGA	0.444090739416698
CTTACCGC	1.21254919760647
CTTACCTA	0.973706416598654
CTTACCTC	0.739933328309609
CTTACGAA	1.0010441255584
CTTACGAC	0.251304033817188
CTTACGCA	1.62776236475752
CTTACGGA	0.108885597475338
CTTACGTA	0.79096684157913
CTTACTAA	0.908905307322038
CTTACTCA	0.865039564039459
CTTACTGA	1.64351920613053
CTTACTGC	0.0463252721996665
CTTACTTA	3.03667782851053
CTTACTTC	0.65123749018663
CTTAGAAA	0.776111647290457
CTTAGAAC	1.5964620213696
CTTAGACA	0.78266462514076
CTTAGAGA	0.73578690490741
CTTAGATA	1.10548022800967
CTTAGCAA	1.40604943686984
CTTAGCAC	0.916774358374571
CTTAGCGA	1.00198757562506
CTTAGCTA	0.148377883917217
CTTAGCTC	0.760767069812127
CTTAGGGC	0.0255578388760124
CTTAGGTA	0.686484611699088
CTTAGGTC	0.268561458107517
CTTAGTAA	0.460403992899297
CTTAGTAC	0.0447547773981042
CTTAGTCA	2.47454807997101
CTTAGTCC	0.289601331557372
CTTAGTGA	0.526124047046035
CTTAGTTA	2.12031969810654
CTTAGTTC	0.761622589467682
CTTATAAA	1.78667856429707
CTTATAAC	2.05356610125882
CTTATAAG	0.264534677723702
CTTATACA	2.89922457743163
CTTATACC	2.66457578873694
CTTATAGA	0.509208254025067
CTTATAGC	0.803849367546611
CTTATATA	0.955449324437848
CTTATATC	0.925304328992514
CTTATCAA	1.49715543314629
CTTATCAC	0.465430441153589
CTTATCCA	0.637592420162218
CTTATCGC	0.948150379575328
CTTATCTA	1.79444382863486
CTTATCTC	1.85192725378102
CTTATGAA	2.38091588622807
CTTATGAC	1.00619309979538
CTTATGGA	0.14301268735786
CTTATGGC	0.280283590944886
CTTATGTA	1.33360630997919
CTTATTAA	2.20771459858986
CTTATTAC	2.28137361567337
CTTATTCA	1.38150027512773
CTTATTCC	1.15225055782291
CTTATTGA	1.04190005411343
CTTATTGC	0.162981539570853
CTTATTTA	1.04709011059166
CTTATTTC	1.18921016012862
CTTCAAAA	0.448610506695543
CTTCAAAC	0.846013441152049
CTTCAAAG	1.58623614700311
CTTCAACA	0.143457384600891
CTTCAAGA	0.844729801298178
CTTCAAGC	0.10747726941556
CTTCAATA	0.780617720488884
CTTCAATC	0.539465685078038
CTTCACAA	0.676365407011641
CTTCACAC	0.818610144754512
CTTCACCA	0.00565097039543646
CTTCACTA	0.964041278788208
CTTCAGAA	1.35475861903668
CTTCAGAC	0.143262063769675
CTTCAGGA	0.992452171208044
CTTCAGTA	2.28074585019739
CTTCAGTC	0.298836907687355
CTTCATAA	1.39626033159456
CTTCATAC	0.784354042219635
CTTCATGC	0.424107472382214
CTTCATTA	1.0156830975247
CTTCCAAA	0.0254843232864032
CTTCCACA	1.35817132802493
CTTCCAGA	0.754054087443261
CTTCCATA	1.10172372552883
CTTCCCGA	0.0284436861387288
CTTCCGTA	0.596759555321573
CTTCCGTC	0.599767207825898
CTTCCTAA	0.376830461593533
CTTCCTAC	0.213199894684996
CTTCCTGA	0.150538665658881
CTTCCTTA	1.01643699268873
CTTCGAAA	0.819082230158378
CTTCGACA	0.516819279772891
CTTCGAGA	0.48825126579879
CTTCGATC	0.169765154565031
CTTCGCAA	1.16006194958947
CTTCGCCA	1.34845645908034
CTTCGCGC	1.14562550586514
CTTCGGAA	0.0107884127752175
CTTCGTAA	0.0117628547080823
CTTCGTAC	0.0102637132729044
CTTCGTGA	0.0084762754078865
CTTCGTGC	0.558054318133163
CTTCGTTA	1.09602122214656
CTTCTAAA	1.22089609999146
CTTCTAAC	0.928189455514156
CTTCTATA	1.30382600951761
CTTCTATC	0.889497191665089
CTTCTCAA	0.204705240379708
CTTCTCGA	0.466501462390451
CTTCTCGC	0.619749033378233
CTTCTCTA	0.788183339549008
CTTCTCTC	0.365585459347552
CTTCTGAA	0.966902620854388
CTTCTGCA	0.276273387605787
CTTCTGGA	0.77133817915335
CTTCTGGC	0.200311602788919
CTTCTTAA	2.44472813875033
CTTCTTAC	1.37098250062603
CTTCTTGA	0.834916911567438
CTTCTTGC	0.0414963069998158
CTTCTTTA	0.126745561304038
CTTCTTTC	1.42438941425422
CTTGAAAA	1.01388556928463
CTTGAAAG	0.81791318813537
CTTGAACA	1.02648412326872
CTTGAAGA	0.442172126676101
CTTGAATA	0.705153247013495
CTTGACAA	0.81533221434721
CTTGACCC	0.313864359092859
CTTGACGA	0.586047901470802
CTTGACGC	0.351034417792362
CTTGACTA	0.855446500336473
CTTGAGAA	1.5870794140604
CTTGAGAC	0.379944783776899
CTTGAGGA	0.674100838555234
CTTGAGTA	1.06844134418574
CTTGAGTC	0.372369795082804
CTTGATAA	1.55272601148045
CTTGATAC	1.90563039199087
CTTGATGA	0.138001374666136
CTTGATTA	0.731500657736736
CTTGCACA	0.717672519479374
CTTGCAGA	0.16953163445686
CTTGCAGC	1.17607681626718
CTTGCATA	0.968176170333214
CTTGCATC	1.31583139359729
CTTGCCAA	0.214699036120174
CTTGCCCC	0.242327924474063
CTTGCCGC	0.0729062030310813
CTTGCCTA	0.474028161432546
CTTGCCTC	1.15429818321586
CTTGCGAA	0.397511405988234
CTTGCGGA	0.0284653083709681
CTTGCGTA	1.83736828407401
CTTGCGTC	0.4015338619256
CTTGCTAA	1.84637898898871
CTTGCTAC	0.253378326629898
CTTGCTCC	0.460662018204005
CTTGCTGA	0.0815147344261565
CTTGCTTA	0.679597209990168
CTTGGAAA	1.18784651801547
CTTGGAAC	1.53708737164368
CTTGGACC	0.365188331015445
CTTGGATA	1.03611178254328
CTTGGCAA	1.22553767251191
CTTGGCCA	0.966362065048436
CTTGGCCC	0.126390956695331
CTTGGCGA	0.327781869243472
CTTGGTAA	0.459717847396274
CTTGGTAC	0.347226021954152
CTTGGTCA	0.642667158068509
CTTGGTGA	0.0344431348437367
CTTGGTGC	0.0607905455669793
CTTGTAAA	0.0565093435838282
CTTGTAAC	0.311299241608342
CTTGTACA	1.49281368891288
CTTGTACC	1.26359208050996
CTTGTAGC	0.26503198906518
CTTGTATA	2.56915759861112
CTTGTCAA	2.72458036616206
CTTGTCAC	0.141306693234272
CTTGTCTA	0.118526230089247
CTTGTCTC	0.577974880694157
CTTGTGAA	0.460182725389393
CTTGTGAC	1.25702757080246
CTTGTGCA	0.80145578643785
CTTGTGCC	0.161022565330078
CTTGTTAA	2.1156665937289
CTTGTTAC	0.51841283828884
CTTGTTCC	0.291168222653564
CTTGTTGC	1.60949590296275
CTTGTTTA	1.54143055735925
CTTTAAAA	2.19858497139785
CTTTAAAC	2.8413202394979
CTTTAAAG	0.648000642020581
CTTTAACA	1.00827387927776
CTTTAACC	1.39210021411194
CTTTAAGA	2.10741699138897
CTTTAAGC	0.443320267207946
CTTTAATA	1.54331457452827
CTTTAATC	3.48099668247734
CTTTACAA	1.31001285090201
CTTTACAC	0.907951046139261
CTTTACCA	1.19145887228139
CTTTACCC	0.248983247556962
CTTTACGA	1.00106214408527
CTTTACGC	1.14295299796051
CTTTACTA	0.0976449196758057
CTTTACTC	0.369365746283853
CTTTAGAA	1.45520253667572
CTTTAGAC	0.0480882048681491
CTTTAGCA	0.73062928177754
CTTTAGCC	2.02802447905699
CTTTAGGC	0.501848766912281
CTTTAGTA	1.39345592807327
CTTTAGTC	0.366804232504709
CTTTATAA	1.70523121916139
CTTTATAC	1.86951333600137
CTTTATCA	0.790058707825129
CTTTATCC	1.37107835918895
CTTTATGA	0.691514663658754
CTTTATTA	2.23511068757665
CTTTCAAA	1.57214133454815
CTTTCAAC	0.710269067161038
CTTTCACA	1.11688091032776
CTTTCACC	1.7458154283313
CTTTCAGA	0.336437969549471
CTTTCAGC	2.3819991600632
CTTTCATA	2.36191931372472
CTTTCATC	0.644374593674246
CTTTCCAA	0.276433392124348
CTTTCCAC	1.15008401015264
CTTTCCCC	0.496865563122464
CTTTCCGC	0.235628636185615
CTTTCCTA	2.17098563342801
CTTTCGAA	0.956750982818583
CTTTCGCC	0.00832564052329427
CTTTCGGA	0.196673301844316
CTTTCGTA	0.494355942700692
CTTTCTAA	1.8283972199184
CTTTCTAC	1.41749624661671
CTTTCTCA	0.767070671250618
CTTTCTGC	0.851633780051815
CTTTCTTA	2.16919315037547
CTTTCTTC	0.0205205795056025
CTTTGAAA	1.43540954528493
CTTTGACA	0.306439284542282
CTTTGACC	0.690009035553905
CTTTGAGA	2.07922015906829
CTTTGATA	1.45655464693167
CTTTGATC	0.888718791304515
CTTTGCAC	1.46219516658153
CTTTGCCA	0.512133742046885
CTTTGCCC	0.432472393294075
CTTTGCTA	0.796840160596083
CTTTGCTC	0.438742840643133
CTTTGGAC	0.256731214108959
CTTTGGCA	0.705620287229839
CTTTGGGA	0.124508381008465
CTTTGGTA	1.68164424675388
CTTTGGTC	1.60901444792491
CTTTGTAA	1.60785621701802
CTTTGTAC	1.86039163696117
CTTTGTCA	1.87152780730489
CTTTGTCC	2.83040966111054
CTTTGTGA	0.475068911544276
CTTTGTTA	2.37935043661403
CTTTGTTC	0.786418965398375
CTTTTAAA	1.98487371092042
CTTTTAAC	1.51680139335786
CTTTTACA	1.52579912493323
CTTTTACC	0.62220892266586
CTTTTAGC	0.679316120971072
CTTTTATA	1.07604083807637
CTTTTATC	1.35750031808448
CTTTTCAA	1.07023166501506
CTTTTCAC	0.523969031232966
CTTTTCGA	0.190245012199919
CTTTTCGC	2.05573120744694
CTTTTCTA	1.07328112050171
CTTTTCTC	1.4626614860568
CTTTTGAA	1.19461211448279
CTTTTGAC	1.03305007445837
CTTTTGCA	1.16798145251722
CTTTTGCC	0.479642013662641
CTTTTGGA	0.728840402430372
CTTTTGGC	1.46275157869112
CTTTTGTA	1.60590877463444
CTTTTTAA	1.38482793666918
CTTTTTAC	2.89602592854253
CTTTTTCA	0.942997080891905
CTTTTTCC	1.27806095758264
CTTTTTGA	0.614401855345743
CTTTTTGC	1.29330391056946
CTTTTTTA	2.65448397221033
GAAAAAAA	1.46727783263964
GAAAAAAC	1.30580732673169
GAAAAAGA	1.70419335201396
GAAAAAGC	0.938618578863682
GAAAAATA	3.23937256166263
GAAAAATC	0.0394018334370165
GAAAACAA	2.05206695982364
GAAAACAC	2.35716963004307
GAAAACCA	1.54243527041725
GAAAACCC	0.02454303544297
GAAAACGA	1.04537330535195
GAAAACGC	1.54093036305347
GAAAACTA	0.91227260962259
GAAAAGAA	1.54938537659966
GAAAAGAC	1.275272410365
GAAAAGCA	1.54056999251617
GAAAAGCC	0.772856059856468
GAAAAGGA	0.37678793787013
GAAAAGTA	1.62518211171044
GAAAAGTC	0.051314962659153
GAAAATAA	0.559677427033172
GAAAATAC	0.987102830952328
GAAAATCA	0.544211765054308
GAAAATCC	1.01482541564592
GAAAATGA	2.12772315042488
GAAAATGC	0.61090121594639
GAAAATTA	0.866129324544261
GAAAATTC	0.731141728681583
GAAACAAA	3.2210196109389
GAAACAAC	0.809210960400595
GAAACACA	0.924438718961915
GAAACAGA	1.086296983568
GAAACAGC	0.222904673254547
GAAACATA	0.798577867326954
GAAACATC	0.280390260623927
GAAACCAA	0.713607539818606
GAAACCAC	0.967689670107855
GAAACCGA	0.888851407662243
GAAACGAA	2.68754148233814
GAAACGCA	0.466978592981839
GAAACGGC	0.536496952591743
GAAACGTA	1.67638067468605
GAAACTAA	1.11110489135588
GAAACTAC	0.271319013458955
GAAACTGA	0.463800845583908
GAAACTTC	0.666064575573393
GAAAGAAA	2.29599889355924
GAAAGAAC	1.71286314640038
GAAAGACA	2.71769945112281
GAAAGAGA	0.37256151220865
GAAAGAGC	1.31812046725024
GAAAGATA	0.701553145345845
GAAAGATC	0.207898844081282
GAAAGCAA	1.25989900324369
GAAAGCAC	1.54215994732675
GAAAGCGA	0.304226609443246
GAAAGGCC	0.865337950844345
GAAAGGGC	0.180867450078239
GAAAGGTA	0.62661697507814
GAAAGTAA	0.185052072757393
GAAAGTAC	2.46303352056313
GAAAGTCA	1.00104268407625
GAAAGTGA	1.41055406858612
GAAAGTGC	0.858447666171127
GAAAGTTA	2.20574409249189
GAAAGTTC	0.283946397086026
GAAATAAA	3.31647527960059
GAAATAAC	0.0197731710112368
GAAATAGA	0.526321530100476
GAAATAGC	0.93796847041439
GAAATATA	0.920553203828721
GAAATATC	0.0158581054939846
GAAATCAA	0.672002040545986
GAAATCAC	0.2889137445722
GAAATCCA	1.14411194960847
GAAATCGC	0.795307865071473
GAAATCTA	0.157124797598617
GAAATGAA	2.16819564472822
GAAATGAC	0.528329514734323
GAAATGCA	0.767129772018736
GAAATGGA	0.765944152951011
GAAATGGC	0.909833621826129
GAAATGTA	1.3912641544654
GAAATTAA	3.56842978223761
GAAATTAC	2.09609847355338
GAAATTCC	0.971869247599488
GAAATTGA	0.0542145040022883
GAAATTGC	0.521054354327266
GAAATTTA	1.08129071606379
GAAATTTC	0.8244625622803
GAACAAAA	1.97863785914294
GAACAAAC	1.91109937526497
GAACAACA	1.0219722841417
GAACAACC	0.74527257819028
GAACAAGA	0.315034842598016
GAACAATA	0.240271650188216
GAACAATC	0.00431615792526804
GAACACAA	2.13723044593999
GAACACCA	0.683025054540987
GAACACGA	1.78631531079547
GAACACTA	1.26507969008794
GAACACTC	0.41467585467994
GAACAGAA	1.75532921051608
GAACAGAC	0.345852289465955
GAACAGCA	0.292281046872753
GAACAGGA	1.25256618355066
GAACAGGC	0.54836611660833
GAACAGTA	0.688796749066419
GAACAGTC	0.112400651696185
GAACATAA	0.632111905030926
GAACATCA	0.445274196261199
GAACATCC	0.376086656804541
GAACATGA	0.853141570379888
GAACATTA	1.19014928574883
GAACCAAA	0.663001426006325
GAACCAAC	1.20751770416465
GAACCAGA	1.41902998362346
GAACCATA	0.0040040770399656
GAACCCAA	0.0172383246518532
GAACCGCA	0.52263277728065
GAACCGTA	1.6361071049193
GAACCTCA	1.00807855844654
GAACGAAA	1.23201785551368
GAACGAAC	1.72713598190077
GAACGACA	1.63941674793388
GAACGAGA	0.436537372954843
GAACGCAA	0.278701564286128
GAACGCAC	0.874229012740667
GAACGCTA	0.703456622523876
GAACGGGA	0.189846442385661
GAACGGTA	0.0920476444904277
GAACGTAA	1.0428377382515
GAACGTAC	0.895287625458462
GAACGTCA	1.04351523486162
GAACGTGA	1.85235969842578
GAACGTGC	0.193591413009307
GAACGTTA	0.0450055952920659
GAACTAAA	1.13482880456757
GAACTAAC	0.525742054276493
GAACTACA	0.103945638149998
GAACTAGA	1.42122103649026
GAACTATA	0.633707625770099
GAACTATC	1.12401624696635
GAACTCAA	1.21917929475175
GAACTCTA	0.420281778758213
GAACTCTC	0.156174860862288
GAACTGAA	1.27882422238065
GAACTGCA	0.789562117224726
GAACTGCC	0.146382872622712
GAACTGGA	0.138259399970844
GAACTGTA	1.62280654912855
GAACTTAA	0.38405733234859
GAACTTAC	0.199740775857833
GAACTTCA	0.173562739287122
GAACTTGA	1.02565166732755
GAACTTGC	0.954531100308802
GAACTTTA	0.860372044840321
GAAGAAAA	1.76441847620791
GAAGAACA	0.831576997427722
GAAGAACC	0.447294433493316
GAAGAATA	1.00441214860003
GAAGAATC	0.0671431573985433
GAAGACAC	2.18594749739573
GAAGACCA	0.906567223276021
GAAGACGA	0.900387589302363
GAAGACGC	0.39631497580439
GAAGACTA	1.17509804988787
GAAGACTC	0.224698597789238
GAAGAGAA	1.55234257722876
GAAGAGAC	0.761261498189306
GAAGAGCA	0.578923375948336
GAAGAGTA	0.751788077504704
GAAGATAA	0.345016229819414
GAAGATAC	1.60092485010355
GAAGATCA	1.04425759816847
GAAGATGC	0.707480519943392
GAAGATTA	1.30722286220222
GAAGCAAA	0.245115750950633
GAAGCATA	0.152866659329854
GAAGCATC	0.679597209990168
GAAGCCGA	0.350766302112609
GAAGCCTA	1.76471037634313
GAAGCGAA	0.838199166421187
GAAGCGCA	0.231670326203885
GAAGCGTC	0.127884332201912
GAAGCTGA	1.6915854283959
GAAGCTTA	0.670673714745489
GAAGCTTC	0.343805384814079
GAAGGAAA	0.143262063769675
GAAGGAAC	1.00000697915205
GAAGGATA	1.23365970368163
GAAGGATC	0.178471706746254
GAAGGCAC	0.119024982912874
GAAGGCTA	0.182143161780288
GAAGGTAA	1.64500249126207
GAAGGTCA	0.154053719879728
GAAGGTTA	0.725336880066718
GAAGTAAA	0.774914496365538
GAAGTAAC	0.00950261069812297
GAAGTACC	0.178338369647451
GAAGTAGA	0.66895042283611
GAAGTAGC	1.40650494522899
GAAGTATA	0.047941173688929
GAAGTCAA	0.266897987707331
GAAGTCAC	0.917825919602418
GAAGTCCA	1.03501337314559
GAAGTCGC	0.368457612529851
GAAGTGAC	1.84169273052163
GAAGTGCA	0.964318764101932
GAAGTGCC	0.919247941742613
GAAGTGGA	0.533287492586528
GAAGTGTA	1.85923556827751
GAAGTTAA	1.9479451004809
GAAGTTTA	0.753089735885439
GAATAAAA	1.20613316056034
GAATAAAC	0.322551451265068
GAATAACA	0.0454834466245284
GAATAACC	0.834807358924098
GAATAAGA	1.52859271733839
GAATAAGC	0.509364654838255
GAATAATA	1.52859271733839
GAATACAA	2.04810864984192
GAATACAC	1.48348081273782
GAATACGA	1.64485834304715
GAATACGC	2.05630852104769
GAATACTA	0.423334837950238
GAATACTC	0.527006954862425
GAATAGAA	0.858144234178718
GAATAGCA	0.359513215794009
GAATAGCC	0.0847119418331025
GAATAGGA	0.113162475012041
GAATAGGC	0.0418581190192682
GAATAGTA	1.31893490466454
GAATATAA	1.61766766526661
GAATATAC	1.02134091496034
GAATATCA	1.25355431956394
GAATATGA	1.24240589662196
GAATATGC	0.874798398189604
GAATATTC	0.146692791284791
GAATCAAA	1.39926582187566
GAATCAAC	0.0741285798936102
GAATCACA	0.229668107498635
GAATCAGA	0.797632255037073
GAATCATA	0.6525665367282
GAATCCAA	0.67998568942938
GAATCCGA	0.311266808259984
GAATCCTA	0.628407295907458
GAATCGAA	1.35742247804842
GAATCGCA	0.143413419395342
GAATCGTA	0.0101210065401341
GAATCGTC	0.731448764379364
GAATCTAA	0.48829955545079
GAATCTCA	0.907951046139261
GAATCTGA	0.739610436308187
GAATGAAA	1.3717637839509
GAATGACA	0.659989449055551
GAATGATA	0.555850291927022
GAATGCCA	0.125745172692486
GAATGCGA	1.01264517389524
GAATGCTA	0.166941291034731
GAATGCTC	1.23801658347762
GAATGGAC	0.312938206811992
GAATGGCA	0.176926437882301
GAATGGGA	0.607549049208403
GAATGGTA	2.43556175376351
GAATGGTC	0.911696016762907
GAATGTAA	0.572016514230401
GAATGTAC	1.49281368891288
GAATGTCA	0.0653802247300608
GAATGTGA	0.897326601958517
GAATGTGC	0.246691290939718
GAATGTTA	1.77727721771993
GAATTAAA	2.86348735198844
GAATTAAC	1.55621295679939
GAATTACA	2.20004375133284
GAATTACC	1.16664087411846
GAATTAGA	1.63897205069085
GAATTATA	1.00051870531502
GAATTATC	0.294828145830405
GAATTCCA	0.304522113283834
GAATTCGA	1.27538412523156
GAATTCTA	0.323014887776038
GAATTGAC	0.637592420162218
GAATTGCA	2.08741138138117
GAATTGGA	0.240696166681158
GAATTGGC	0.924218172193086
GAATTGTC	0.508517784075596
GAATTTAA	0.924639084980654
GAATTTAC	0.731368041379009
GAATTTCA	1.40429154938888
GAATTTGA	0.653507824571634
GAATTTGC	0.0523139097885564
GAATTTTA	1.47013340877722
GACAAAAA	1.05975569349569
GACAAAAC	2.30242934542686
GACAAACA	0.677754275062405
GACAAACC	1.88257244353213
GACAAAGA	2.01563205702024
GACAAAGC	0.402897504038752
GACAAATA	1.05968866457575
GACAAATC	0.0287910833366878
GACAACAA	0.843178045764556
GACAACAC	0.318334395237555
GACAACGA	0.359978093787129
GACAACGC	0.0979015034983644
GACAACTA	1.55973665991313
GACAAGAC	0.247520863916588
GACAAGCA	0.107821783649222
GACAAGGA	1.21096500872449
GACAAGGC	0.26205316620384
GACAAGTA	0.664243262877868
GACAATAA	0.732183199534387
GACAATAC	0.34618959628887
GACAATGA	1.12934684795412
GACAATTA	0.320524727363277
GACACAAA	1.9696790475856
GACACACA	1.52164333189706
GACACATA	0.424386399178086
GACACATC	0.944406129692757
GACACCAA	0.444069117184461
GACACCTA	0.433278181815482
GACACGAA	0.254579081260191
GACACGGC	0.228819795253826
GACACGTC	0.364580746289553
GACACTAA	2.34765152341185
GACACTGA	0.96380847942111
GACACTGC	0.0553035437660144
GACACTTA	0.251304033817188
GACAGAAA	0.399245509013732
GACAGAAC	0.327594476564075
GACAGACA	1.09214075220089
GACAGATA	1.24479587402535
GACAGCAA	0.0733847751046182
GACAGCAC	1.2692585468385
GACAGCCA	0.789877801815402
GACAGGGA	0.244789975984912
GACAGGTA	0.750652189571128
GACAGTAA	0.694095637446912
GACAGTTA	1.54041791614943
GACATAAA	1.62340692644369
GACATAAC	1.15810153386655
GACATACA	0.303614700270907
GACATACC	0.186019307279512
GACATAGA	0.470354544175287
GACATATA	1.13285397402315
GACATCAC	0.714936586360176
GACATCTA	0.648945533569388
GACATGAA	1.34699407543997
GACATGAC	1.48301016881611
GACATGCC	0.286652779821165
GACATGGC	0.0318167543678768
GACATTAA	0.159211343009598
GACATTAC	0.863676642667383
GACCAAAC	0.687055438630176
GACCAACA	0.798478405058659
GACCAACC	0.165369354751017
GACCAAGA	0.0326585799430166
GACCAATA	0.479192991973162
GACCACAA	0.246631469430526
GACCACTA	0.437151444350406
GACCAGAA	0.139477452386926
GACCAGGC	0.130298094060762
GACCATAA	0.432293649507572
GACCATGA	0.195221729320061
GACCATTA	2.08692920560226
GACCCAAA	0.487764765573433
GACCCACA	0.0468369983626367
GACCCATA	0.602300612703133
GACCCGGA	0.176841390435498
GACCCTAC	0.0216298000194174
GACCGGCA	0.0122572830852615
GACCGTAC	0.353696835321951
GACCGTTA	1.26199203532434
GACCTAAA	0.132722667035732
GACCTAGC	0.193373028463701
GACCTATA	0.30307630668818
GACCTATC	1.19622585374883
GACCTGAA	1.15040834363622
GACCTGGA	0.283028172956979
GACCTTAA	0.363696396991014
GACCTTAC	0.782801565944935
GACCTTCA	0.0815147344261565
GACCTTGA	0.284613803321109
GACCTTGC	1.66022814646308
GACCTTTA	0.330664833541889
GACGAAAA	2.03873324994346
GACGAAAC	1.29898479171949
GACGAACA	0.269047237591802
GACGAAGA	0.540029304598379
GACGAATA	2.25881730300254
GACGACAA	0.199740775857833
GACGACAC	0.139948096308643
GACGACTA	0.14033441352463
GACGACTC	0.299147547090509
GACGAGAA	1.19762264995141
GACGAGTA	0.52806428201887
GACGATAA	0.550357524197462
GACGATGA	2.77485313726824e-05
GACGATGC	0.328927126811018
GACGATTA	0.535303405372196
GACGCAAA	0.563880788980266
GACGCATA	0.627040770830006
GACGCATC	1.73093068365856
GACGCCTA	0.138706980178174
GACGCGAA	0.584029826461908
GACGCGTC	0.830211913832421
GACGCTAA	0.295063107420726
GACGCTAC	0.0152548452145413
GACGCTCA	0.462051606995842
GACGCTGA	0.374015246956126
GACGCTTA	0.246720120582703
GACGGACA	0.383234966782466
GACGGAGC	0.591315077244011
GACGGATA	1.05762734510238
GACGGATC	0.730134132659286
GACGGCGA	0.37557781360587
GACGGCTC	0.0879048247936004
GACGGGGA	0.838653954039263
GACGGGGC	0.344487205870654
GACGGTAA	0.961977797091616
GACGGTCA	0.781533061653632
GACGGTTA	0.837766721776425
GACGTAAA	0.43506706116265
GACGTAAC	0.857530883524229
GACGTACA	0.918198542737989
GACGTATC	1.38504271750941
GACGTCAA	0.178207915512947
GACGTCAC	0.0237869780557096
GACGTCTA	0.927689261208381
GACGTGAA	1.13033570470848
GACGTGCA	1.90155676343721
GACGTTAA	0.494805685131244
GACGTTAC	0.911063206099404
GACGTTCC	0.395729013310736
GACTAAAA	1.53973177064641
GACTAAAC	0.272577427375213
GACTAACC	0.144464259882115
GACTAAGA	1.81700302426998
GACTAATA	1.48101083307515
GACTACAA	0.374759772486194
GACTACCA	0.871905343516142
GACTACTA	0.517897508420499
GACTACTC	1.71286314640038
GACTAGAA	1.74550695115136
GACTAGAC	0.487069971177515
GACTAGTA	0.913036595161671
GACTAGTC	1.03193148431058
GACTATAA	0.327598080269447
GACTATAC	0.816664864594153
GACTATCA	0.616432903693979
GACTATCC	0.673812542125392
GACTATTA	1.52195469204129
GACTCAAC	0.610383723854822
GACTCAGA	0.00497563600853113
GACTCATA	0.8685178604655
GACTCGTA	0.104009063364564
GACTCTAC	1.17783542448922
GACTCTCA	0.735969252399285
GACTCTGA	0.858447666171127
GACTGAAA	0.97816996607368
GACTGAAC	0.209114734274137
GACTGATA	0.270960084403802
GACTGCAC	0.217792456812377
GACTGGAA	0.827641030419305
GACTGTAA	0.11340031956666
GACTGTAC	0.650616211380321
GACTGTCA	0.593973170327154
GACTTAAA	1.02262095110884
GACTTACA	1.00676248524432
GACTTACC	0.692397571475144
GACTTAGA	1.1282095185384
GACTTATA	2.25614839880328
GACTTATC	1.77898249110245
GACTTCAA	0.899565944477313
GACTTCCA	0.172126302325434
GACTTCGA	0.85506883201338
GACTTCTA	0.433117456555845
GACTTGAA	1.54891184971364
GACTTGAC	0.0760601659735505
GACTTGGC	0.188745150023665
GACTTTAA	0.444678864133577
GACTTTAC	0.97073480114806
GACTTTCA	0.151710590646189
GACTTTCC	1.19094282167197
GACTTTTA	1.40084712779334
GAGAAAAA	0.586283583802196
GAGAAAAC	2.03506467787372
GAGAAACA	0.556666891564549
GAGAAACC	0.754464909855785
GAGAAAGA	0.0375120503394026
GAGAAAGC	0.429835922443171
GAGAAATA	1.7664509660383
GAGAAATC	1.04133859681632
GAGAACAA	1.9049968605863
GAGAACAC	1.1806996495197
GAGAACCA	1.35456546042869
GAGAACGA	1.71420516628129
GAGAACTA	0.769903183673814
GAGAAGAA	0.712823373529435
GAGAAGTA	1.06869360356186
GAGAATAA	0.376757666744998
GAGAATAC	1.61451658528844
GAGAATCA	1.25865932859537
GAGAATGA	0.956475659728085
GAGAATTA	1.17533445296034
GAGACAAA	0.368457612529851
GAGACACC	0.131218480413033
GAGACAGA	1.3509891432165
GAGACAGC	0.198508308620259
GAGACATA	0.62116528958983
GAGACATC	0.586481787597714
GAGACCCA	0.276921333831856
GAGACTGA	0.0302022943607648
GAGAGAAA	2.05958284774962
GAGAGACA	0.251304033817188
GAGAGCAA	0.438742840643133
GAGAGGTA	0.0157384624756008
GAGAGTAA	0.925424692751974
GAGAGTAC	0.225452492953273
GAGAGTTA	0.401377461112413
GAGATAAC	0.169233247651973
GAGATACA	0.680601923048167
GAGATACC	0.000602179167830851
GAGATCCA	0.220404422466744
GAGATCGA	0.391315915710933
GAGATTAA	1.9036771836787
GAGATTAC	1.63643576284932
GAGATTCA	0.342085696610072
GAGATTGC	0.226467296386317
GAGCAAAA	0.058158399162524
GAGCAACA	0.759745058968338
GAGCAAGC	1.33361928331853
GAGCACAA	0.415863635970887
GAGCAGAA	1.84783056151297
GAGCATAA	0.296822436383835
GAGCATAC	0.282398965998848
GAGCATTA	0.574475682776952
GAGCCAAA	0.0429788713902788
GAGCCAGA	0.518522390932182
GAGCCATC	0.935401190706649
GAGCCTGA	0.586974774492744
GAGCCTTA	0.898152571230015
GAGCGAAA	0.382137278125844
GAGCGAGA	0.0633311578549599
GAGCGAGC	0.446962171857923
GAGCGCGC	0.197036555345915
GAGCGGAA	0.131661015432841
GAGCGGTA	0.0394018334370165
GAGCGTAA	0.66895042283611
GAGCGTGA	0.213049980541478
GAGCGTTA	0.45338397483265
GAGCTAAA	1.02751334152325
GAGCTACA	0.146518371944737
GAGCTAGA	0.164616180328056
GAGCTCAA	0.764956016937729
GAGCTCGC	0.0504897141287315
GAGCTGGA	0.00228366809488387
GAGCTTAC	0.0145564471132495
GAGGAAAA	0.252944440502987
GAGGAAGA	0.44926421885021
GAGGACAC	0.153744521958722
GAGGATAA	1.59534343122182
GAGGATTA	0.484189889843396
GAGGCAAC	0.346526903111786
GAGGCATA	0.254635299064009
GAGGCATC	0.575202189780153
GAGGCCAA	0.093094160530753
GAGGCCTA	0.451257788662566
GAGGCGAA	0.184108622690735
GAGGCGAC	1.27432103214652
GAGGGATA	0.343256180115231
GAGGGTAA	1.56623630292391
GAGGGTTA	0.380591288520819
GAGGTAAA	0.690095524482857
GAGGTACA	1.24030061194304
GAGGTCAA	0.0757401569364261
GAGGTTAA	0.609715596878665
GAGGTTAC	0.103066334038982
GAGGTTCA	0.697507625694089
GAGGTTGA	0.0428894994970273
GAGTAAAA	2.34881047505981
GAGTAAAC	1.16573850629305
GAGTAACC	0.0986640475552963
GAGTAATA	0.38052570108303
GAGTAATC	0.0441125971006306
GAGTACAA	0.650240705280453
GAGTACAC	0.469390913358541
GAGTACCC	0.104453760607595
GAGTACGA	0.47412906518299
GAGTACGC	0.120041227828067
GAGTAGAA	0.977725989571724
GAGTAGCA	0.607494272886734
GAGTAGGA	0.429319871833755
GAGTAGGC	0.328256116870561
GAGTATAA	0.588490492972637
GAGTATAC	2.08668343289583
GAGTATCA	0.859285167299817
GAGTATGA	1.24468848360523
GAGTATGC	0.700078509107205
GAGTATTA	0.327046713347375
GAGTCAAA	0.735969252399285
GAGTCACA	0.205989600974653
GAGTCCAA	0.392918123119779
GAGTCGAA	0.297846609450848
GAGTCGTA	0.654225682681941
GAGTCTAA	0.160295337585803
GAGTCTTA	0.220573075878201
GAGTGAAA	0.254511331599177
GAGTGAAC	0.73927745393172
GAGTGAGC	0.441731033138444
GAGTGATA	1.72473663486341
GAGTGCGA	0.76475565091899
GAGTGCTA	0.71628653439291
GAGTGGTA	0.399302447558626
GAGTGTAA	0.183066431096858
GAGTGTAC	1.13407635088568
GAGTGTGA	0.00546285697496438
GAGTGTGC	0.461293387385359
GAGTGTTA	0.996260567046253
GAGTTAAA	0.201885701295855
GAGTTAAC	0.526523337601365
GAGTTACA	0.0473220571058434
GAGTTAGA	0.999137765416073
GAGTTAGC	0.739123215341754
GAGTTATA	1.96133502816491
GAGTTCAA	1.68858354182018
GAGTTCAC	0.287470820940842
GAGTTCCA	0.600567951159785
GAGTTCTA	1.02602717342742
GAGTTGAA	0.6204027455329
GAGTTGAC	0.148373559470768
GAGTTGCA	0.928794878016824
GAGTTGGA	0.608922781696599
GAGTTGGC	0.324853498257354
GAGTTGTA	1.26950071583957
GAGTTTAA	0.736710174223977
GAGTTTAC	0.98633307948465
GAGTTTGC	0.336413464352936
GAGTTTTA	0.845385675676067
GATAAAAA	1.8848067408634
GATAAAAC	2.1684233989078
GATAAACA	2.31116256502784
GATAAAGA	1.55942457902782
GATAAATA	1.58492728121163
GATAAATC	0.302201327023608
GATAACAA	2.57265895875155
GATAACAC	1.57574359843902
GATAACCA	0.0694149332656968
GATAACGA	1.93274971640502
GATAACGC	1.52688456099158
GATAAGAA	0.296488733266293
GATAAGAC	1.9542429359908
GATAAGCA	1.68197218394283
GATAAGGA	0.637592420162218
GATAAGTA	0.751766455272467
GATAATAA	2.02934199374136
GATAATAC	0.51559690291036
GATAATCA	0.512858086826864
GATAATGA	1.70808102937038
GATAATGC	1.39472154940028
GATAATTA	0.29171886883456
GATACAAA	0.962605562567596
GATACAAC	0.741887978103936
GATACACA	1.54190912943279
GATACACC	0.226000976911047
GATACAGC	0.408701631912544
GATACATA	2.49939490777693
GATACCAA	0.590962634858531
GATACCCA	0.167349230482956
GATACCGC	0.454518421284076
GATACCTA	0.611225549429961
GATACGAA	0.148377883917217
GATACGCA	1.42567089188487
GATACGCC	0.341447840759048
GATACGTA	1.79148734874683
GATACTAA	0.842368653537775
GATACTCA	0.615697027056807
GATACTGA	0.922894170839037
GATACTTA	0.224155159018985
GATAGAAC	1.48091929895868
GATAGACA	0.617527709386302
GATAGACC	0.589735212808478
GATAGAGA	2.78472909180211
GATAGATA	0.136710527401519
GATAGCTA	0.8065571917639
GATAGGAA	1.04598737674752
GATAGGTA	0.429835922443171
GATAGTAA	1.90242525643211
GATAGTAC	0.893451897941443
GATAGTCA	0.18901038273912
GATAGTGC	0.89418705383754
GATAGTTA	0.821595454285522
GATATAAA	3.56663225399755
GATATAAC	2.76344849083333
GATATACA	0.700453294465999
GATATATA	0.437315773315416
GATATATC	0.293372969600778
GATATCAA	0.302045646951493
GATATCAC	0.955676357876347
GATATCGA	0.618787564784712
GATATCTA	0.303025134071881
GATATGAA	1.50667353977752
GATATGAC	0.103771218809943
GATATGCA	0.501502090455395
GATATGCC	0.615523328457827
GATATGGC	0.353836659090424
GATATGTA	1.18534842945089
GATATTAA	2.90700209436769
GATATTAC	1.11878078380042
GATATTCA	0.21175697105364
GATATTCC	1.10449137125531
GATATTTA	0.793475741259828
GATCAAAA	2.17236873555018
GATCAAAC	0.262106501043361
GATCAAGA	0.0664728681991622
GATCAATA	1.37043978259685
GATCACCA	0.958832483042041
GATCAGAA	1.98107612619832
GATCAGCA	0.176364980585184
GATCAGGA	0.948699584274177
GATCAGGC	0.000275683461036668
GATCATAA	0.95593654540428
GATCATCA	0.231016614049219
GATCATGA	0.782801565944935
GATCATTA	1.40148642512652
GATCCAAA	0.179199655231603
GATCCAAC	0.220404422466744
GATCCACA	0.58073027382237
GATCCACC	0.0131538849820689
GATCCAGA	0.0200275926105723
GATCCCGC	0.220404422466744
GATCCGAA	0.643823947493247
GATCCTGA	1.5123075727577
GATCGAAA	0.453829392816755
GATCGAGA	0.0871105681293856
GATCGAGC	0.463860667093099
GATCGATA	1.6944150578548
GATCGCAA	0.0433356382222069
GATCGCCA	0.253967892828926
GATCGTAA	1.08929526643835
GATCGTAC	0.346378430450417
GATCGTTA	0.231239323041272
GATCTAAC	0.500641525612317
GATCTACA	0.17087942026637
GATCTAGC	0.710919175610329
GATCTATA	0.180398968379746
GATCTCTA	0.0247340318277398
GATCTGCA	1.75229128688662
GATCTGGC	0.342643550201816
GATCTTAA	1.43741176399018
GATCTTAC	1.7184762778894
GATCTTCA	0.239173961531594
GATCTTGA	0.654293432342953
GATCTTGC	0.0667193616466757
GATCTTTA	0.5486933330562
GATGAAAA	1.10362648196579
GATGAAAC	0.182722637604271
GATGAATA	0.811621839295146
GATGACAA	0.45584458486135
GATGACAC	1.01722836638865
GATGACGA	0.0612251524349649
GATGACTA	0.619692815574414
GATGAGAA	0.598055447773713
GATGAGTA	3.23830154042576
GATGATAA	1.47557067944404
GATGATCA	0.105137023146319
GATGATTA	0.365573206749284
GATGCAAA	0.789638515778633
GATGCACA	0.805049401435827
GATGCAGA	0.630452759077185
GATGCATA	0.539121170844376
GATGCATC	1.2472492766433
GATGCCGC	0.66634422311034
GATGCGCA	0.168423134684118
GATGCGCC	0.840887530629462
GATGCGTA	0.235403044229264
GATGCTAA	0.0959245107307256
GATGCTAC	0.56061006598371
GATGCTGC	0.12103585051102
GATGCTTA	0.439333848324308
GATGGAAA	0.536496952591743
GATGGAAC	0.540014169035812
GATGGATA	0.103197508914558
GATGGCAA	0.810152248244028
GATGGCGA	0.408600728162098
GATGGGTA	0.767129772018736
GATGGTAA	0.656651697139058
GATGTACA	0.77964039559172
GATGTACC	0.409022361690743
GATGTAGA	0.736373588142138
GATGTATA	0.875690675639965
GATGTCAA	0.683887060866214
GATGTCGA	0.235708638444895
GATGTCGC	0.258135217722289
GATGTCTA	0.742611602142841
GATGTGAA	1.28865296841503
GATGTGCA	0.345529397464533
GATGTGGA	0.58073027382237
GATGTGGC	0.374849144379444
GATGTGTA	0.427248461985342
GATGTTAA	0.467526356198539
GATGTTAC	0.192919682327775
GATGTTCA	0.552768403092013
GATGTTGA	0.985171244872389
GATGTTGC	0.0550404732737842
GATTAAAA	2.12791775051502
GATTAAAC	1.2700873990743
GATTAACA	1.95795979771253
GATTAAGA	0.854016550044458
GATTAAGC	0.446097282568397
GATTAATA	1.8478154259504
GATTACAA	1.70628998779998
GATTACCA	1.80260550056368
GATTACGC	0.191099090373324
GATTACTA	0.435598968075708
GATTAGAA	0.516956220577064
GATTAGAC	0.543358407621976
GATTAGGA	0.624420156282745
GATTAGGC	1.62558140226577
GATTATAA	1.09654015572028
GATTATAC	0.100141566758237
GATTATCA	2.22342747475731
GATTATCC	0.136684580722833
GATTATGA	0.579771688193145
GATTATGC	1.19017523242752
GATTCAAA	0.651012618971354
GATTCAAC	1.08512073413424
GATTCAGA	0.515507531017109
GATTCATA	0.711635592238488
GATTCCAA	0.27677502339371
GATTCCCA	0.0334730173573201
GATTCCCC	0.537034625433397
GATTCCTA	0.622020088504313
GATTCGCA	1.34557637774622
GATTCGGA	1.03139453221
GATTCGTA	0.483376893911241
GATTCTAC	0.862003802633224
GATTCTCA	0.718221724178223
GATTCTCC	0.532380079573601
GATTCTGA	1.14411194960847
GATTCTGC	0.149856844602306
GATTCTTA	0.929530754653996
GATTGAAA	0.88061766162596
GATTGAAC	0.0932656969065084
GATTGACA	0.722624731402982
GATTGAGA	0.331359627937807
GATTGAGC	0.0601000756175078
GATTGCAA	0.356668450772545
GATTGCAC	0.835464674784138
GATTGCGA	1.12595504045704
GATTGCGC	0.300184693496865
GATTGCTA	1.29830945733258
GATTGGAA	1.85239501473844
GATTGGCA	0.315302958277769
GATTGGTA	1.10729433329445
GATTGTAA	0.176259031647218
GATTGTAC	0.432718886741588
GATTGTCA	0.334386740451147
GATTGTCC	0.750846789661271
GATTGTGA	0.529280892952801
GATTGTTA	1.5071622022261
GATTTAAA	0.115559659826175
GATTTAAC	2.40516738190636
GATTTACA	0.476250206165551
GATTTACC	0.785962015557076
GATTTAGA	0.804214062530361
GATTTATA	0.758036181880449
GATTTCAA	1.61030025000201
GATTTCTA	1.11076758453297
GATTTGAA	1.27145680711604
GATTTGAC	1.31868696973488
GATTTGCA	0.509173658453485
GATTTGCC	1.19818843169497
GATTTGGA	0.0322542442001633
GATTTTAA	0.92891163807091
GATTTTAC	0.176800308194246
GATTTTCC	0.834520503976407
GATTTTGA	1.37425682732796
GATTTTGC	0.255164323012769
GATTTTTA	0.601545276056947
GCAAAAAA	1.40261150194397
GCAAAAAC	2.02357606514453
GCAAAACA	1.67289228788496
GCAAAACC	0.00891736894554353
GCAAAAGA	0.758532772480853
GCAAAATA	0.891401389584193
GCAAACAA	2.40218207237535
GCAAACAC	1.01281022360132
GCAAACGA	0.773999155200791
GCAAACTA	1.60124197617638
GCAAAGAA	2.25662985384112
GCAAAGCA	0.402835520306337
GCAAAGGA	0.633063283249402
GCAAAGTA	1.60409178638537
GCAAATAA	0.260879078993307
GCAAATAC	1.23770161962802
GCAAATCA	0.777781604360316
GCAAATCC	0.497875321367986
GCAAATTA	0.684728886441352
GCAACAAA	2.88426055124069
GCAACAAC	0.848608829761699
GCAACAGA	0.406512741268969
GCAACATA	0.689330097461627
GCAACCAA	1.07009256198766
GCAACCTA	1.04243556473187
GCAACGAA	1.33932611114725
GCAACGTA	0.695186118692789
GCAACTAA	1.96405150127509
GCAACTAC	1.28139582653484
GCAACTCC	0.0763318853586753
GCAACTTA	2.26640814800028
GCAAGAAA	2.29847824285588
GCAAGAAC	0.784556570461598
GCAAGACA	1.29161088978521
GCAAGATA	1.22230514879231
GCAAGCGA	1.20772599833522
GCAAGGAA	0.102743442037558
GCAAGGCA	0.183371304571416
GCAAGTAC	0.864167467339186
GCAAGTCA	0.222628629422974
GCAAGTGA	0.562171191151303
GCAAGTGC	0.261907576506769
GCAAGTTA	1.4040183885216
GCAATAAA	1.40301872065112
GCAATAAC	0.871790024944204
GCAATACA	1.14516639380062
GCAATACC	1.79976361850652
GCAATAGA	1.633544149658
GCAATATA	0.642212370450433
GCAATCAA	0.684214277314084
GCAATCAC	0.607056783054449
GCAATCCA	0.44589403358536
GCAATCCC	0.307586704333053
GCAATCGA	0.437315773315416
GCAATCGC	0.703328330612596
GCAATCTA	1.13930604812301
GCAATGAA	0.329619758983713
GCAATGAC	0.299337101993129
GCAATGCA	0.821338149721889
GCAATGGA	0.742992874171304
GCAATGTA	0.183796541805431
GCAATTAA	0.698200257866785
GCAATTAC	0.423621692897931
GCAATTCA	0.329681021975055
GCAATTCC	1.66736852828919
GCAATTGA	0.039684363938261
GCAATTGC	0.594169211899446
GCAATTTA	1.11455219591572
GCACAAAA	1.20696201279613
GCACAAAC	0.895943499836351
GCACAACA	0.955153820597261
GCACAATA	0.742239699748343
GCACACAA	1.01751954578279
GCACACGA	0.581424347477213
GCACACGC	0.00176617600331828
GCACACTA	1.02508660632506
GCACAGAA	0.270293398909791
GCACAGGA	0.879747006407838
GCACAGTA	0.241269876576544
GCACATAA	1.08034654525606
GCACATCA	0.61255892041798
GCACATCC	0.123958455568542
GCACATTA	0.451352205743338
GCACCAAC	0.178558195675206
GCACCACA	0.316711286337547
GCACCAGA	0.396415158813759
GCACCAGC	0.704449803724681
GCACCATA	0.357552800071086
GCACCGCA	0.0861995514110864
GCACCTAC	1.00843964972492
GCACCTCA	0.314543297185137
GCACGAAA	0.526089451474452
GCACGAAC	0.514511466852006
GCACGAGA	0.0359905659309126
GCACGCAC	0.192197499771021
GCACGCCA	1.05023974908768
GCACGCGA	0.136718455553339
GCACGCGC	3.123426944991
GCACGGAA	0.166363256692898
GCACGGGA	0.00612593876360123
GCACGGGC	0.210965597353723
GCACGGTA	2.59692342776919
GCACGTAA	1.15310823970168
GCACGTGA	3.22445898734691
GCACGTGC	6.91918386771693
GCACGTTA	1.68814677272897
GCACTAAA	0.444109478684638
GCACTAGA	1.00535631940776
GCACTATA	0.667468579186723
GCACTCTA	0.984362573386683
GCACTGAC	0.1290000393854
GCACTGCA	0.8531185066655
GCACTGTA	0.36801147380467
GCACTTAA	0.379110165612506
GCACTTCA	0.0574895514452901
GCACTTGA	0.162443866729199
GCACTTTA	0.958058407127915
GCAGAAAA	1.32405360777638
GCAGAAAC	0.771779272691009
GCAGAACA	1.17683503587767
GCAGAATA	0.63873551550654
GCAGACAC	0.541163751049806
GCAGACGA	0.692175583224166
GCAGACTA	0.09657822288539
GCAGAGCA	0.136157718997297
GCAGATAA	1.8513290386891
GCAGATAC	0.0217465600735035
GCAGATCA	1.09675349507836
GCAGATTA	1.1788660842259
GCAGCAAA	0.664722555692481
GCAGCACC	0.316711286337547
GCAGCAGA	0.539055583406589
GCAGCCGA	0.0972845491385038
GCAGCTAA	0.152866659329854
GCAGCTTA	0.0991325292537896
GCAGGTAA	0.392145488687802
GCAGGTAC	0.213377196989349
GCAGGTCA	0.859198678370865
GCAGGTTA	0.240082095285595
GCAGTAAA	0.196749700398223
GCAGTAAC	0.849599848739281
GCAGTACA	1.6089495812282
GCAGTAGA	0.424560097777067
GCAGTATA	1.26560438959026
GCAGTCAC	0.779898420896429
GCAGTTAA	0.113981236872791
GCAGTTAC	1.48264547383236
GCAGTTCA	0.762899021910807
GCAGTTGA	0.0672455026311377
GCAGTTTA	0.0766857692263074
GCATAAAA	2.54846440161815
GCATAAAC	0.769084421813063
GCATAACA	0.260984307190201
GCATAATA	1.41633152904015
GCATACAA	0.494082781833417
GCATACAC	1.00707312464747
GCATACGA	1.24370395129732
GCATACTA	1.03946178705805
GCATAGAA	0.489673287938985
GCATAGAC	0.0451901050071642
GCATAGTA	0.61578495746791
GCATATAA	0.779064523473112
GCATATAC	0.179765436975168
GCATATGA	0.378947278129644
GCATATGC	0.128174070113903
GCATATTA	0.325658566037686
GCATCAAA	2.29922637209132
GCATCAAC	1.2766800176837
GCATCAGA	0.116851227831867
GCATCCAA	0.316411458050511
GCATCCTA	0.626521116515217
GCATCGAC	0.336557612567856
GCATCGGC	0.0237084172785778
GCATCGTA	0.997933407080411
GCATCTAA	0.739790621576837
GCATCTCA	0.0413427891509243
GCATCTTA	1.50815394194476
GCATGAAA	1.813409409272
GCATGAAC	0.475375226500983
GCATGAGA	0.256022004891549
GCATGATA	0.745384293056843
GCATGCAA	0.0799853218658462
GCATGGTA	1.38930662170677
GCATGTCC	0.340288168370009
GCATGTTA	0.121803439755475
GCATTAAA	1.1026866356045
GCATTAAC	1.19721254827996
GCATTACA	0.899232962100846
GCATTACC	0.271911462622279
GCATTAGA	0.174002391342632
GCATTATA	1.03994756654233
GCATTCAC	0.956203219601884
GCATTCTA	0.91659273162377
GCATTGAA	1.76883589825416
GCATTGCA	0.27686871973341
GCATTGGA	0.924879812499572
GCATTGTA	0.0587155320131927
GCATTTAA	1.56344343125982
GCATTTAC	1.93557213845317
GCATTTCA	2.04263534212137
GCATTTGA	2.09128536465717
GCATTTTA	0.428737513045473
GCCAAACA	0.0988788283955286
GCCAAACC	0.272825362304879
GCCAACAA	1.73709013688213
GCCAACAC	0.706689146243477
GCCAACGA	0.293447205931462
GCCAAGAC	0.433376202601628
GCCAATAA	1.16039781493024
GCCAATAC	1.04927395604771
GCCAATTA	0.335472176509501
GCCACAAA	1.900714217121
GCCACGAA	0.186427967468812
GCCACTGA	0.146347556310056
GCCAGAAC	0.41467585467994
GCCAGACA	0.0429046350595935
GCCAGAGA	0.60341776136877
GCCAGCAA	0.527386785408741
GCCAGTAA	0.106062454686111
GCCAGTTA	0.871087302396466
GCCATAAC	0.834452754315393
GCCATACA	1.49789635497099
GCCATATA	0.938292803897963
GCCATTAA	0.964419667852376
GCCATTCA	1.22158873216416
GCCATTCC	0.47853855907742
GCCCAAAA	1.84579014353076
GCCCAACA	0.815616907071679
GCCCAATA	0.190820884318526
GCCCAGCA	0.540146064652464
GCCCCGTA	0.537232829228913
GCCCGAAA	0.5192597090515
GCCCTAAA	0.118990387341293
GCCCTTAC	0.170053450994872
GCCGAAAA	2.09686173835139
GCCGAAGA	0.447320380172002
GCCGAATA	0.810042695600688
GCCGACAC	0.105891639051432
GCCGAGAC	0.518788344388709
GCCGAGTA	0.0635992735347127
GCCGATAA	1.0949444349811
GCCGCACA	0.644410630727976
GCCGCTAA	0.895036086823424
GCCGGAAA	0.628899562061412
GCCGGTCA	0.106012723551964
GCCGTAAC	0.570402054223287
GCCGTATA	0.790734042212032
GCCGTCAC	0.0393398497045997
GCCGTCCA	0.0654162617837901
GCCGTTAC	0.273642682683479
GCCGTTTA	0.308882596785193
GCCTAAAA	0.903374340315523
GCCTAAGA	0.933856642583771
GCCTACAC	0.548740901967123
GCCTACGA	0.543284892032367
GCCTACTA	0.617953667361394
GCCTAGAA	0.42041583659809
GCCTAGTA	0.177735109368008
GCCTATAA	3.006163813635
GCCTATAC	0.701908470695624
GCCTCACA	0.522781970683093
GCCTCACC	0.00532159172434295
GCCTCATA	0.271911462622279
GCCTCGAA	0.878265162758451
GCCTCGTA	0.618639812864418
GCCTCTAC	0.520709840093604
GCCTCTTA	1.08668330078399
GCCTGATA	0.157640848208034
GCCTGCTA	0.17514332446373
GCCTGTAA	1.73088671845301
GCCTGTGA	0.640368714781594
GCCTTAAA	0.843219848746882
GCCTTACA	0.988907566603138
GCCTTAGA	2.18594749739573
GCCTTATA	0.177846103493497
GCCTTCAA	0.0904951682157293
GCCTTCAC	0.63273102161401
GCCTTCGA	0.466074783674286
GCCTTCGC	0.200739722987235
GCCTTGGA	0.743633612986629
GCCTTGTA	0.716702401992956
GCCTTTAC	0.197767386795564
GCCTTTGA	0.264391250249857
GCCTTTTA	0.81171481489377
GCGAAAAA	1.9269066685132
GCGAAACA	0.47744591560832
GCGAAAGA	0.143882621834909
GCGAACAA	0.650817298140136
GCGAACTA	0.748144010631504
GCGAAGAA	1.24144659025166
GCGAAGAC	0.749385126761973
GCGAAGCC	0.0948722287618017
GCGAAGTA	0.529912262134155
GCGAATAC	0.110606006420418
GCGAATCC	0.76688616153552
GCGAATGA	0.385783507222269
GCGAATTA	0.888205623659397
GCGACAAC	0.248269713893102
GCGACAGA	0.764956016937729
GCGACAGC	0.824885637291093
GCGACCAC	0.0915114131309222
GCGACTGA	0.183640140992243
GCGACTTA	0.693369130443711
GCGAGAAA	0.886887388233946
GCGAGAAC	0.0270764403202048
GCGAGACA	0.674732928477662
GCGAGAGC	0.573765032077392
GCGAGATA	0.0974344632820216
GCGAGCAA	0.210706130566865
GCGAGCAC	0.1050353986548
GCGAGCGA	0.00687334725796531
GCGAGTAA	0.222645206467689
GCGAGTAC	0.722805637412707
GCGAGTTA	0.136539711766837
GCGATACA	0.0721249197062095
GCGATATA	1.7184762778894
GCGATCCA	0.240423726554957
GCGATGAA	0.271319013458955
GCGATGGA	0.306664155757558
GCGATGTA	0.629828597306578
GCGATTAA	1.12385480096564
GCGATTTA	1.51557901649533
GCGCAAAA	0.0876367091138476
GCGCAAAC	1.5516261606006
GCGCAACA	1.86259710464946
GCGCAATA	0.150584072346581
GCGCACAA	0.338290994852279
GCGCATCA	0.168423134684118
GCGCATTA	0.271911462622279
GCGCCAAA	1.40273691089095
GCGCCATA	0.19112503705201
GCGCCCAA	1.05520421360956
GCGCCTAA	1.06982877075436
GCGCGAAA	0.593735325772533
GCGCGAAC	1.15798189084816
GCGCGAGA	0.226274137778322
GCGCGATA	0.264625491099102
GCGCGCAA	0.343110590418159
GCGCGCCA	0.116307068320541
GCGCGGAA	0.466103613317269
GCGCGGTA	0.702708493288436
GCGCGTAA	0.908384932266174
GCGCGTGA	0.0107394023821436
GCGCGTTA	0.974211656091953
GCGCTAAA	1.02487038400268
GCGCTGAA	0.758756922955056
GCGCTGGA	0.480205633182981
GCGCTTAC	0.0564985324677086
GCGGAAAA	1.55456390122069
GCGGAAAC	1.09467343633705
GCGGAATA	0.723545838496327
GCGGACAA	0.327496455777929
GCGGACTA	1.08919868713435
GCGGATAC	0.0340279879847655
GCGGCAAA	0.434872461072507
GCGGCGGA	0.0157889143508236
GCGGGAAA	1.10061594649716
GCGGGCAA	0.0783557262961648
GCGGGTAA	1.13360354474074
GCGGTACA	0.0416916278310338
GCGGTAGA	0.646773219970529
GCGGTATA	0.501437944499755
GCGGTCGA	0.2998005385041
GCGGTGCA	0.240632741466593
GCGGTGTA	1.6083167705647
GCGGTTAA	1.2692585468385
GCGGTTCA	0.807569112232645
GCGGTTTA	0.0170235438116209
GCGTAAAA	1.27451274927237
GCGTAAAC	0.414452424946812
GCGTAACA	0.291315974573857
GCGTAACC	0.0142054462099168
GCGTAAGA	1.76154632302561
GCGTAATA	0.441971760657362
GCGTACAC	0.490701785452447
GCGTACGA	0.740401810008102
GCGTACTA	0.311586817297109
GCGTATAA	0.185207752829508
GCGTATCA	0.883620268942762
GCGTATGA	1.11780490038541
GCGTATTA	0.959516466321841
GCGTCAAA	1.14921767938097
GCGTCATA	0.193310323990211
GCGTCCAA	0.109671205246656
GCGTCCTA	0.524735899736346
GCGTCGAA	0.295063107420726
GCGTCTAA	0.0664116052078198
GCGTCTAC	0.50204913293102
GCGTCTTA	0.279170045984621
GCGTGAAA	0.101376916960108
GCGTGAAC	0.669901801054588
GCGTGACA	0.795613459287106
GCGTGACC	0.838964593442417
GCGTGAGA	0.233330192898701
GCGTGATA	0.960841909158039
GCGTGCGA	0.180525818808875
GCGTGCTA	0.79274346832803
GCGTGTAA	0.517576057901224
GCGTGTCA	0.297469661868831
GCGTGTGA	1.44432078793134
GCGTGTTA	1.17839039511666
GCGTTAAA	1.62181769237419
GCGTTAAC	0.0584366052173203
GCGTTACA	0.288590852570776
GCGTTAGA	0.881623816166109
GCGTTCAA	0.850780422619483
GCGTTCCA	0.59322287886849
GCGTTCTA	0.432532935544341
GCGTTGAA	1.77188967818726
GCGTTGTA	0.7226384254834
GCGTTTAA	1.5371493553761
GCGTTTCA	1.01577246941795
GCGTTTTA	0.321497727813995
GCTAAAAA	1.02751334152325
GCTAAAAC	0.553684464997835
GCTAAACC	0.434129377024589
GCTAAAGA	1.071709184218
GCTAAATA	0.141107047956606
GCTAACAA	0.828775476870733
GCTAACAC	0.109557328156869
GCTAACCA	0.538419889778787
GCTAACGA	0.061884630518228
GCTAAGAA	2.0783913068325
GCTAAGAC	0.0963922716881429
GCTAAGCA	0.955790955707212
GCTAAGCC	0.46198385733483
GCTAAGGA	0.78008004764723
GCTAATAA	0.944668479443913
GCTAATAC	0.309094494661126
GCTAATCA	0.737475601245209
GCTAATCC	1.56944864589343
GCTAATGA	1.56526258173212
GCTAATTA	1.4276284246435
GCTACAAA	1.10214896276285
GCTACACA	0.135664011361194
GCTACAGA	0.166941291034731
GCTACATA	1.47404559133018
GCTACCAA	0.238040235821241
GCTACCTA	0.221599411168438
GCTACGAA	1.50280748465334
GCTACGGA	0.0195439753495128
GCTACTAA	1.41914674367755
GCTAGAAA	1.37283408444669
GCTAGAAC	0.109649583014419
GCTAGAGA	1.0153537188536
GCTAGAGC	0.174311589263637
GCTAGCAA	0.434353527498792
GCTAGCAC	0.0241740160127717
GCTAGCCA	0.438477607927678
GCTAGCCC	0.409226331414855
GCTAGGAA	0.333175895445812
GCTAGGGA	0.534948800763491
GCTAGTAA	0.201663713044878
GCTAGTCC	0.102679296081918
GCTAGTGA	0.129800782719285
GCTATAAC	0.0871105681293856
GCTATACA	0.942790948944568
GCTATATA	0.353462594472704
GCTATCAC	0.676554961914262
GCTATCCA	0.0276090679743365
GCTATCCC	0.382137278125844
GCTATGAA	0.596412158123614
GCTATGAC	0.193310323990211
GCTATGTA	1.15635301601955
GCTATTAA	0.339042727793092
GCTATTAC	0.767250135778194
GCTATTCA	0.693914731437186
GCTATTCC	0.513075750631394
GCTCAAAA	0.248016013034843
GCTCAAAC	0.43960484696836
GCTCAACC	0.0861145039642831
GCTCAAGA	0.249843091658964
GCTCAATA	0.120316550918565
GCTCACAA	0.819082230158378
GCTCACAC	0.340338620245231
GCTCACTA	0.281968683577311
GCTCAGAA	0.0223966685227974
GCTCAGTA	0.346388520825462
GCTCATCA	0.182063880262082
GCTCATTA	0.0191677485085686
GCTCGAAA	0.310111460317393
GCTCGAGA	0.619612813315134
GCTCGCAC	0.0171280512674386
GCTCGGCC	0.561185938102319
GCTCGGTA	0.133287007297148
GCTCGTAC	1.89489062923819
GCTCTAAA	0.887471188504376
GCTCTATA	0.273518715218648
GCTCTGTA	1.73930569494547
GCTCTTAA	1.69721729915286
GCTCTTCA	0.510658385067171
GCTCTTTA	2.5833713333434
GCTGAAAA	0.700313470697525
GCTGAACA	0.123757368808727
GCTGAAGA	0.0590261714163479
GCTGAATA	1.07818432203225
GCTGACAA	1.80724635234306
GCTGACAC	0.0494172514097205
GCTGACCA	0.0516947932054709
GCTGAGGA	0.0159734240659219
GCTGAGTA	0.320647253345962
GCTGATAA	0.55759376458649
GCTGATTA	0.0863206359116191
GCTGCAAA	0.3163833491486
GCTGCAAC	1.10344701743821
GCTGCACA	0.0483541583246769
GCTGCATA	0.326962386641646
GCTGCCAA	1.06146529132465
GCTGCCCA	0.0967475970379238
GCTGCTAA	0.0341620458246411
GCTGCTTA	0.856789961699536
GCTGGAAA	0.0584366052173203
GCTGGAAC	0.298078688076871
GCTGGGTA	0.71000960037418
GCTGGTAC	0.168340970201612
GCTGGTTA	2.65313834862404
GCTGTAAA	0.230063073607518
GCTGTACA	0.172547215113004
GCTGTCCC	0.324102486057616
GCTGTCGA	0.479064700061882
GCTGTGAA	0.73222284029349
GCTGTGCA	0.187962425216646
GCTGTGTA	0.79078521482833
GCTGTTAC	0.116888706367746
GCTGTTCA	0.979942989117208
GCTGTTTA	0.0556141831691696
GCTTAAAA	2.85232307274282
GCTTAAAC	1.65351948854067
GCTTAACA	0.238394119688873
GCTTAAGA	0.810184681592383
GCTTAAGC	0.126550961213894
GCTTAATA	2.08121733258602
GCTTACAA	0.827591299285158
GCTTACAC	0.563614835523736
GCTTACCA	1.84406829310353
GCTTACGA	0.548376206983373
GCTTAGAA	0.364814266397726
GCTTAGAC	0.832624954950196
GCTTAGCA	0.778870644124042
GCTTAGTA	0.176224436075637
GCTTATAA	0.410515016456248
GCTTATAC	0.55002237959777
GCTTATCA	0.884936342144991
GCTTATCC	0.197294580650625
GCTTATTA	0.931414051081937
GCTTCAAA	0.0985105297064064
GCTTCACA	0.0183821407372502
GCTTCCAC	0.23309234834408
GCTTCGAA	0.13854048898994
GCTTCGCA	0.692279369938909
GCTTCGTA	0.0117628547080823
GCTTCTAA	1.36628687252498
GCTTCTAC	0.0280191696457868
GCTTCTCA	0.37536807795316
GCTTCTTA	1.34930837503052
GCTTGAAA	0.195422095338802
GCTTGAAC	0.639800770814805
GCTTGATA	0.689237842604078
GCTTGGAA	0.965213924516589
GCTTGTAA	0.712427686679478
GCTTGTCA	0.107821783649222
GCTTGTGA	0.50066386858563
GCTTGTTA	0.174524928621719
GCTTTAAA	1.2389052572226
GCTTTAAC	0.201885701295855
GCTTTACA	1.34140472840641
GCTTTACC	1.29985977138406
GCTTTCAA	0.878265162758451
GCTTTCTA	0.0835371338814971
GCTTTGAA	0.676216213609198
GCTTTGAC	0.171543222796079
GCTTTGTA	0.555331358353308
GCTTTTAA	0.930464114345609
GCTTTTAC	1.61872787538736
GCTTTTCA	1.66748096389683
GCTTTTCC	0.316397043229019
GCTTTTGA	1.64715462411083
GCTTTTTA	2.85854018525235
GGAAAAAA	0.741518958673739
GGAAAAAC	0.232604406636574
GGAAAACA	2.33196099021771
GGAAAACC	1.81904272151111
GGAAAAGA	0.419591308808742
GGAAAATA	1.68524578990368
GGAAACAA	1.38338068859138
GGAAACTA	0.387346073872011
GGAAAGAA	1.65087508953794
GGAAAGCA	1.18868978507276
GGAAATAA	1.32894527744972
GGAAATGA	0.510682169522632
GGAAATTA	0.432077427185191
GGAACAAA	0.786418965398375
GGAACAAC	1.32022935563453
GGAACACA	0.00217483619261969
GGAACATA	0.0220982817179107
GGAACCAA	0.625847223610463
GGAACCTA	0.801976161493713
GGAACGAA	1.01335510385372
GGAACGCA	0.614401855345743
GGAACGTA	0.616130192442644
GGAACTAA	0.0848243774407405
GGAACTCC	0.383048294844145
GGAACTGA	0.00291215431193856
GGAAGAAA	1.26464652470211
GGAAGATA	0.345016229819414
GGAAGGTA	0.806627824389212
GGAAGTAA	0.38059633370834
GGAAGTTA	0.260869709359338
GGAATACA	0.536424878484281
GGAATACC	0.995695506043764
GGAATAGA	0.653507824571634
GGAATATA	0.824618242352415
GGAATCAC	1.12009973996695
GGAATCGA	1.04695533201071
GGAATCTA	0.40908794912853
GGAATGGA	0.0725227687793913
GGAATGTA	0.242278914080989
GGAATTAA	3.23783305872727
GGAATTGA	0.457345888519749
GGAATTTA	1.49181906622992
GGACAAAA	1.442800745005
GGACAAAC	0.513697029437703
GGACAACA	2.03865396842525
GGACAATA	0.356741245621082
GGACATAA	1.14822089447479
GGACATAC	0.120535656205244
GGACCAAC	0.355319944221961
GGACCATA	0.0949118695209065
GGACCGAA	0.603473258431515
GGACCGGA	0.237962395785183
GGACCTAA	0.985672880660313
GGACGAAC	1.08482162658828
GGACGACA	0.629226778509282
GGACGCAC	0.0607905455669793
GGACGTCC	0.229992440982208
GGACGTTA	0.822458181351825
GGACTAAA	0.750700479223125
GGACTAAC	0.487867110806026
GGACTACA	0.0182509658616724
GGACTAGA	0.219101322603858
GGACTATA	0.34436756285227
GGACTCAA	0.725336880066718
GGACTCGA	0.262067581025332
GGACTGAA	0.141816257174017
GGACTGGA	0.0134926332871332
GGACTGTA	0.887391186245094
GGACTTAC	0.00228366809488387
GGACTTCA	0.233156494299721
GGACTTGA	0.121662895245926
GGACTTTA	1.891005114105
GGAGAAAA	0.17827710665611
GGAGAACA	0.237245979157026
GGAGAATA	0.10274055907326
GGAGACAA	0.292264469828036
GGAGACAC	1.31524903480901
GGAGACCA	0.846339216117771
GGAGAGAA	0.0563824931546985
GGAGATAA	1.14382221169648
GGAGCAAA	0.0795672920425756
GGAGCAAC	0.459474236913058
GGAGCATA	0.722955551556225
GGAGCGAA	0.254619442760369
GGAGCTAA	0.916704446490334
GGAGCTTA	1.04897196553745
GGAGGCAA	0.0409197141401327
GGAGTAAA	0.281445425557148
GGAGTAGA	0.758360515364022
GGAGTATA	0.813115214801727
GGAGTCAC	0.886565937714672
GGAGTTAA	0.160959140115513
GGAGTTCA	0.710367087947183
GGAGTTTA	0.520650739325487
GGATAAAA	1.75303220871131
GGATAAAC	1.13180313353638
GGATAACA	0.760128493220027
GGATAAGA	0.382670626521052
GGATAATA	1.55925160116992
GGATACAA	0.547793848195093
GGATACAC	0.875654638586234
GGATACCA	0.111307287486009
GGATACGA	0.610501204649983
GGATAGAA	1.49691758859168
GGATAGGA	0.449025653554516
GGATAGTA	0.771164480554372
GGATATAA	3.47195498569643
GGATATAC	0.12863822736595
GGATATGA	0.846706073324744
GGATATTA	1.09167947791314
GGATCAAA	0.498734444728913
GGATCATA	0.320796446748404
GGATCGTA	0.976389735619406
GGATCTCA	0.787977928342745
GGATGAAA	1.38996105460251
GGATGAAC	0.684442031493659
GGATGACA	0.611504476225833
GGATGAGA	0.0780018424285359
GGATGCAC	0.316411458050511
GGATGGAA	1.75358934156198
GGATGGGA	0.318273852987289
GGATGGTA	0.00526537392052316
GGATGTAA	1.41809374096755
GGATGTAC	1.00963319694446
GGATGTGA	0.529280892952801
GGATGTTA	0.124867310063618
GGATTAAA	1.53753062740456
GGATTAAC	0.799792316037663
GGATTACA	0.551977750133173
GGATTACC	0.397903489132818
GGATTAGA	0.906802184866342
GGATTATA	0.20105684906006
GGATTGCA	0.826995967157535
GGATTGCC	1.49422778290125
GGATTGGA	0.0832041515050298
GGATTGTA	0.469187664375501
GGATTTCA	1.68502524313485
GGATTTGA	0.647649641117248
GGATTTTA	0.640063120565963
GGCAAAAC	0.00891736894554353
GGCAAACA	1.57492339509612
GGCAAAGA	0.913388316806078
GGCAAATA	0.970740567076657
GGCAACAA	0.88012611621308
GGCAACGA	0.57872517215282
GGCAACTA	1.11071497043452
GGCAAGAA	1.31766784185539
GGCAAGAC	0.0187079157029716
GGCAAGTA	0.810212790494294
GGCAATAA	0.686949489692208
GGCAATCA	0.0618694949556635
GGCAATGA	0.719918348667842
GGCAATTA	1.04537979202162
GGCACAAA	0.774020056691954
GGCACAAC	0.455928190826002
GGCACATA	0.288201652390491
GGCACGTA	0.227017942567314
GGCACTAC	0.141871033495687
GGCACTGA	1.7470752837297
GGCACTTA	0.435640771058036
GGCAGAAA	1.4056559122431
GGCAGAAC	0.160794090409429
GGCAGACA	1.27722417719503
GGCAGATA	0.51226419618139
GGCAGCAA	1.11547834819658
GGCAGTAA	0.865204613745542
GGCAGTTA	0.0312286296510013
GGCATACA	2.82152508588389
GGCATCAA	0.538969815218711
GGCATCAC	0.747601292602327
GGCATGAA	0.308842235285014
GGCATGCA	0.0958603647750855
GGCATTAA	0.102293699607005
GGCATTAC	1.20251215740153
GGCATTCA	0.586194932650021
GGCATTGA	1.24043827348829
GGCATTTA	0.50013628611902
GGCCAAAA	0.140703432954829
GGCCAACA	1.155140008791
GGCCAAGA	0.931666310458049
GGCCACAA	0.0337555478585646
GGCCAGAA	0.345016229819414
GGCCATTA	0.149075561277434
GGCCGAAA	0.0863624388939471
GGCCGGAA	0.344639282237395
GGCCGGCA	0.177787002725379
GGCCGTAA	0.0537481845270199
GGCCTAAA	0.580345398088531
GGCCTATA	1.34642252776781
GGCCTTTA	1.2692585468385
GGCGAAAA	1.4674378371582
GGCGAACA	0.203426645713361
GGCGAAGA	1.23864002450715
GGCGAATA	0.318805759900348
GGCGACAC	0.314815016570261
GGCGAGAC	0.0133167724649296
GGCGCAAA	0.824474094137494
GGCGCAAC	0.237303638442996
GGCGCACA	0.135622208378866
GGCGCGCA	0.138211110318846
GGCGGAAA	0.306439284542282
GGCGTACA	0.260346451339176
GGCGTCCA	0.363629368071077
GGCGTGAA	0.327813581850754
GGCGTTGA	0.338114413289001
GGCTAAAA	0.713303387085122
GGCTAACA	0.398515398305157
GGCTAAGA	1.16322167846053
GGCTACAA	2.70692220983425
GGCTAGCA	0.415924178221153
GGCTAGCC	0.129966553166445
GGCTAGGA	0.291240296761023
GGCTATTA	0.092945687869384
GGCTCAAA	0.830105964894453
GGCTCAAC	0.0904951682157293
GGCTCAGA	0.339042727793092
GGCTCCTA	0.68288162706714
GGCTCTAA	0.322522621622083
GGCTCTAC	0.324597635175869
GGCTCTGA	0.190725746496679
GGCTGACA	1.01312374596877
GGCTGAGA	0.236786867092503
GGCTGGTA	0.540956898361395
GGCTGTAA	0.835345752506827
GGCTGTTA	0.921880088147069
GGCTTAAA	1.06598938304994
GGCTTACA	0.293963256540879
GGCTTCTA	0.467386532430066
GGCTTGAA	1.67231137057883
GGCTTGTA	0.798559128059014
GGCTTTAC	0.679726222642522
GGCTTTTA	0.973417399427738
GGGAAAAA	1.54928086914384
GGGAAAAC	2.25421104679475
GGGAAAGA	1.04157139618342
GGGAAATA	1.25448767925555
GGGAACAA	0.1852192846867
GGGAATAC	0.565365515593952
GGGAATCA	1.18835391973199
GGGAATTA	1.10454903054128
GGGACAAA	0.916698680561736
GGGACAAC	0.233301363255717
GGGACGAC	0.348545698861753
GGGACTTA	0.614766550329493
GGGAGACA	0.520855429790676
GGGAGCAA	1.51371157637103
GGGAGTGA	1.65942091645953
GGGATACA	0.376929203120753
GGGATACC	0.0433601434187439
GGGATCAA	0.212033735626287
GGGATCTA	0.0126781958728297
GGGATGAA	0.742153210819391
GGGATGCA	0.125115965734355
GGGATGTA	0.0157384624756008
GGGATTAA	0.894831396358237
GGGATTAC	0.224555891056466
GGGATTGA	0.318314214487466
GGGCAAAC	1.26639720477232
GGGCAAGA	0.521440671543255
GGGCAATA	0.072184020474327
GGGCAGAA	0.0225991967647613
GGGCAGTA	1.11375001109968
GGGCATAA	0.826970020478849
GGGCATCA	0.768731258686506
GGGCCAAA	0.0955814379792131
GGGCCATA	0.836058565429612
GGGCGAGA	0.187385832356961
GGGCGCAC	0.250535003090584
GGGCTAAA	0.954928949381983
GGGCTAAC	1.06007642327389
GGGCTCTA	0.497512788607459
GGGCTTAA	0.396415158813759
GGGGAAAA	1.6337344253017
GGGGAAAC	0.394216898536217
GGGGAACA	0.477262126634296
GGGGAATA	0.212505100289078
GGGGAGAC	0.731448764379364
GGGGATAA	0.116913211564283
GGGGATCA	0.0587263431293123
GGGGCAAA	1.29796566384
GGGGCAAC	0.53312172213937
GGGGCACA	0.908451240445038
GGGGCGCA	0.171164833731914
GGGGCTAA	1.45749593477511
GGGGGCAA	0.861754426221412
GGGGTAAA	0.339337510892605
GGGGTAAC	0.0426177801119008
GGGGTACA	0.160683817025014
GGGGTATA	0.0781013046968293
GGGGTCAA	0.693895271428172
GGGGTTAA	0.224058579714989
GGGTAAAA	0.515049860434737
GGGTAACA	1.28319479625705
GGGTAATA	1.980435387383
GGGTACAA	0.877411805326121
GGGTAGAA	0.936253827397907
GGGTAGGA	0.0181313228432886
GGGTAGTA	0.243975538570608
GGGTATAA	0.890488931383743
GGGTATCA	0.0721775338046556
GGGTATTA	0.387851313365308
GGGTCAAA	1.6856710271377
GGGTCACA	0.15718317762566
GGGTCATA	0.102617312349501
GGGTCTGA	0.418818674376766
GGGTGACA	0.152475296926344
GGGTGATA	0.441712293870504
GGGTGTAA	0.109537147406781
GGGTGTCA	1.67841604748073
GGGTGTTA	0.579414200620143
GGGTTAAA	1.06253991626688
GGGTTACA	0.518513021298211
GGGTTAGA	0.431090732654057
GGGTTCGA	0.211155872997418
GGGTTGTA	0.259160111530376
GGGTTTAC	0.855809753838073
GGGTTTGA	1.24634907104112
GGGTTTTA	0.828028068376369
GGTAAAAA	1.97826163230199
GGTAAAAC	0.34411530347616
GGTAAACA	0.404121322383432
GGTAAACC	0.0991325292537896
GGTAAAGA	1.33649359872406
GGTAACAA	1.38730584448367
GGTAACGA	0.564271430642701
GGTAACTA	0.498289026744808
GGTAAGAA	0.426459971249722
GGTAAGCA	2.25263478606459
GGTAAGTA	0.309842623896566
GGTAATAA	1.30269228380725
GGTAATAC	1.22896335483951
GGTAATCA	0.206987106621906
GGTAATGA	0.606694250293922
GGTAATTA	0.460662018204005
GGTACAAA	0.796050228378316
GGTACACA	0.660976143586686
GGTACATA	0.360703880049255
GGTACCAA	0.601455904163697
GGTACGAA	1.50699499029679
GGTACGAC	1.00110827151404
GGTACGTA	0.585095081770175
GGTACTAA	0.647175393490159
GGTACTGA	0.395103410057981
GGTACTTA	0.330826279542601
GGTAGAAA	2.31234530113127
GGTAGAAC	2.42677952376945
GGTAGACA	0.2286842959318
GGTAGAGA	0.515076527854495
GGTAGATA	0.126288611462739
GGTAGCAA	0.638538753193173
GGTAGCAC	0.399153974897257
GGTAGGAA	0.679316120971072
GGTAGTAC	0.125350206583603
GGTAGTTA	0.342887160685032
GGTATAAA	1.26473373437213
GGTATAAC	0.0264551615138943
GGTATACA	0.342277413735918
GGTATAGA	1.49721885836086
GGTATCAA	1.04595422265808
GGTATGAA	0.578449849062322
GGTATGCA	0.530764178084337
GGTATGGA	0.346526903111786
GGTATGTA	0.299789727387982
GGTATTAA	1.19346541543309
GGTATTAC	1.1359488361975
GGTATTGA	0.291962479317777
GGTATTTA	1.04595422265808
GGTCAAAA	0.876167806231353
GGTCAAAC	0.808813111327413
GGTCACAA	1.06324624252
GGTCAGAA	0.212049591929928
GGTCAGGA	0.636835642033883
GGTCAGTA	0.726898005234312
GGTCATAA	0.852197399572156
GGTCATCA	1.47664314216305
GGTCCAAA	0.633329957447006
GGTCCGAA	0.649873127332404
GGTCCTAA	0.308200054987542
GGTCCTTA	0.433947029532714
GGTCGTAA	0.546097223705474
GGTCGTAC	0.180055895628233
GGTCGTCA	0.0889311600838385
GGTCGTTA	1.03523896510194
GGTCTAAC	0.0480882048681491
GGTCTACA	0.175971455958449
GGTCTAGA	0.95338656348233
GGTCTCTA	0.398052682535261
GGTCTGAA	0.903374340315523
GGTCTGAC	0.160620391810448
GGTCTGCA	0.190399971530958
GGTCTGGA	0.26098574867235
GGTCTTAA	0.596995958394043
GGTCTTCA	0.44200923919324
GGTCTTGA	0.28434929134673
GGTCTTTA	2.42972807550566
GGTGAAAA	0.397918624695385
GGTGAAGA	0.890963179010834
GGTGACAA	1.65114392595877
GGTGACAC	0.158786826516656
GGTGACTA	0.446747391017691
GGTGAGAA	0.795585350385195
GGTGAGGA	0.516097817957211
GGTGAGTA	0.765650811333647
GGTGATAA	1.26863870951434
GGTGATAC	0.684356984046856
GGTGATTA	0.320774824516166
GGTGCAAA	0.474531959443694
GGTGCAAC	0.906004324496755
GGTGCACC	0.420281778758213
GGTGCAGA	0.307935543013163
GGTGCATA	0.628787847194848
GGTGCTAA	0.102743442037558
GGTGCTAC	0.519951620483121
GGTGCTGA	0.203978012635431
GGTGCTTA	0.191830642564048
GGTGGAAA	1.24252698112249
GGTGGATA	1.07038734508718
GGTGGCAA	0.349128778391107
GGTGGCAC	0.107024644020707
GGTGGGAA	0.217225233586663
GGTGTAAC	0.256589948858338
GGTGTACA	0.151231297831576
GGTGTATA	0.401572781943629
GGTGTCAA	0.121626858192197
GGTGTGAA	0.413943581748141
GGTGTGTA	0.0618637290270648
GGTGTTCA	0.855593531515692
GGTGTTGA	0.0730921542283285
GGTGTTTA	0.50977403576863
GGTTAAAA	0.802627711425156
GGTTAAAC	0.919658764155138
GGTTAACA	0.853388784568476
GGTTAAGA	1.29994049438441
GGTTACAA	1.47700639566465
GGTTACTA	1.49272287553748
GGTTAGAA	0.473220931428989
GGTTAGAC	0.724293246990691
GGTTAGCA	0.969162144123273
GGTTATAA	0.537807259865373
GGTTATCA	2.39950740224749
GGTTATGA	0.988834051013529
GGTTATTA	1.63474346280614
GGTTCAAA	0.107545019076572
GGTTCAAC	0.673133604033115
GGTTCATA	0.473537336760741
GGTTCCAC	0.0837850688111611
GGTTCCTA	0.725051466601176
GGTTCGAA	0.531029410799792
GGTTCGAC	0.381570775641206
GGTTCTAA	0.126994937715851
GGTTCTTA	0.773852124021573
GGTTGAAA	1.17052062332306
GGTTGAGA	0.32610830846824
GGTTGATA	0.890648935902306
GGTTGCGA	0.403110843396836
GGTTGCTA	0.516956220577064
GGTTGGAA	0.344178728690724
GGTTGGCA	0.435468513941206
GGTTGGTA	0.804922551006698
GGTTGTAA	1.07182378204886
GGTTGTAC	1.10592997044022
GGTTGTGA	0.0815522129620364
GGTTGTTA	1.35173583096979
GGTTTAAA	1.55381865494955
GGTTTAAC	0.2502791400091
GGTTTACA	0.964768506532484
GGTTTAGA	0.907822754227983
GGTTTCTA	0.61160105552983
GGTTTGAA	0.880508108982621
GGTTTGAC	0.9507082896491
GGTTTGGA	0.704866392065802
GGTTTGTA	1.18555239917501
GGTTTTAA	1.43711121496207
GGTTTTAC	0.224111914554509
GGTTTTCA	1.82941418557467
GGTTTTGA	0.37256151220865
GGTTTTTA	1.92426010728725
GTAAAAAA	3.64067542607382
GTAAAAAC	0.994990621272801
GTAAAACA	0.610896891499942
GTAAAAGA	2.44296232311755
GTAAAATA	0.880908841020101
GTAAACAA	1.17970646831889
GTAAACAC	1.03560005638032
GTAAACCA	1.142513345905
GTAAACGA	0.229990278758983
GTAAAGAA	0.525562589748918
GTAAAGAC	0.974638334808118
GTAAAGCA	0.185052072757393
GTAAAGGA	0.397287255514031
GTAAAGTA	1.2856539648036
GTAAATAA	0.89250124046404
GTAAATAC	0.195221729320061
GTAAATCA	0.626027408879113
GTAAATGA	1.45462234011066
GTAAATTA	0.533626961632667
GTAACAAA	2.54204980605417
GTAACAAC	1.53255823473087
GTAACACA	0.749987666300342
GTAACAGA	0.0994619079248848
GTAACATA	1.52652851490073
GTAACCAA	0.430614322803744
GTAACCAC	1.03115020098571
GTAACCCA	0.496905924622642
GTAACGAA	0.393501923390208
GTAACGAC	0.568159828740193
GTAACGCA	0.288590852570776
GTAACGTA	0.0667193616466757
GTAACTAA	1.07095384757182
GTAACTAC	0.771662512636923
GTAACTCA	0.920442209703233
GTAACTGA	0.856836089128311
GTAACTTA	0.569011023949301
GTAAGAAA	3.77733514122958
GTAAGAGA	0.550962225959054
GTAAGATA	1.46727639115749
GTAAGCAA	0.300336049122531
GTAAGCAC	0.058194436216255
GTAAGCCA	0.204565416611235
GTAAGCTA	1.02272329634143
GTAAGGAA	0.178533690478669
GTAAGGAC	1.18185139375691
GTAAGGGA	0.19970906325055
GTAAGGTA	0.546126774089533
GTAAGTAC	1.2499484519677
GTAAGTCA	0.803416202160774
GTAAGTGA	0.853728253614616
GTAAGTTA	1.0702165294525
GTAATAAA	2.29599889355924
GTAATAAC	1.06831953894414
GTAATACA	1.73095086440865
GTAATATA	1.76337412239081
GTAATCAA	0.962163748288863
GTAATCAC	0.447198574930393
GTAATCCA	0.864535045287236
GTAATCGA	0.112567142884418
GTAATCTA	0.275802022942996
GTAATGAA	1.96989959435443
GTAATGAC	0.442659347642534
GTAATGCA	0.17823169996841
GTAATGGA	1.26501698561445
GTAATGTA	1.08897381591908
GTAATTAA	1.12921639381962
GTAATTCA	1.92319845568436
GTAATTGA	0.455868369316811
GTAATTTA	0.176801749676395
GTACAAAA	1.07295462479492
GTACAAAC	1.6915854283959
GTACAACA	0.575893380470699
GTACAAGA	1.56961874078703
GTACAATA	1.46727783263964
GTACACAA	1.23763026626163
GTACACAC	0.662849349639584
GTACACCA	0.811551927410909
GTACACGA	1.45371204413343
GTACACTA	1.51155151537044
GTACAGAA	0.209808087187908
GTACAGCA	0.94932158382156
GTACAGTA	0.813057555515759
GTACATAA	0.00135247062649426
GTACATAC	0.596759555321573
GTACATCA	0.281647233058038
GTACATTA	0.489513283420424
GTACCAAA	0.173403455509634
GTACCAAC	0.206554661977143
GTACCATA	2.16684497595441
GTACCGTA	0.408791724546868
GTACCTAA	0.582127070024953
GTACCTCA	0.281413712949865
GTACCTTA	1.03095704237771
GTACGAAA	1.26545087174136
GTACGAAC	1.02863481463534
GTACGAGA	0.274155850328598
GTACGATA	1.11076758453297
GTACGCAA	0.296592519981036
GTACGCGA	1.19111291656558
GTACGCTA	0.318010782495059
GTACGGAA	0.369504849311253
GTACGGTA	0.415225059378789
GTACGTAA	0.524151378724842
GTACGTGA	1.14025454337719
GTACGTTA	0.816680720897795
GTACTAAA	1.23777369373548
GTACTAAC	1.19346541543309
GTACTACA	0.185044865346647
GTACTAGA	0.117988557247592
GTACTATA	1.92499165947798
GTACTCAA	0.169537400385455
GTACTCGA	0.0496046440891181
GTACTGAA	0.324245913531462
GTACTGAC	1.81365878568382
GTACTGCA	0.260659252965554
GTACTTAA	2.64817604632539
GTACTTCA	0.406821218448899
GTACTTGA	0.834069320063703
GTACTTTA	3.04452453658975
GTAGAAAA	0.567519089924869
GTAGAAAC	2.12794153497048
GTAGAACA	1.22283128977678
GTAGAAGA	0.954900119739
GTAGACCA	0.369495479677282
GTAGACGA	1.12939225464182
GTAGACTA	0.661165698489307
GTAGAGAA	0.653996487020217
GTAGAGTA	1.02272329634143
GTAGATAA	0.633201665535726
GTAGATCA	0.440804160116503
GTAGATGA	0.987606628963478
GTAGCAAA	0.828705564986497
GTAGCAAC	0.372369795082804
GTAGCAGA	0.285619237120182
GTAGCATA	0.201009280149136
GTAGCGAC	0.595869440094437
GTAGCGTA	0.555331358353308
GTAGCTAA	0.455091410438389
GTAGCTCA	0.0600380918850927
GTAGCTGA	0.986704981879146
GTAGCTTA	0.037926476457301
GTAGGAAA	1.6680863863995
GTAGGACA	0.0208996893108444
GTAGGATA	0.595408886547764
GTAGGCAA	0.357694065321709
GTAGGGTA	0.227241372300441
GTAGGTAA	1.3025971459854
GTAGGTTA	0.348256681690837
GTAGTAAC	0.70270128587769
GTAGTAGA	0.724744430903393
GTAGTATA	1.40838680017478
GTAGTCAA	0.232260613143988
GTAGTCAC	0.438516527945707
GTAGTCCA	0.389703617927042
GTAGTCTA	1.28052733353994
GTAGTGAA	2.12251147171442
GTAGTGAC	0.678875027433413
GTAGTGCA	0.289337540324068
GTAGTGGA	0.0564790724586942
GTAGTGTA	0.517470829704332
GTAGTTAA	1.4232492018742
GTAGTTGA	0.963789740153171
GTAGTTTA	1.54529517100128
GTATAAAA	1.27898999282781
GTATAACA	0.822848823014261
GTATAAGA	2.05904373342582
GTATAATA	2.53436238175244
GTATACAA	1.74300597962249
GTATACAC	0.67713371699717
GTATACCA	1.18120993420052
GTATACGA	0.236805606360443
GTATACTA	1.2518526498868
GTATAGAA	1.07913425876858
GTATAGAC	1.1591444462015
GTATAGCA	1.06719878657313
GTATAGTA	0.32332841014349
GTATATAA	0.104009063364564
GTATATAC	0.859084801281076
GTATATCA	0.38405733234859
GTATATGA	0.553343554469548
GTATATTA	2.25994454204323
GTATCAAA	0.496117433887026
GTATCAAC	1.12147563467837
GTATCATA	0.666450892789381
GTATCCAA	1.06007786475603
GTATCCCA	0.0987108957251453
GTATCCGA	0.15886899099916
GTATCCTA	0.646874123720975
GTATCGCA	0.331195298972798
GTATCGTA	0.710728899966635
GTATCTAA	1.54872733999855
GTATCTTA	1.68988520020091
GTATGAAA	1.01577246941795
GTATGAAC	0.712059387990354
GTATGATA	1.37902597101862
GTATGCAC	0.415863635970887
GTATGCCA	0.530005958473853
GTATGCTA	0.684315181064529
GTATGGAA	1.85785895282501
GTATGGAC	0.418846062537601
GTATGGCA	1.12718174176601
GTATGGTA	0.0196938894930306
GTATGTAA	0.496200319110604
GTATGTCA	0.95583924535921
GTATGTGA	0.0536652993034399
GTATGTTA	0.988656748709177
GTATTAAA	1.33964179573793
GTATTAAC	1.94200259032079
GTATTACA	0.95593654540428
GTATTAGA	0.183475812027232
GTATTATA	0.950866852685513
GTATTCAA	1.10563951178716
GTATTCAC	1.77230122134086
GTATTCCA	0.396800034547598
GTATTGAA	0.780617720488884
GTATTGAC	1.72199493581562
GTATTGCA	0.906041803032635
GTATTGGA	0.226467296386317
GTATTGTA	0.649458701214507
GTATTTAA	2.12453315042868
GTATTTCA	0.645439848982511
GTATTTGA	0.210022868028141
GTATTTTA	1.33817004246358
GTCAAAAA	1.88286722663164
GTCAAACA	1.32909807455754
GTCAAAGA	0.0688138352094767
GTCAAATA	0.499858080064222
GTCAACAA	0.0850521316203157
GTCAACAC	0.110173561775656
GTCAACCA	0.306944524035581
GTCAAGCA	1.25939592597361
GTCAAGGA	0.318322863380363
GTCAAGTA	0.751170402403769
GTCAATAA	1.18216275390114
GTCAATTA	0.992011077670385
GTCACAAA	2.06795353459008
GTCACATA	0.364032262331779
GTCACCAA	1.08287346346363
GTCACGCA	0.923276884349652
GTCACGGA	1.1509878194602
GTCACGTA	0.293447205931462
GTCACTAA	0.822997295675628
GTCACTCA	2.19363924614391
GTCACTTA	0.596892171679302
GTCAGAAA	0.530788683280874
GTCAGAAC	1.3043341319752
GTCAGCGA	0.209291315837417
GTCAGCTA	0.061884630518228
GTCAGGAA	0.324570247015035
GTCAGGCA	0.165164664285831
GTCAGGGA	0.710759891832844
GTCAGTAA	1.10185922485086
GTCAGTCA	0.422126875909201
GTCATAAA	0.769131990723988
GTCATACA	0.257031042395995
GTCATATA	1.8815799830724
GTCATCAA	0.794747128515431
GTCATCCA	0.565188213289598
GTCATCTA	0.0481170345111342
GTCATGGA	0.40924579142387
GTCATGTA	0.0843515712958006
GTCATTAA	0.0655928433470698
GTCATTCA	0.332420558799626
GTCATTTA	1.18125966533466
GTCCAAAA	0.83183358125028
GTCCAAAC	1.76170921050847
GTCCAACA	1.04306981687752
GTCCAAGA	0.73583231159511
GTCCAATA	0.850780422619483
GTCCACAC	0.313818231664085
GTCCAGAA	0.960040445083079
GTCCAGTA	0.0666357556820213
GTCCATAA	1.47543085567556
GTCCATTA	0.0860193661424347
GTCCCAAA	1.77663575816353
GTCCCACA	0.0187410697924033
GTCCCAGA	0.100317427580439
GTCCCCAA	0.28483290860779
GTCCCGAC	0.24273442244014
GTCCCTAA	0.0120893504148782
GTCCCTGA	0.607145434206626
GTCCGAAA	2.28498524919821
GTCCGACA	0.130698826098243
GTCCGCAC	0.100927174529555
GTCCGGAC	0.659115190132058
GTCCGTAA	0.380529304788402
GTCCGTCA	2.16144518382347
GTCCGTTA	0.0248270074263634
GTCCTAAA	1.51490007840306
GTCCTAAC	0.98633307948465
GTCCTACA	0.49737512706221
GTCCTAGA	0.270302047802688
GTCCTCAA	0.423511419513516
GTCCTCGA	0.0188037742658946
GTCCTGAA	1.20834871862367
GTCCTGGA	0.986631466289537
GTCCTTAA	1.09513903507125
GTCCTTGA	1.0920297580754
GTCCTTTA	0.0393398497045997
GTCGAAAA	1.48162994965824
GTCGAACA	1.16017870964355
GTCGAATA	0.867957123909458
GTCGACTA	0.446534772400682
GTCGAGAA	1.3128994189058
GTCGAGCA	0.519369261694841
GTCGAGTA	0.790734042212032
GTCGATAA	1.22899074300035
GTCGCAAA	0.0634753060698807
GTCGCACA	0.268110274194815
GTCGCAGA	0.442276634131919
GTCGCCAA	0.184028620431454
GTCGCGCA	0.225489250748079
GTCGCGGA	0.0263369599776594
GTCGCGTA	1.19688821479639
GTCGCTAA	0.21476246133474
GTCGCTGA	0.859832930516516
GTCGGAAA	0.717108899959034
GTCGGAAC	0.134936062875843
GTCGGGCA	0.398325122661462
GTCGGTAA	0.674719234397245
GTCGGTGA	0.233216315808912
GTCGGTTA	0.606491722051958
GTCGTAAA	0.880908841020101
GTCGTAAC	0.131855615522983
GTCGTACA	0.789877801815402
GTCGTATA	0.522474214244237
GTCGTGAA	0.3647241737634
GTCGTGGA	1.82415277573006
GTCGTGTA	0.571540825121162
GTCGTTAA	1.58002552116325
GTCGTTCA	2.18809314357483
GTCGTTGA	0.803072408668189
GTCTAAAA	0.592579977829942
GTCTAAGA	0.20350664797264
GTCTAATA	0.23586431851701
GTCTACAA	0.342577242022953
GTCTACAC	0.0835414583279453
GTCTAGAC	1.98441387811482
GTCTAGCA	0.524089394992426
GTCTAGGA	0.0704491967077552
GTCTATAA	0.710239516776979
GTCTATTA	0.158564117524602
GTCTCAAA	1.44409015078746
GTCTCAAC	0.0872633652372028
GTCTCATA	0.325748658672012
GTCTCTAA	0.549057307298874
GTCTCTCA	0.527386785408741
GTCTCTTA	0.133196193921748
GTCTGAAA	0.784047006521852
GTCTGAAC	1.04595061895271
GTCTGAGA	0.162300439255351
GTCTGATA	1.02354494116648
GTCTGCAC	0.736473771151507
GTCTGGAA	0.315395213135318
GTCTGGTA	0.0241617634145049
GTCTGTAA	0.945593910983706
GTCTGTTA	0.331208272312141
GTCTTAAA	2.07682657795953
GTCTTAAC	0.653348540794146
GTCTTAGA	0.325004133141946
GTCTTATA	1.62572338825747
GTCTTCAA	1.0277079416134
GTCTTCAC	0.982740905968822
GTCTTCCA	0.382958922950895
GTCTTCTA	0.84830972221574
GTCTTGAA	1.34584449342597
GTCTTGCA	1.61290212528133
GTCTTGTA	1.73742167777645
GTCTTTAA	2.61924838255506
GTCTTTCA	1.75878011878128
GTCTTTGA	1.6823873308018
GTCTTTTA	0.671560947008328
GTGAAAAA	0.101376916960108
GTGAAAAC	1.76471037634313
GTGAAAGA	2.44218103979268
GTGAAATA	0.773866538843064
GTGAACAA	0.158171313638944
GTGAACCA	0.0411935957484825
GTGAACGA	1.36080563665262
GTGAACTA	0.368871317906675
GTGAAGAA	0.19198127744864
GTGAAGCA	0.0120165555663434
GTGAAGTA	0.783594381127001
GTGAATGA	0.109256058387685
GTGAATTA	1.12612945979709
GTGACAAA	0.0531341131314553
GTGACACA	0.624890800204462
GTGACATA	0.453616053458671
GTGACCAA	0.902413592463075
GTGACCGA	0.00827590938914594
GTGACGAA	0.306122158469457
GTGACTAA	1.15876029120873
GTGACTGA	0.97816996607368
GTGACTTA	1.05598261397013
GTGAGAAA	0.767070671250618
GTGAGAAC	0.617857088057397
GTGAGAGA	0.788850025043017
GTGAGCAA	0.339116243382703
GTGAGCAC	0.265674169362652
GTGAGCTA	1.02112757560226
GTGAGGTA	0.137733258986384
GTGAGTAA	0.837223283006174
GTGAGTGA	0.996681479833823
GTGAGTTA	0.369756387946289
GTGATAAA	1.20085877737638
GTGATAAC	1.07856775628394
GTGATACA	0.376351889519994
GTGATAGA	1.02262095110884
GTGATATA	1.18684757088607
GTGATGCA	0.634702248453053
GTGATGTA	0.425913649515173
GTGATTAA	1.04723714177088
GTGATTTA	0.656103213181286
GTGCAAAA	1.21265010135691
GTGCAACA	0.0554311149362201
GTGCAAGA	1.55925736709852
GTGCAATA	0.0424606585576371
GTGCACAA	0.209678353794479
GTGCACCA	0.478008814387587
GTGCAGAA	0.234823568405282
GTGCAGTA	0.605092763626151
GTGCATAA	0.887220370610411
GTGCATCA	0.283643685834691
GTGCATTA	1.1026866356045
GTGCCAAA	0.595496816958867
GTGCCAAC	0.848223233286786
GTGCCATA	0.349973486930543
GTGCCCAA	0.444735081937395
GTGCCCCA	0.839077749791129
GTGCCGAA	0.958209762753584
GTGCCGCA	0.186170662905179
GTGCCTAA	0.406042818088327
GTGCCTGA	1.49532258859358
GTGCCTTA	1.40261150194397
GTGCGAAA	0.523321085006897
GTGCGAAC	0.396693364868557
GTGCGAGA	0.875246699138008
GTGCGCAC	1.3360409733292
GTGCGCGA	0.237158769486999
GTGCGGTA	0.348844806407714
GTGCGTAA	0.777411143447968
GTGCGTGA	1.32585690194504
GTGCGTTA	0.864535045287236
GTGCTAAA	1.0355380726479
GTGCTAAC	0.893889387773728
GTGCTAGA	1.04045785122315
GTGCTATA	0.997677543998927
GTGCTCCA	0.551798285605595
GTGCTGAA	0.409901665801759
GTGCTGCA	0.575202189780153
GTGCTTAA	2.06793984050966
GTGCTTGA	0.958832483042041
GTGCTTTA	0.41052006164377
GTGGAAAA	0.390261471518787
GTGGAAAC	0.551631794417362
GTGGAAGA	0.0577273959999105
GTGGAATA	1.11513959989152
GTGGACAA	0.692534512279319
GTGGACTA	0.250870868431351
GTGGAGTA	0.888205623659397
GTGGATCA	0.176868778596332
GTGGCAAA	1.49092246433311
GTGGCACA	0.296383505069401
GTGGCCAA	0.628790009418073
GTGGCGTA	0.495433450607226
GTGGCTAA	0.583388366905511
GTGGCTTA	0.753111358117679
GTGGGAAC	0.19547975462477
GTGGGCAA	0.60870367640992
GTGGGTGA	0.783897092378334
GTGGGTTA	0.836256048484053
GTGGTAAA	0.190234921824874
GTGGTAAC	0.84005147098292
GTGGTAGA	0.974388237655231
GTGGTATA	1.34835987977634
GTGGTCAA	0.0201616504504478
GTGGTCTA	0.204179099395246
GTGGTGGA	0.44478913751799
GTGGTGTA	0.318805759900348
GTGGTTGA	0.185950836877425
GTGTAAAA	1.34229196066925
GTGTAAAC	0.964768506532484
GTGTAACA	0.216651523691278
GTGTAAGA	1.19897331872522
GTGTAATA	1.28139582653484
GTGTACAA	1.54782857587851
GTGTACGA	0.7582646568011
GTGTACTA	0.00245088002419275
GTGTAGAA	0.171154743356868
GTGTAGCA	0.472743800837601
GTGTAGGA	0.106504268964844
GTGTAGTA	1.30372366428501
GTGTATCA	1.28890162408577
GTGTATGA	0.361473631516933
GTGTATTA	1.04004126288203
GTGTCAAA	0.0989278387886025
GTGTCAAC	0.0336589685545672
GTGTCATA	0.73801904001546
GTGTCCCA	0.0760601659735505
GTGTCCTA	0.113162475012041
GTGTCGGA	0.482262628209902
GTGTCGTA	0.377040197246241
GTGTCTAA	0.802136166012276
GTGTCTGA	0.608569618570043
GTGTCTTA	0.20989457611686
GTGTGAAC	1.1905392066702
GTGTGCAA	0.717672519479374
GTGTGCGA	0.761261498189306
GTGTGCTA	1.23267805433802
GTGTGGAA	1.83598806491614
GTGTGGTA	0.474346008246447
GTGTGTAA	1.30997537236613
GTGTGTCA	1.75390070170621
GTGTGTGA	0.509978005492745
GTGTGTTA	2.06396927792966
GTGTTAAA	1.16788487321323
GTGTTAAC	0.49956978363438
GTGTTACA	0.369047899469953
GTGTTAGA	0.601051568420842
GTGTTATA	1.34007712334699
GTGTTCAA	2.94668249423004
GTGTTCCA	0.452583952239838
GTGTTCGA	1.25557888124251
GTGTTCTA	2.14171633838833
GTGTTGAA	0.834614921057179
GTGTTGGA	2.03506467787372
GTGTTGTA	2.54416013592062
GTGTTTAA	0.648281010298602
GTGTTTCA	0.267247547128514
GTGTTTGA	1.73338552775867
GTGTTTTA	1.89519622345382
GTTAAAAA	1.29072365752237
GTTAAAAC	1.27730994538291
GTTAAACA	1.16788487321323
GTTAAAGA	0.970821290077012
GTTAAATA	1.59890389213036
GTTAACAA	1.40950611106364
GTTAACGA	1.38495767006261
GTTAACTA	0.906575872168917
GTTAAGAA	1.7120905119684
GTTAAGCA	0.237057144995481
GTTAAGGA	0.653612332027452
GTTAAGTA	1.39836994071993
GTTAATAA	1.186750270841
GTTAATCA	1.58744987497275
GTTAATGA	1.74847063845014
GTTAATTA	0.890708036670424
GTTACAAA	1.0768999614373
GTTACAAC	0.38050696181509
GTTACACA	0.152114926389042
GTTACAGA	1.861211119563
GTTACATA	2.63577209243144
GTTACCAA	0.0520868763500557
GTTACGAA	0.35714341914071
GTTACGTA	0.589363310413983
GTTACTAA	2.31359506615464
GTTACTCA	0.988834051013529
GTTACTGA	1.29075825309395
GTTACTTA	1.88969768979567
GTTAGAAA	0.624665208248111
GTTAGAAC	0.67888079336201
GTTAGACA	1.36137574284263
GTTAGAGA	0.881623816166109
GTTAGATA	1.45780585343719
GTTAGCAA	0.969162144123273
GTTAGGCA	0.27158424617441
GTTAGGTA	1.24509209860701
GTTAGTAA	1.56017198752219
GTTAGTCA	0.475767309645566
GTTAGTGA	0.790785935569404
GTTAGTTA	0.906802184866342
GTTATAAA	1.33665648620692
GTTATAAC	0.58509291954695
GTTATAGA	0.5429519096559
GTTATCAA	2.20035366999492
GTTATCTA	1.24491623778481
GTTATGAA	2.1469928837955
GTTATGCA	0.765965054442174
GTTATGGA	1.43724166909657
GTTATGTA	1.33028008991989
GTTATTAA	1.62334278048805
GTTATTCA	0.531303292408142
GTTATTGA	1.22808765443387
GTTATTTA	2.12870624125064
GTTCAAAA	1.07182378204886
GTTCAAAC	1.95432870417868
GTTCAACA	0.310989322946261
GTTCAAGA	0.706067146696093
GTTCAATA	1.15168189311504
GTTCACAA	0.5677367537294
GTTCACTA	0.0961868604818814
GTTCAGAA	1.53139063419001
GTTCAGCA	0.452351873613815
GTTCAGGA	1.21146015784274
GTTCAGTA	1.84688711144631
GTTCATAA	0.421451541522296
GTTCATGA	0.424328019151043
GTTCATTA	0.780608350854914
GTTCCAAA	0.625847223610463
GTTCCAAC	0.135101833323003
GTTCCACA	0.531043825621284
GTTCCAGA	0.131770568076181
GTTCCATA	1.71695407273983
GTTCCGAA	0.243122181138278
GTTCCGTA	0.400445542902949
GTTCCTAA	1.11889898533666
GTTCCTGA	0.789330038598703
GTTCGAAA	0.943346640313089
GTTCGAAC	0.101219795405845
GTTCGACA	0.178552429746609
GTTCGAGA	0.345082537998279
GTTCGATA	0.420763233796049
GTTCGCAA	1.99370278908432
GTTCGCCA	0.118534878982143
GTTCGCTA	0.748144010631504
GTTCGGAA	0.199245626739579
GTTCGTAA	0.905035648492487
GTTCGTCA	0.296122596800394
GTTCGTGA	0.613319302251687
GTTCGTTA	1.33011648169596
GTTCTAAA	1.69810381067463
GTTCTACA	0.771154390179327
GTTCTAGA	0.648390562941942
GTTCTATA	1.68452072438263
GTTCTCAA	2.96596592168108
GTTCTCTA	1.17113037027217
GTTCTGGA	1.31860840895774
GTTCTGTA	2.31203322024597
GTTCTTAA	1.16595689083866
GTTCTTCA	0.00820815972813209
GTTGAAAA	1.75061412240601
GTTGAAAC	2.35496560383693
GTTGAACA	1.24511444158032
GTTGAATA	0.818955379729248
GTTGACAA	0.17638011614775
GTTGACGA	0.620716988641428
GTTGACTA	1.54112928759006
GTTGAGAA	1.84331583942164
GTTGAGTA	1.94948244119304
GTTGATAA	2.33026148276379
GTTGATCA	0.262106501043361
GTTGATGA	0.769906066638112
GTTGATTA	1.35210845410536
GTTGCAAA	0.38359533731977
GTTGCAAC	0.981956739679652
GTTGCCTA	0.368279589484424
GTTGCGAA	1.3306202797071
GTTGCGCA	0.987149679122179
GTTGCTAA	0.943105912794171
GTTGCTGA	1.01217164700922
GTTGCTTA	1.94620306930359
GTTGGAAA	0.436129433506618
GTTGGAGA	0.643663222233611
GTTGGATA	0.886635849598908
GTTGGCCA	0.497987756975624
GTTGGCGA	0.886084482676834
GTTGGGCA	0.0756623169003687
GTTGGTCA	0.576939896511026
GTTGGTGA	0.0181298813611381
GTTGGTTA	2.3112915776802
GTTGTAAA	1.64923756581644
GTTGTACA	1.5726790073898
GTTGTAGA	0.498926161854759
GTTGTATA	2.07989909716057
GTTGTCAA	0.0522548090204373
GTTGTCCA	0.252537942536911
GTTGTCGA	2.50732882552618
GTTGTGCA	1.46647997227005
GTTGTGGA	0.391011042236376
GTTGTGTA	1.79969010291691
GTTGTTAA	1.30790756622309
GTTGTTCA	2.27121404948574
GTTGTTGA	0.713976559248803
GTTGTTTA	2.11969697781808
GTTTAAAA	1.00275660635166
GTTTAAAC	2.32257261697991
GTTTAACA	1.28455483466483
GTTTAAGA	0.987760146812368
GTTTAATA	0.725623735014411
GTTTACCA	0.109059296074318
GTTTACGA	1.07369266365531
GTTTACTA	0.769208389277896
GTTTAGAA	1.32504895120041
GTTTAGCA	0.0982438555088025
GTTTAGGA	0.22705470036212
GTTTAGTA	2.24564215615877
GTTTATAA	1.22703321024172
GTTTATCA	2.91592631035344
GTTTATGA	0.627870343806878
GTTTATTA	2.38812401771519
GTTTCAAA	0.760216423631129
GTTTCAGA	0.97483437638041
GTTTCATA	1.40596294794089
GTTTCCAA	0.454748337686874
GTTTCCTA	1.11471868710395
GTTTCGAA	1.72625235334331
GTTTCGGA	0.0444571113342919
GTTTCGTA	1.35451500855347
GTTTCTAA	0.382086105509547
GTTTCTCA	2.16316775499178
GTTTCTGA	2.1130214739851
GTTTCTTA	0.683887060866214
GTTTGAAA	1.14951318322156
GTTTGACA	0.476637244122615
GTTTGAGA	0.998931633468737
GTTTGATA	1.09538408703661
GTTTGCAA	1.43741176399018
GTTTGCGA	0.955449324437848
GTTTGGAA	1.99446821610555
GTTTGGCA	0.229851896472659
GTTTGGGA	0.648852557970764
GTTTGGTA	0.695942176080049
GTTTGTAA	1.94235935715272
GTTTGTCA	2.3854644831499
GTTTGTGA	1.04450120865168
GTTTGTTA	1.91510165045225
GTTTTAAA	2.26752962111236
GTTTTACA	0.584293617695215
GTTTTAGA	0.666060251126945
GTTTTATA	1.61638330467167
GTTTTCAA	1.94873503269867
GTTTTCCA	0.222104650661737
GTTTTCGA	1.46074935998587
GTTTTCTA	1.54438847872943
GTTTTGAA	1.0616000699056
GTTTTGCA	1.40613015987019
GTTTTGGA	1.9596578636843
GTTTTGTA	1.20093517593029
GTTTTTAA	2.14145903382469
GTTTTTGA	1.55064523199807
GTTTTTTA	0.938643084060221
TAAAAAAA	2.90322324891353
TAAAAACA	1.47543085567556
TAAAAAGA	2.11614804876673
TAAAAATA	2.3158949509237
TAAAACAA	3.54728323910871
TAAAACCA	1.62602249580343
TAAAACGA	2.02552783197456
TAAAACTA	1.61638330467167
TAAAAGAA	0.724451810027105
TAAAAGCA	2.71134611855018
TAAAAGGA	0.206293753708136
TAAAAGTA	0.679316120971072
TAAAATAA	2.747195779601
TAAAATCA	1.46499884936174
TAAAATGA	1.79793149469487
TAAAATTA	1.10744929262549
TAAACAAA	1.58448907063827
TAAACACA	2.02126753148257
TAAACAGA	0.550949252619711
TAAACATA	2.2883684078024
TAAACCAA	1.80470357783186
TAAACCCA	0.929214349322244
TAAACCTA	0.306293694845213
TAAACGAA	1.16687151126233
TAAACGCA	0.451917266745829
TAAACGGA	0.568245596928069
TAAACGTA	2.03591226937746
TAAACTAA	1.63758750708653
TAAACTCA	0.242993889226998
TAAACTGA	1.97912363862722
TAAACTTA	1.61389602722321
TAAAGAAA	1.28745293452582
TAAAGACA	1.27647676870066
TAAAGAGA	1.17639826678646
TAAAGATA	1.26590277639514
TAAAGCAA	1.82704510966245
TAAAGCTA	0.434442899392042
TAAAGGGA	0.644234769905772
TAAAGGTA	0.855047209781143
TAAAGTAA	0.934956493463618
TAAAGTCA	0.938757681891082
TAAAGTTA	1.03482021453759
TAAATAAA	2.4822369457549
TAAATACA	0.549649756462201
TAAATAGA	0.538776656610716
TAAATATA	2.39355408097126
TAAATCAA	1.66501963312706
TAAATCCA	1.78936188331783
TAAATCTA	1.76911842875541
TAAATGAA	1.7314092557321
TAAATGCA	1.18867104580482
TAAATGTA	2.21778623436638
TAAATTAA	1.32762992498857
TAAATTCA	1.54650601600661
TAAATTGA	1.734238885191
TAAATTTA	1.47735811730906
TAACAAAA	1.76392621005396
TAACAACA	0.212523118815944
TAACAAGA	0.640335560692162
TAACAATA	1.48453525692997
TAACACAA	2.12600778666732
TAACACGA	0.775941552396851
TAACACTA	0.107885929604862
TAACAGAA	1.51736357139605
TAACAGCA	1.3134414161939
TAACAGTA	3.02391278333821
TAACATAA	0.643947194217006
TAACATCA	0.208106417510767
TAACATGA	1.43249342689708
TAACATTA	1.9468185821813
TAACCAAA	0.205270301382198
TAACCACA	0.975694941223488
TAACCAGA	0.212505100289078
TAACCATA	0.424335947302864
TAACCCAA	1.03490165827902
TAACCCGA	0.319752813672378
TAACCGAA	0.98363606638348
TAACCGCA	2.24238440650156
TAACCGGA	0.877166753360755
TAACCGTA	0.969162144123273
TAACCTAA	0.426397987517307
TAACCTCA	0.902049618220401
TAACCTGA	0.616762282365074
TAACCTTA	0.201206042462503
TAACGAAA	4.80153703788556
TAACGACA	2.31919810726861
TAACGAGA	0.766508493212427
TAACGATA	0.211335337524995
TAACGCAA	1.52856532917756
TAACGCCA	0.276220773507339
TAACGCGA	0.688666294931916
TAACGGAA	0.407835301140867
TAACGGGA	0.643168793856432
TAACGGTA	1.94359038290814
TAACGTAA	1.86539862520645
TAACGTGA	1.39011817615678
TAACGTTA	0.366208900377086
TAACTAAA	0.696743640155008
TAACTACA	2.09727472298714
TAACTAGA	0.420711340438678
TAACTATA	0.955449324437848
TAACTCAA	0.998320445037474
TAACTCCA	0.687623382596963
TAACTCGA	1.20242999291902
TAACTCTA	1.54745090755542
TAACTGAA	2.58139217835254
TAACTGCA	2.19421151455714
TAACTGGA	0.594845267027424
TAACTGTA	1.19632675749927
TAACTTAA	0.285124088001929
TAACTTGA	0.653507824571634
TAAGAAAA	2.71619598524119
TAAGAACA	0.646085632985357
TAAGAAGA	1.43360264741089
TAAGAATA	1.81015382183802
TAAGACGA	0.405916688400271
TAAGACTA	1.65109563630677
TAAGAGAA	2.46603468639779
TAAGAGGA	0.252944440502987
TAAGATAA	2.82260547675472
TAAGATCA	1.30595003346447
TAAGATGA	0.549327585201852
TAAGATTA	1.48511401201288
TAAGCAAA	0.650996762667712
TAAGCACA	1.78391236005274
TAAGCAGA	0.621365655608573
TAAGCATA	0.465551525654122
TAAGCCAA	0.306122158469457
TAAGCCCA	0.0463252721996665
TAAGCCGA	0.278422637490257
TAAGCGCA	0.178533690478669
TAAGCGTA	2.87436045183992
TAAGCTGA	0.854691163690287
TAAGCTTA	1.92107515247857
TAAGGAAA	1.51111618776138
TAAGGACA	1.18185139375691
TAAGGAGA	1.169341490925
TAAGGATA	0.954928949381983
TAAGGCAA	1.65170682473804
TAAGGCGA	0.768162593978644
TAAGGGAA	0.759688120423444
TAAGGGTA	1.05471266819668
TAAGGTAA	2.06310583012229
TAAGGTCA	0.308842235285014
TAAGTAAA	2.41267750390374
TAAGTACA	1.21733059389539
TAAGTAGA	0.412486964036365
TAAGTCAA	0.170382829665967
TAAGTCCA	0.00228366809488387
TAAGTCTA	1.24636781030906
TAAGTGAA	2.71617148004465
TAAGTGCA	0.755393224359876
TAAGTGGA	0.861497842398853
TAAGTGTA	1.4919444751769
TAAGTTAA	0.658688511415891
TAAGTTCA	1.30269228380725
TAAGTTGA	1.16664087411846
TAATAAAA	2.90324775411007
TAATAACA	1.83777334055794
TAATAAGA	2.58950700211151
TAATAATA	1.7374742918749
TAATACAA	2.73355863772841
TAATACCA	1.1359488361975
TAATACGA	1.14754339786466
TAATACTA	1.19111291656558
TAATAGAA	0.128566873999564
TAATAGCA	1.12958613399089
TAATAGGA	0.331017275927371
TAATAGTA	1.77314809210352
TAATATAA	1.75500055258605
TAATATCA	2.53047902884247
TAATATGA	0.649811864341063
TAATCAAA	2.24815754250914
TAATCACA	1.0100296045355
TAATCAGA	2.30237024465874
TAATCATA	1.91867436395907
TAATCCAA	0.510427747923297
TAATCCCA	0.577607302746109
TAATCCGA	0.39738239333588
TAATCGAA	0.178209356995096
TAATCGCA	1.38655050783749
TAATCGGA	0.556930682797854
TAATCTAA	1.19740931059333
TAATCTCA	0.423621692897931
TAATGAAA	1.81553415395994
TAATGACA	0.590910741501159
TAATGAGA	1.23163297977985
TAATGATA	1.35767041297809
TAATGCAA	1.13301397854171
TAATGCCA	1.07775043590534
TAATGCGA	0.122151557694508
TAATGCTA	0.684962406549524
TAATGGAA	1.92882383977165
TAATGGCA	0.726744487385422
TAATGGTA	2.81856067784404
TAATGTAA	1.24312375473226
TAATGTCA	0.367135052657951
TAATTAAA	1.88972435721543
TAATTACA	1.26125543794609
TAATTATA	0.370782723236525
TAATTCAA	2.11080735740391
TAATTCCA	0.884854177662485
TAATTCGA	0.324570247015035
TAATTCTA	1.22703321024172
TAATTGAA	0.281412992208791
TAATTGGA	0.871666057479372
TAATTGTA	1.19408236979295
TAATTTAA	1.36584794121055
TAATTTCA	1.47282753891409
TAATTTGA	1.2445587502118
TACAAAAA	0.63029852048722
TACAAACA	2.11974094302363
TACAAAGA	2.04810864984192
TACAAATA	2.70903470192392
TACAACAA	1.2690257474714
TACAACCA	1.56612170509305
TACAACGA	0.658524903191956
TACAACTA	1.31184497471366
TACAAGAA	1.53036790260515
TACAAGCA	0.712427686679478
TACAAGGA	0.0182509658616724
TACAAGTA	0.376929203120753
TACAATAA	0.0267758912920931
TACAATCA	2.83243061908373
TACAATGA	1.06292190903642
TACACAAA	2.23190050683036
TACACACA	0.686135052277906
TACACAGA	1.59800729023355
TACACATA	1.35210485039999
TACACCAA	1.45371204413343
TACACCCA	0.0414509003121173
TACACCGA	0.287544336530451
TACACCTA	1.18827247599056
TACACGAA	2.4480125558273
TACACGCA	1.68505479351891
TACACGGA	0.0268767950425386
TACACGTA	0.855593531515692
TACACTAA	1.34907485492235
TACACTCA	0.360027104180203
TACAGAAA	1.37246578575757
TACAGAGA	0.281647233058038
TACAGATA	0.18106493313268
TACAGCAA	1.52412844712229
TACAGCCA	0.0694149332656968
TACAGCGA	0.594349397168096
TACAGCTA	0.0173529224827144
TACAGGAA	1.89848568571832
TACAGGCA	0.674994557487744
TACAGTAA	2.60900448966171
TACAGTCA	0.330688617997352
TACATAAA	2.2879655135417
TACATACA	2.71778089486424
TACATAGA	0.774896477838674
TACATATA	2.4395013244773
TACATCAA	1.53321410910876
TACATCCA	1.17623321708037
TACATCGA	1.50544900069177
TACATCTA	1.36021246674822
TACATGCA	1.64746886721936
TACATGGA	0.404999185012299
TACATGTA	0.745082302546584
TACATTAA	0.501081177667825
TACATTCA	1.77005106770595
TACATTGA	0.107462854594068
TACCAAAA	1.06327218919868
TACCAATA	3.33632953398272
TACCACAA	1.04595422265808
TACCACCA	0.463955804914948
TACCACGA	0.593072243983898
TACCACTA	0.569609239041223
TACCAGAA	0.857203667076359
TACCAGCA	0.264470531768063
TACCAGGA	0.138745900196203
TACCATAA	2.13730468227067
TACCATGA	1.02648916845624
TACCCAAA	1.58884378821103
TACCCAGA	0.537898793981849
TACCCATA	1.74915390098886
TACCCCAA	0.228442126930733
TACCCCTA	0.675741245241033
TACCCGCA	0.111145120744223
TACCCTAA	0.225172845416326
TACCGACA	1.07451863292681
TACCGATA	0.815252932829003
TACCGCAA	1.46756324610518
TACCGCCA	0.889233400431783
TACCGCGA	0.271298832708866
TACCGCTA	0.200454309521691
TACCGGCA	0.0463252721996665
TACCGTAA	0.955267697687048
TACCGTCA	0.455394842430795
TACCGTGA	1.1982669924721
TACCTAAA	1.53708737164368
TACCTACA	0.203095104819041
TACCTAGA	0.578603366911211
TACCTATA	0.818933036755935
TACCTCAA	1.15333743536341
TACCTCCA	0.0587263431293107
TACCTCGA	0.0274310449289097
TACCTCTA	0.554877291476304
TACCTGCA	0.335731643296361
TACCTGGA	0.374452736788411
TACCTTAA	1.7883665398938
TACGAAAA	0.568244876186997
TACGAACA	3.0681215993723
TACGAAGA	1.29534649077488
TACGAATA	0.313508313002004
TACGACAA	0.093447323657309
TACGACGA	0.689804345088718
TACGACTA	1.00106214408527
TACGAGTA	0.277772529040963
TACGATAA	0.799792316037663
TACGCAAA	0.216032407108192
TACGCACA	2.12756891183491
TACGCAGA	0.364654982620239
TACGCCTA	0.179612639867351
TACGCGAA	0.0831248699868236
TACGCGCA	0.330277074843753
TACGCGGA	0.965983675984267
TACGCGTA	1.32176957931096
TACGCTAA	0.83070490072745
TACGCTCA	0.0767794655660055
TACGCTGA	0.0411431438732614
TACGGAAA	2.25920073725423
TACGGACA	0.901324552699348
TACGGATA	1.0960399614145
TACGGCAA	0.997727275133074
TACGGCCA	0.058158399162524
TACGGCTA	0.43476651213454
TACGGGAA	1.10660025963961
TACGGTAA	1.13058003593277
TACGGTCA	0.649811864341063
TACGGTGA	0.518766722156472
TACGTAAA	1.50322839744091
TACGTACA	0.491388651696544
TACGTATA	0.852656511636678
TACGTCAA	1.99194706382658
TACGTCGA	0.109428315504515
TACGTCTA	0.857530883524229
TACGTGAA	1.22850280129284
TACGTTAA	1.15798189084816
TACGTTCA	0.921337370117892
TACGTTGA	1.65890774881441
TACTAAAA	2.55933029405889
TACTAACA	1.33051433076914
TACTAAGA	1.7873560609072
TACTAATA	1.24650691333646
TACTACAA	0.0365102202457031
TACTACCA	0.336524458478423
TACTACTA	2.03452700503207
TACTAGAA	0.266193823677441
TACTAGCA	0.538683681012091
TACTAGTA	0.453301810350144
TACTATAA	2.32969786324345
TACTATCA	1.09378548333314
TACTATGA	0.722479862446987
TACTCAAA	1.01563264564947
TACTCAGA	0.852183705491738
TACTCATA	0.98633307948465
TACTCCAA	1.06664165372246
TACTCCCA	0.680473631136887
TACTCCTA	0.421310997012749
TACTCGAA	1.25746866434012
TACTCTCA	0.257621329336097
TACTCTGA	0.568265056937084
TACTGAAA	1.11579835723371
TACTGACA	1.75055646312004
TACTGATA	1.15256912537788
TACTGCAA	0.785500020528256
TACTGCCA	0.431066948198595
TACTGCGA	0.0689637493529945
TACTGCTA	0.818091211180796
TACTGGAA	0.944774428381881
TACTGGCA	0.530549397244106
TACTGGGA	0.666685854379702
TACTGTAA	2.26250461434022
TACTGTGA	0.744628235669583
TACTTAAA	1.90970762424991
TACTTACA	1.27795068419823
TACTTAGA	0.0745639075026718
TACTTATA	1.07380293703973
TACTTCAA	1.24214570909403
TACTTCCA	0.78970049951105
TACTTCGA	0.848977849191898
TACTTCTA	1.42092409116752
TACTTGAA	0.721126310708879
TACTTGCA	0.725782298050825
TACTTGGA	0.381621948257502
TACTTTAA	2.0270082341418
TACTTTCA	1.3185500289307
TACTTTGA	1.05134464515505
TAGAAAAA	1.90680592068356
TAGAAACA	0.944056570271575
TAGAAAGA	1.02112757560226
TAGAAATA	1.2198704854423
TAGAACAA	0.823536409999433
TAGAACCA	0.252170364588863
TAGAACGA	1.69810381067463
TAGAACTA	1.37156702163753
TAGAAGGA	1.23365970368163
TAGAATAA	2.79458162229195
TAGACAAA	0.94919473339243
TAGACACA	0.833698138410281
TAGACATA	2.02344272804573
TAGACCGA	1.15760206030184
TAGACCTA	1.03852266143784
TAGACGAA	1.13154222526737
TAGACGCA	0.631032234901167
TAGACTCA	0.200376469485633
TAGACTGA	1.08314013766123
TAGAGAAA	1.61662547367274
TAGAGACA	1.18212743758849
TAGAGAGA	0.0214553806793643
TAGAGATA	1.35383607046119
TAGAGCCA	0.257462045558608
TAGAGCGA	0.0883041153489326
TAGAGGAA	0.802758165559661
TAGAGTAA	0.164433832836182
TAGAGTCA	0.0752637470861108
TAGAGTGA	0.902460440632924
TAGATAAA	0.572283188428005
TAGATACA	0.746256389757114
TAGATAGA	1.23365970368163
TAGATCAA	1.08510343634845
TAGATCCA	0.550196798937824
TAGATCGA	0.0284436861387288
TAGATTAA	0.779936620173384
TAGATTCA	0.449466026351098
TAGATTGA	0.429694657192548
TAGCAAAA	0.448986733536487
TAGCAACA	0.927178976527562
TAGCAAGA	2.53542042964996
TAGCAATA	1.08773846571721
TAGCACAA	1.12426562337816
TAGCACGA	0.618302506041502
TAGCACTA	1.39113730403627
TAGCAGGA	0.448928353509444
TAGCATAA	0.263020400725959
TAGCATCA	0.544250685072337
TAGCATGA	0.405419377058793
TAGCCAAA	0.284851647875729
TAGCCATA	0.428537147026734
TAGCCCAA	0.298287702988507
TAGCCCGA	1.05490870976897
TAGCCGAA	0.556576798930223
TAGCCGCA	0.806638635505331
TAGCCTAA	0.0236421090997144
TAGCCTGA	0.501724799447447
TAGCGAAA	0.0848820367267091
TAGCGCCA	0.48378699558269
TAGCGCGA	0.0285755817553827
TAGCGGAA	1.49488149505592
TAGCGTAA	0.327331406071845
TAGCGTCA	0.469741914261872
TAGCTCAA	0.327594476564075
TAGCTCGA	0.525646916454647
TAGCTGAA	1.70867419927478
TAGCTGCA	0.492739320470354
TAGCTTGA	0.0552927326498964
TAGGAAAA	0.570908014457659
TAGGAACA	1.60452855547657
TAGGAATA	0.0417211782150933
TAGGACAA	1.00083871435214
TAGGATAA	1.08466594651617
TAGGCAAA	0.417534313781821
TAGGCACA	0.0996377687470867
TAGGCCAA	0.322203333326033
TAGGCCGA	0.991033752773222
TAGGCCTA	0.237978252088824
TAGGCGAA	0.583559903281266
TAGGCGCA	0.647220079436785
TAGGCTGA	0.10317876964662
TAGGGAAA	1.24718801365196
TAGGGCAA	1.64254764716196
TAGGGCCA	0.0391654303645449
TAGGGGCA	0.883617385978465
TAGGGTAA	0.687518154400071
TAGGGTCA	0.403478421344884
TAGGGTGA	0.55341274561271
TAGGTAAA	1.6454781803713
TAGGTACA	0.377399126301395
TAGGTAGA	1.50753554610275
TAGGTCCA	0.109505434799498
TAGGTGCA	0.659520967357058
TAGGTTAA	0.147879131093591
TAGGTTGA	0.310545346444304
TAGTAAAA	0.832579548262496
TAGTAACA	1.19164554421971
TAGTAAGA	1.80548486115673
TAGTAATA	0.494260804878844
TAGTACAA	1.03870212596541
TAGTACCA	0.000680739944964326
TAGTACGA	1.60134143844467
TAGTAGAA	2.22917610556836
TAGTATAA	0.614345637541924
TAGTATGA	0.0308005094526855
TAGTCAAA	0.809655657643625
TAGTCACA	1.12499213038136
TAGTCAGA	0.147879131093591
TAGTCATA	0.6218161187802
TAGTCCAA	1.78992910654354
TAGTCCCA	0.801761380653483
TAGTCGGA	0.261722346050596
TAGTCTAA	0.787053938285103
TAGTCTGA	0.537194629951959
TAGTGAAA	0.906960747902756
TAGTGACA	1.59647139100357
TAGTGCGA	0.765885052182893
TAGTGGAA	1.32723279665646
TAGTGGCA	0.887604525603177
TAGTGTAA	0.953399536821673
TAGTGTCA	0.918027727103308
TAGTTACA	0.32332841014349
TAGTTAGA	0.138184442899084
TAGTTATA	3.24761351510966
TAGTTCAA	0.682184670447997
TAGTTCCA	0.44200923919324
TAGTTCGA	1.4851161742361
TAGTTGAA	1.5633446897326
TAGTTGCA	0.760128493220027
TAGTTTAA	1.0745899862932
TAGTTTCA	1.14161097807959
TAGTTTGA	0.307288317528166
TATAAAAA	2.20329141061501
TATAAACA	0.524015158661742
TATAAAGA	1.4532161742741
TATAAATA	2.94738017159025
TATAACCA	1.71831627337084
TATAACGA	2.03357274384929
TATAAGAA	2.44418830368545
TATAAGCA	0.847338163247173
TATAAGGA	3.07011588992573
TATAATAA	2.12496847803774
TATAATCA	1.6521421523471
TATAATGA	1.15477459306617
TATACAAA	2.08316549571068
TATACACA	0.23978226699856
TATACAGA	2.23202879874164
TATACATA	1.18534842945089
TATACCAA	1.58171133453675
TATACCCA	0.342277413735918
TATACCGA	1.07051131255201
TATACGAA	0.1350139029119
TATACGGA	0.483666631823232
TATACTAA	0.956750982818583
TATACTCA	0.145928805745711
TATACTGA	1.36503134157302
TATAGAAA	1.75806370215312
TATAGACA	1.11593241507359
TATAGAGA	0.122136422131942
TATAGATA	0.401862519855621
TATAGCAA	0.675189878318961
TATAGGCA	0.816389541503655
TATAGTAA	0.988000874331286
TATAGTCA	0.82704209458631
TATAGTGA	0.782287677558743
TATATAAA	1.02439685711666
TATATACA	0.824885637291093
TATATAGA	1.29816602985874
TATATATA	1.11414281498534
TATATCAA	0.492626884862716
TATATCCA	1.05679560990229
TATATCGA	0.798149026387564
TATATGAA	1.42395696960946
TATATGCA	2.03636633625446
TATATGGA	1.07419862388969
TATATTAA	2.51746676948156
TATATTCA	0.617953667361394
TATATTGA	0.186790500229338
TATCAAAA	1.49992596183707
TATCAACA	1.16319212807648
TATCAAGA	3.1740979255
TATCAATA	0.586095470381726
TATCACAA	0.92825432221087
TATCACCA	0.822419261333797
TATCACGA	0.951883097600704
TATCAGAA	0.842862361173878
TATCAGGA	0.174071582485793
TATCATAA	2.4928851743911
TATCATCA	0.463955804914948
TATCATGA	0.360425673994459
TATCCAAA	0.943430967018816
TATCCATA	0.27153883948671
TATCCCAA	0.212339329841918
TATCCCCA	0.423494121727725
TATCCCGA	0.149473410350616
TATCCGCA	0.684214277314084
TATCCGGA	0.492626884862716
TATCCTAA	0.994830616754238
TATCCTGA	1.64770743251506
TATCGAAA	2.00355964402061
TATCGACA	1.22899074300035
TATCGATA	0.0949724117711728
TATCGCAA	0.34387457595724
TATCGCCA	0.107692050255793
TATCGGAA	1.12817780593112
TATCGGGA	0.468448904774032
TATCGTAA	1.27157572939335
TATCGTCA	0.610501204649983
TATCGTGA	1.35036281922267
TATCTAAA	1.54872733999855
TATCTAGA	0.363315845703622
TATCTCAA	1.00436457968911
TATCTCCA	1.37370113595944
TATCTGAA	0.794997946409394
TATCTGCA	1.19431156545468
TATCTGGA	0.201361001793542
TATCTTAA	1.37587777400474
TATGAAAA	0.0313050282049082
TATGAACA	0.721165230726908
TATGAAGA	1.06407221179149
TATGAATA	0.663911001242475
TATGACAA	0.769131990723988
TATGACCA	1.59407780989481
TATGACGA	0.794902808587545
TATGAGAA	0.160986528276347
TATGATAA	2.747292358905
TATGATCA	1.35587144325587
TATGATGA	0.469193430304098
TATGCAAA	0.918130793076975
TATGCACA	1.04306981687752
TATGCAGA	0.89260935162523
TATGCCAA	1.14164989809762
TATGCGAA	0.96010026659227
TATGCGCA	0.421310997012749
TATGCGGA	0.239368561621736
TATGCTAA	0.159568109841526
TATGGAAA	1.3100813213041
TATGGACA	0.175969293735226
TATGGAGA	0.346526903111786
TATGGCAA	0.729029957332992
TATGGTAA	0.967115960212471
TATGTAAA	0.993133271523544
TATGTACA	1.51712284387714
TATGTAGA	0.358377327860433
TATGTCAA	1.57949145202696
TATGTCCA	0.856755366127954
TATGTCGA	0.865953463722057
TATGTGAA	1.67295138865308
TATGTGGA	1.29951093270395
TATGTTAA	0.997673219552479
TATGTTGA	0.425938875452785
TATTAAAA	1.22677086049056
TATTAACA	2.67737254651654
TATTAAGA	1.79780536500682
TATTAATA	0.30019190090761
TATTACAA	1.89751989267835
TATTACCA	0.831576997427722
TATTACGA	1.08388682541452
TATTAGAA	1.93530978870201
TATTAGCA	0.0428851750505807
TATTAGGA	0.721057119565718
TATTATAA	0.585781227273198
TATTATCA	1.42386327326976
TATTATGA	0.817244340418136
TATTCAAA	2.23247421672575
TATTCACA	1.50211989766817
TATTCCAA	1.31151271307826
TATTCCCA	0.479958418994391
TATTCGAA	2.09382093175763
TATTCGCA	0.184233310896643
TATTCGGA	0.732627176036344
TATTCTCA	1.50047084208948
TATTCTGA	0.29981134962022
TATTGAAA	0.367648941044145
TATTGACA	1.11410245348516
TATTGAGA	0.869162202986197
TATTGCAA	1.02740162665669
TATTGCGA	0.820616687906209
TATTGGAA	0.598597445061816
TATTGGCA	1.05477825563447
TATTGTAA	0.827407510311134
TATTGTCA	1.76608699179562
TATTGTGA	1.45471027052176
TATTTAAA	2.6763008045386
TATTTACA	1.04012342736453
TATTTAGA	0.584029826461908
TATTTCAA	2.21336016342724
TATTTCCA	1.21025652024815
TATTTCGA	1.53008320988068
TATTTGCA	1.25800201273533
TATTTGGA	0.0848820367267091
TATTTTAA	1.42314109071301
TATTTTCA	0.586974774492744
TATTTTGA	2.35262031238017
TCAAAAAA	2.19776765101924
TCAAAACA	0.115359293807435
TCAAAAGA	0.593349008556545
TCAAACAA	2.36304799424755
TCAAACGA	1.24290825315096
TCAAAGAA	0.837779695115768
TCAAAGCA	0.807729116751208
TCAAAGGA	0.691673947436241
TCAAATCA	0.491219998285087
TCAAATGA	0.315687834011608
TCAACAAA	0.894468142856635
TCAACACA	1.17474704898454
TCAACAGA	0.0757307873024553
TCAACCAA	0.705953269606305
TCAACGAA	1.08129071606379
TCAACGCA	1.04631747615969
TCAACGGA	0.944406129692757
TCAACTAA	1.65891495622516
TCAACTGA	0.737475601245209
TCAAGAAA	0.836332447037963
TCAAGACA	0.674100838555234
TCAAGAGA	1.69947898464497
TCAAGCAA	2.29245140599004
TCAAGGAA	0.288884914929217
TCAAGGGA	0.55996356123979
TCAAGTAA	0.721126310708879
TCAAGTCA	1.14411194960847
TCAATAAA	1.97667888490216
TCAATACA	0.287341087547413
TCAATAGA	0.772819302061663
TCAATCGA	0.672203848046876
TCAATGAA	0.98648011066387
TCAATGCA	0.288279492426548
TCAATGGA	1.09834849507646
TCAATTAA	0.481869103583169
TCAATTCA	0.607084891956358
TCAATTGA	0.039684363938261
TCACAAAA	1.35160105238884
TCACAACA	0.263020400725959
TCACAAGA	0.723664760773636
TCACACAA	1.38495767006261
TCACACCA	1.07990401023625
TCACAGAA	0.352777169710755
TCACAGCA	0.148480949890885
TCACAGGA	0.203095104819041
TCACATAA	0.862232998294948
TCACATGA	0.205998249867548
TCACCAAA	1.13816943944836
TCACCACA	0.308842235285014
TCACCCAA	1.1412333097565
TCACCTCA	0.244179508294723
TCACCTGA	1.41171374097515
TCACGAAA	0.457244264028231
TCACGACA	0.173112276115494
TCACGCAA	0.611504476225833
TCACGCCA	0.681635465749151
TCACGGAA	0.772272980327114
TCACGTAA	0.89751976056651
TCACTAAA	1.49396903685547
TCACTCAA	0.875782209756438
TCACTCGA	0.0724924976542573
TCACTGAA	1.61305924683559
TCACTGCA	0.551246918683523
TCACTTAA	2.38934279087234
TCAGAAAA	0.0723418627696651
TCAGAAGA	0.627215190170061
TCAGACAA	0.928794878016824
TCAGAGAA	0.983556784865274
TCAGATAA	0.425879774684667
TCAGCAAA	0.0686019373335421
TCAGCACA	0.0820956517322878
TCAGCCAA	0.552667499341568
TCAGCCGA	0.0498266323400947
TCAGCGGA	0.133015287912022
TCAGCTAA	1.52220478919417
TCAGCTCA	0.853101208879711
TCAGGAAA	0.815616907071679
TCAGGACA	0.0147885257392713
TCAGGCAA	0.531013554496152
TCAGGGCA	0.088375468715317
TCAGGTCA	0.468102949058222
TCAGTAAA	1.32375522097149
TCAGTACA	0.77761943761853
TCAGTAGA	0.463955804914948
TCAGTCGA	0.271640463978228
TCAGTTAA	1.98595986771984
TCAGTTCA	1.3884345250065
TCATAAAA	1.35394057791701
TCATAACA	1.82585804911257
TCATAAGA	0.859285167299817
TCATACAA	1.12230088320879
TCATACGA	0.053610522981769
TCATAGAA	0.172519106211095
TCATAGCA	1.248801752918
TCATAGGA	0.0187079157029716
TCATATAA	2.04907876732833
TCATATCA	1.11035099619185
TCATCAAA	1.86557953121618
TCATCCAA	0.62205252185267
TCATCCCA	0.449352149261311
TCATCGCA	0.379138274514415
TCATCGGA	0.0226979382919819
TCATCTAA	0.0678047977050313
TCATGACA	0.543836979695515
TCATGAGA	0.633707625770099
TCATGCAA	1.02143677352326
TCATGCCA	0.43018620260543
TCATGCGA	0.28122343730617
TCATGGAA	0.767004363071755
TCATGTAA	0.075535466471239
TCATGTCA	0.0308005094526855
TCATTAAA	2.11480747036797
TCATTACA	1.52412844712229
TCATTAGA	1.01067755076157
TCATTCAA	0.691673947436241
TCATTGAA	1.61914374298741
TCATTGGA	0.103345981575927
TCATTTAA	2.05857741395055
TCATTTCA	0.955750594207033
TCCAAAAA	1.87513079193684
TCCAAACA	1.76782686074972
TCCAAAGA	0.45338397483265
TCCAACAA	1.23857804077473
TCCAACCA	0.337294930687177
TCCAACGA	0.102687944974814
TCCAAGAA	1.34199573608759
TCCAATAA	0.973417399427738
TCCAATCA	0.862232998294948
TCCACAAA	1.80207575587385
TCCACACA	0.412664266340718
TCCACCAA	0.258001880623487
TCCACGAA	0.976344328931706
TCCACGGA	0.186019307279512
TCCACTAA	0.267914232622523
TCCACTCA	0.890963179010834
TCCAGAAA	0.754054087443261
TCCAGACA	0.700675282716975
TCCAGCAA	0.0927186544308832
TCCAGCCA	0.408106299784919
TCCAGCGA	0.467042738937479
TCCAGGAA	0.254780888761081
TCCAGTAA	0.0658249219730916
TCCAGTCA	0.668304638833264
TCCATAAA	1.07451863292681
TCCATACA	1.32720252553133
TCCATCCA	0.736384399258258
TCCATTAA	1.09120595102713
TCCATTCA	1.2241048392556
TCCCAACA	0.199926727055082
TCCCACAA	1.94494897983377
TCCCACGA	0.587289017601271
TCCCCAAA	1.30005869592065
TCCCCTAA	0.0863206359116191
TCCCGAAA	1.00017274959921
TCCCGACA	0.310039386209931
TCCCGAGA	1.20571801370137
TCCCGCAA	1.32166363037299
TCCCGTAA	0.075700516177323
TCCCTAAA	0.267553862085221
TCCCTCAA	0.683817869723053
TCCCTGAA	0.0287766685151961
TCCGAAAA	0.191104856301921
TCCGAAGA	0.632176050986564
TCCGACAA	0.287785064049369
TCCGACGA	1.00425358556362
TCCGATAA	0.87128983063843
TCCGCACA	0.398057006981709
TCCGCTAA	0.807148920186151
TCCGGTAA	0.441185432144968
TCCGTAAA	0.336938163855247
TCCGTACA	0.549695163149899
TCCGTAGA	1.91174876297319
TCCGTCAA	1.17837381807195
TCCGTCCA	0.302935041437557
TCCGTGCA	0.136710527401519
TCCGTTAA	0.494762440666769
TCCGTTCA	0.507348742052587
TCCTAAAA	1.26748840675927
TCCTAACA	0.922061714897868
TCCTAAGA	1.43885684984476
TCCTAGAA	0.282816275081046
TCCTATAA	1.76614320959944
TCCTATCA	0.0945760041801399
TCCTCACA	0.631199446830476
TCCTCGCA	1.24712458843739
TCCTCTAA	1.56333099565218
TCCTGAAA	0.423633945496198
TCCTGACA	0.143273595626867
TCCTGAGA	0.560003922739969
TCCTGGAA	0.396386329170776
TCCTGGCA	0.54901262135225
TCCTTAAA	2.3456493047066
TCCTTACA	1.64354082836277
TCCTTCAA	1.17099126724477
TCCTTGAA	0.121041616439617
TCCTTGCA	1.10680206714049
TCCTTTAA	0.676406489252893
TCCTTTCA	1.1295803680623
TCGAAAAA	0.641642985001496
TCGAAACA	0.449931625085294
TCGAAAGA	0.207443335722131
TCGAACAA	1.23834884511301
TCGAACCA	0.574876414814431
TCGAAGCA	0.497261249972423
TCGAATAA	0.594169211899446
TCGACAAA	1.06457817202587
TCGACCAA	0.720300341437383
TCGACTCA	0.678494476146023
TCGAGAAA	1.56210357360213
TCGAGACA	0.468102949058222
TCGAGAGA	0.290149094774072
TCGAGCAA	1.25846184554092
TCGAGCGA	1.01681682323505
TCGAGGCA	0.961006958864123
TCGAGTAA	2.6229169546248
TCGATAAA	1.59781196940234
TCGATAGA	0.162864058775693
TCGATCAA	0.192697694076797
TCGATCGA	0.197036555345915
TCGATGCA	0.268561458107517
TCGATTAA	0.171617459126765
TCGATTCA	0.433087906171787
TCGCAAAA	2.1310032430554
TCGCAACA	1.59688870008577
TCGCAAGA	0.47242739550585
TCGCACAA	0.249976428757767
TCGCACGA	0.653076100667947
TCGCATAA	0.278687870205712
TCGCCACA	0.492463997379855
TCGCCGAA	0.165610803011011
TCGCCTAA	0.68836934960918
TCGCGCAA	0.0745559793508499
TCGCGCGA	1.78882781418154
TCGCGGAA	0.50538472262429
TCGCGTAA	1.14295299796051
TCGCGTCA	0.00565097039543646
TCGCTAAA	0.582591227276998
TCGCTGAA	0.96494941254221
TCGCTTAA	0.673877408822107
TCGGAAAA	3.42591620807391
TCGGACAA	0.563317169459925
TCGGACCA	0.202289316297634
TCGGAGCA	0.214661557584294
TCGGATAA	0.147103613697316
TCGGATCA	0.453424336332827
TCGGCAGA	1.22091988444692
TCGGCCCA	0.125709856379831
TCGGCGAA	0.176868778596332
TCGGGAAA	1.4034677423406
TCGGGACA	0.373347119979968
TCGGGAGA	0.170271114799402
TCGGGCAA	0.584041358319102
TCGGGTAA	0.161429063296155
TCGGTAAA	0.92486828064238
TCGGTACA	0.0168109251946119
TCGGTAGA	0.10141655771921
TCGGTCAA	0.0125268402471631
TCGGTCCA	0.581579306808254
TCGGTTAA	1.73857702571904
TCGTAACA	0.819474313302963
TCGTAAGA	0.36264699798639
TCGTACAA	1.12480473770197
TCGTACCA	0.838354846493302
TCGTAGCA	1.16354745342626
TCGTATAA	0.405740106836993
TCGTCAAA	0.593487390842869
TCGTCACA	0.0964211013311264
TCGTCCCA	0.0910025699322513
TCGTCGCA	0.431844627818093
TCGTCTAA	0.166510287872116
TCGTCTCA	0.0600445785547641
TCGTGAAA	0.0239390544224507
TCGTGAGA	0.435290490895777
TCGTGCAA	0.0253041380177514
TCGTGGAA	1.70660062720314
TCGTGTAA	0.601790328022313
TCGTTAAA	2.49843632214771
TCGTTACA	0.732676907170492
TCGTTCAA	0.21886059508494
TCGTTCCA	0.218694824637781
TCGTTGAA	0.445336179993615
TCGTTGCA	0.874619654403103
TCGTTTAA	2.32257261697991
TCGTTTCA	0.734529211732224
TCTAAAAA	0.884838321358845
TCTAAACA	0.534585547261891
TCTAAAGA	0.555678755551267
TCTAACAA	1.1026866356045
TCTAACCA	0.615604051458182
TCTAAGAA	0.897005151439244
TCTAAGCA	0.817307765632701
TCTAATAA	1.87879503956013
TCTAATCA	1.61228661240362
TCTACAAA	1.45238443907401
TCTACACA	0.837351574917452
TCTACAGA	0.803677110429781
TCTACCAA	1.13988696542914
TCTACGAA	0.574138375954038
TCTACTAA	0.588570495231918
TCTACTCA	0.972872519175338
TCTAGAAA	1.87330587553594
TCTAGACA	0.713928990337879
TCTAGAGA	1.06844566863219
TCTAGGAA	0.200598457736611
TCTAGGCA	0.270831792492522
TCTAGTAA	0.38521700473763
TCTAGTCA	1.08602742640609
TCTATAAA	1.75806370215312
TCTATAGA	0.273518715218648
TCTATCAA	0.25045283860808
TCTATGAA	1.44676842462069
TCTATGCA	0.479654987001982
TCTATTAA	0.33919408341876
TCTATTCA	0.186900052872679
TCTCAAAA	2.57930274997726
TCTCAACA	0.722977894529539
TCTCACAA	0.483522483608311
TCTCACCA	0.0723887109395141
TCTCAGAA	0.763553454806548
TCTCATAA	0.590958310412083
TCTCATCA	1.44316904369412
TCTCCAAA	0.438742840643133
TCTCCCAA	0.153094413509429
TCTCCGAA	0.674341566074152
TCTCCTAA	0.478562343532882
TCTCCTCA	0.34000491712769
TCTCGAGA	0.0489365171129587
TCTCGCAA	0.104990712708174
TCTCGGAA	0.133535662967885
TCTCGGCA	0.499459510249965
TCTCTACA	0.573868818792135
TCTCTCAA	0.527386785408741
TCTCTGAA	0.591936356050321
TCTCTTAA	1.64682452469867
TCTCTTCA	1.55234257722876
TCTGAAAA	2.16144518382347
TCTGAACA	1.05340956833379
TCTGAAGA	0.300134241621642
TCTGAGAA	1.21815944613119
TCTGATAA	1.96163846015732
TCTGATCA	0.711219003897365
TCTGCAGA	2.15617224212167
TCTGCCAA	0.771154390179327
TCTGGAAA	1.87075877657828
TCTGGACA	0.432184817605306
TCTGGCAA	0.0582254280824618
TCTGGGAA	0.0931150620219162
TCTGGTAA	0.836411728556168
TCTGTAAA	1.81152971654944
TCTGTGAA	1.10691378200706
TCTGTGCA	0.704722243850882
TCTGTTAA	1.63698352606602
TCTGTTCA	0.0252407128031874
TCTTAAAA	2.07209058835831
TCTTAACA	1.17638673492926
TCTTAAGA	2.45832347764059
TCTTACAA	0.639454815098995
TCTTAGAA	0.806907471926158
TCTTAGCA	1.63261439367176
TCTTATAA	2.08729966651461
TCTTATCA	1.33764678444342
TCTTCAAA	2.04871983827318
TCTTCACA	1.35099635062725
TCTTCCAA	0.45338397483265
TCTTCCCA	0.235763414766565
TCTTCGAA	0.518515183521434
TCTTCGCA	0.402091715517345
TCTTCTCA	0.733556211281508
TCTTGAAA	0.951312270669618
TCTTGACA	0.025686851528367
TCTTGGAA	0.513697029437703
TCTTGGCA	0.794558294353884
TCTTGTAA	0.901170314109383
TCTTGTCA	0.017776718234582
TCTTTAAA	2.66842166311103
TCTTTACA	1.26667252786282
TCTTTCAA	0.411588199916335
TCTTTCCA	1.80563693752347
TCTTTGAA	1.47980142955197
TCTTTGCA	1.23570156314599
TCTTTTAA	1.95493556816349
TGAAAAAA	1.86551610600161
TGAAAACA	3.12795031597522
TGAAACAA	1.41840942555823
TGAAACCA	1.15163072049875
TGAAAGAA	2.12106782734198
TGAAAGCA	3.12595962912716
TGAAATAA	1.09192669210173
TGAAATCA	1.52579912493323
TGAACAAA	1.15591048099975
TGAACACA	1.5431970937331
TGAACCAA	0.424761905277954
TGAACGAA	1.80659408167055
TGAACGCA	0.916344796694106
TGAACTAA	1.64072705520751
TGAACTCA	1.2442409033979
TGAAGAAA	1.0014614346406
TGAAGACA	1.08522452084899
TGAAGCAA	0.658880228541737
TGAAGGAA	0.143262063769675
TGAAGGCA	0.907025614599471
TGAAGTAA	0.482016855503463
TGAAGTCA	0.876926025841836
TGAATAAA	0.655511484759035
TGAATACA	1.81562929178179
TGAATGAA	1.33894844282416
TGAATGCA	1.25887843388205
TGAATTAA	1.63244357803708
TGACAAAA	0.67532609838206
TGACAACA	0.822080513028732
TGACACAA	0.97645604379827
TGACAGAA	0.289121318001687
TGACATAA	0.908493043427364
TGACATCA	0.661392731927808
TGACCAAA	1.26230339546857
TGACCCCA	0.0983685437147089
TGACCGAA	0.384383828055386
TGACCTAA	0.918577652543231
TGACCTCA	0.460174797237573
TGACGAAA	1.25846184554092
TGACGCAA	0.127538376486102
TGACGGAA	2.04779945192091
TGACGTAA	2.26754691889815
TGACGTCA	1.03969819013052
TGACTAAA	1.02472695652883
TGACTACA	1.07913425876858
TGACTGAA	0.844814128003907
TGACTGCA	1.03080568675205
TGACTTAA	0.344530450335131
TGAGAAAA	2.39458762367224
TGAGAACA	1.66504846277004
TGAGACAA	0.681315456712025
TGAGACCA	0.207405136445177
TGAGATAA	0.512858086826864
TGAGCAAA	0.100801044841498
TGAGCACA	0.357996776573042
TGAGCGAA	0.638310278272524
TGAGCTAA	0.480230138379518
TGAGGGAA	0.667217040551687
TGAGGTAA	1.06954984395849
TGAGTAAA	0.98633307948465
TGAGTACA	0.249112260209315
TGAGTTAA	0.127141968895069
TGATAAAA	2.18412690544128
TGATACAA	0.898800517456084
TGATAGAA	1.10871131024712
TGATAGCA	0.613319302251687
TGATATAA	2.29617475438144
TGATATCA	0.880972266234667
TGATCAAA	0.262106501043361
TGATCGCA	0.164832402650438
TGATGAAA	0.0884511465281511
TGATGACA	0.420819451599868
TGATGCAA	0.234725547619136
TGATGGAA	0.385772696106149
TGATGGCA	0.0545979382539767
TGATGTAA	1.17404865088324
TGATTAAA	1.54701630068743
TGATTACA	0.561240714423988
TGATTCAA	0.38421373316178
TGATTCCA	0.359642949187438
TGATTGAA	1.26304720025756
TGATTGCA	1.0649716966526
TGATTTAA	0.974540314021972
TGCAAAAA	2.25923461208474
TGCAACAA	1.42840970796837
TGCAAGAA	0.217127212800515
TGCAATAA	1.50815826639121
TGCACAAA	0.662622316201083
TGCACACA	0.570850355171692
TGCACCAA	0.732666816795447
TGCACGAA	1.86749958543892
TGCAGAAA	2.10324966649561
TGCAGCAA	0.254199971454949
TGCAGGAA	0.102293699607005
TGCAGTAA	0.472720016382138
TGCATAAA	2.24722634504075
TGCATCAA	1.82789198042511
TGCATCCA	0.31983786111918
TGCATTAA	1.5137663526927
TGCCAAAA	1.9388861059142
TGCCAACA	0.771154390179327
TGCCAGAA	0.103707072854305
TGCCATAA	0.829158190381348
TGCCCAAA	0.446163590747262
TGCCCTAA	0.742071046336885
TGCCGAAA	0.888711583893769
TGCCGGCA	1.26917422013277
TGCCGTAA	0.548000700883505
TGCCTAAA	0.816132957681096
TGCCTACA	0.867956403168383
TGCCTGAA	0.253583017095087
TGCCTTAA	1.07068717337421
TGCGACAA	0.241476008523881
TGCGAGAA	0.521810411714526
TGCGCAAA	0.723223667235979
TGCGCCCA	0.752707022374825
TGCGCTAA	0.884479392303692
TGCGGAAA	1.49773274674705
TGCGGCAA	0.720954774333123
TGCGGTAA	0.856146339919914
TGCGTAAA	1.89083501921139
TGCGTGAA	0.140756767794349
TGCGTTAA	2.03636633625446
TGCTAAAA	0.663355309873955
TGCTAACA	0.91093131048275
TGCTACAA	0.281311367717273
TGCTAGAA	0.919247941742613
TGCTAGCA	0.764596367141501
TGCTATAA	2.13138956027139
TGCTCACA	0.425006957243321
TGCTCCAA	0.0402061804762748
TGCTCCCA	0.620426529988361
TGCTCGAA	0.0871336318437737
TGCTCTAA	0.333631403804961
TGCTGAAA	0.182809126533223
TGCTGCAA	1.26126841128543
TGCTGCCA	0.315302958277769
TGCTTAAA	2.06593257661689
TGCTTCAA	0.0376698926347407
TGCTTTAA	0.201885701295855
TGGAAAAA	2.80018754637022
TGGAAACA	2.17106419420515
TGGAACAA	0.577720459094821
TGGAAGAA	0.122151557694508
TGGAATAA	1.31151271307826
TGGACAAA	1.50801411817629
TGGACTAA	1.70702586443716
TGGAGAAA	0.183643744697615
TGGAGACA	1.22719465624243
TGGAGTAA	0.203556379106788
TGGATAAA	2.00509986769704
TGGATGAA	0.658237327503188
TGGATTAA	0.326206329254386
TGGCAAAA	0.0750316684600907
TGGCACAA	0.774020056691954
TGGCATAA	0.479680212939595
TGGCCACA	0.410521503125919
TGGCGAAA	1.51422114031078
TGGCGCAA	0.695330987648784
TGGCTAAA	0.623646801109695
TGGCTACA	0.376724512655564
TGGCTTAA	0.36081415343367
TGGGAAAA	0.555637673310013
TGGGACAA	0.401915854695142
TGGGACCA	0.144390744292504
TGGGCAAA	0.167945283351656
TGGGCACA	0.00470031291803249
TGGGCCAA	0.0605036906192866
TGGGGAAA	1.10331007663404
TGGGGACA	0.938542180309777
TGGGGCAA	0.073476309221093
TGGGTAAA	0.176926437882301
TGGGTCAA	0.437788579460357
TGGGTGAA	0.040120412288397
TGGGTTAA	1.36589911382684
TGGTAAAA	0.943800707190091
TGGTAACA	0.509779801697227
TGGTACAA	1.38345708714529
TGGTAGAA	1.37717799090333
TGGTATAA	2.1918316275288
TGGTCAAA	1.23795604122735
TGGTCCAA	0.107498170906723
TGGTGACA	1.18534842945089
TGGTGCAA	0.335753265528596
TGGTGTAA	0.763733640075198
TGGTTAAA	0.431335063878348
TGGTTACA	0.937395481260079
TGGTTGAA	0.167349230482956
TGGTTTAA	1.72889386938173
TGTAAAAA	2.99438546299381
TGTAAACA	0.423634666237274
TGTAACAA	0.536015497553907
TGTAAGAA	0.804737320550523
TGTAATAA	1.85785246615534
TGTACAAA	3.35011082407024
TGTACACA	0.689807228053015
TGTACCAA	0.0268767950425386
TGTACGAA	0.763480659958013
TGTACTAA	1.0373233482897
TGTAGAAA	1.4918053721495
TGTAGCAA	1.52410610414898
TGTAGGAA	1.07504909835772
TGTAGTAA	0.578826075903264
TGTATAAA	1.40924808575893
TGTATACA	0.502262472289102
TGTATCAA	1.05028659725753
TGTATGAA	1.17802858309721
TGTATTAA	2.9399176185038
TGTCAAAA	0.902695402223246
TGTCACAA	0.368013636027895
TGTCAGAA	0.189050744239298
TGTCATAA	1.0204111589741
TGTCCAAA	1.80737896870079
TGTCCACA	0.220512533627933
TGTCCGAA	0.681207345550835
TGTCCTAA	1.15701033187959
TGTCGAAA	1.07861964964131
TGTCGGAA	0.38969857273952
TGTCGTAA	0.691815933427939
TGTCTAAA	1.11178310870709
TGTCTCAA	0.78887092653418
TGTCTGAA	0.658662564737205
TGTCTTAA	0.968790241728777
TGTGAAAA	0.89090479898379
TGTGAACA	1.23039186364938
TGTGACAA	0.707811340096634
TGTGAGAA	1.50960839743331
TGTGATAA	1.36792799995186
TGTGCAAA	0.632381462192827
TGTGCACA	1.19560457494252
TGTGCTAA	1.61833074705525
TGTGGAAA	0.961256335275937
TGTGGCAA	0.166958588820522
TGTGGTAA	0.46956461195752
TGTGTAAA	1.52349419497664
TGTGTGAA	0.734112623391103
TGTGTTAA	2.14545626382445
TGTTAAAA	2.06296816857704
TGTTAACA	0.277270172511965
TGTTACAA	0.316845344177422
TGTTAGAA	1.27974028428647
TGTTATAA	1.34329162853973
TGTTCAAA	0.979942989117208
TGTTCGAA	0.22889547306666
TGTTCTAA	1.44884415891555
TGTTGAAA	1.42737328230309
TGTTGCAA	0.981956739679652
TGTTGGAA	0.322788575078612
TGTTGTAA	1.3449298730023
TGTTTAAA	1.11364406216172
TGTTTCAA	1.11889898533666
TGTTTGAA	1.97084232368001
TGTTTTAA	3.49832329791083
TTAAAAAA	0.836256048484053
TTAAACAA	0.987271484363786
TTAAAGAA	0.767384914359146
TTAAATAA	1.63479823912782
TTAACAAA	1.92832436620695
TTAACCAA	1.67535145643151
TTAACGAA	3.01104034774577
TTAACTAA	0.309329456251447
TTAAGAAA	1.28375769503632
TTAAGCAA	3.04272844983183
TTAAGGAA	0.919916789459846
TTAAGTAA	3.45751926271317
TTAATAAA	1.02839697008072
TTAATCAA	1.33727632353108
TTAATGAA	2.18880451501546
TTAATTAA	0.904687530553452
TTACAAAA	1.18185139375691
TTACACAA	1.95076824327013
TTACAGAA	3.23682978715142
TTACATAA	4.03208251553069
TTACCAAA	2.09010911522342
TTACCCAA	0.0578016323305942
TTACCGAA	0.426928452948216
TTACCTAA	1.00062825795836
TTACGAAA	0.679181342390121
TTACGCAA	0.865954184463133
TTACGGAA	1.08603607529899
TTACGTAA	2.28314663871689
TTACTAAA	2.04948526529441
TTACTCAA	1.88279587326526
TTACTGAA	1.53867228126674
TTAGAAAA	1.17546851080021
TTAGACAA	1.98203975701507
TTAGAGAA	0.89572871899612
TTAGATAA	1.75991961042023
TTAGCAAA	0.554648095814582
TTAGCGAA	0.0848820367267091
TTAGGCAA	0.450956518893381
TTAGTAAA	1.9266796350747
TTAGTCAA	0.17630155537062
TTAGTGAA	2.49099250832919
TTATAAAA	2.68480843218324
TTATACAA	0.625040714347981
TTATAGAA	2.3792661099083
TTATATAA	0.563314286495626
TTATCAAA	1.60662879496797
TTATCCAA	0.862232998294948
TTATCGAA	1.44762682724055
TTATGAAA	1.66019138866828
TTATGCAA	2.24722634504075
TTATGGAA	1.71926548936609
TTATTAAA	1.22677086049056
TTATTCAA	0.660486039655955
TTATTGAA	1.11792021895734
TTCAAAAA	1.07653814941785
TTCAACAA	0.668836545746323
TTCAAGAA	0.948399035246067
TTCACAAA	0.639745994493136
TTCACCAA	0.276476636588825
TTCACGAA	0.17269857073867
TTCAGAAA	0.499557531036113
TTCAGCAA	0.345360744053075
TTCAGGAA	1.42391372514498
TTCATAAA	1.25544410266156
TTCATCAA	0.906567223276021
TTCCAAAA	2.00355676105631
TTCCACAA	0.0781013046968293
TTCCAGAA	1.03305007445837
TTCCCAAA	1.73261145184454
TTCCCCAA	1.17613735851745
TTCCCGAA	0.846209482724342
TTCCGAAA	1.323383318577
TTCCTAAA	1.38917905053657
TTCCTCAA	0.624146274674395
TTCGAAAA	0.402253161518057
TTCGACAA	1.57369885601037
TTCGAGAA	1.67761530414684
TTCGCAAA	1.22181792782588
TTCGCCAA	1.86676731250713
TTCGCGAA	0.252617224055117
TTCGTAAA	0.344178728690724
TTCGTCAA	1.08929526643835
TTCTAAAA	0.862664722198638
TTCTACAA	1.20664776968761
TTCTAGAA	0.366473412351465
TTCTCAAA	2.88728333930758
TTCTCCAA	0.153029546812715
TTCTGAAA	2.29240672004341
TTCTGCAA	0.911472587029778
TTCTTAAA	0.870583504385318
TTCTTCAA	0.215136525952459
TTGAAAAA	1.89262461929964
TTGAACAA	1.56671559573852
TTGACAAA	0.722805637412707
TTGACCAA	0.690009035553905
TTGAGAAA	2.39458762367224
TTGATAAA	1.12815113851136
TTGCAAAA	0.808441208932917
TTGCACAA	0.963472614080346
TTGCCAAA	1.45559894426675
TTGCGCAA	1.77365909752542
TTGCTAAA	0.242327924474063
TTGGAAAA	2.53565394975813
TTGGACAA	0.967126771328591
TTGGGAAA	1.7160099019321
TTGGTAAA	1.87274658046204
TTGTAAAA	2.91588666959434
TTGTACAA	1.73095086440865
TTGTCAAA	1.57455581714807
TTGTGAAA	0.220535597342321
TTGTTAAA	1.43085013724698
TTTAAAAA	2.4056971265962
TTTACAAA	1.24085558257049
TTTAGAAA	1.58502602273885
TTTATAAA	1.27048885185285
TTTCAAAA	0.502418873102293
TTTCCAAA	4.25956425497951
TTTCGAAA	0.456072339040923
TTTGAAAA	0.56879984681444
TTTGCAAA	1.59110763592637
TTTTAAAA	1.33817004246358
